20130102 8.88 8.99 8.84 8.99 21044800 8.731049
20130103 8.97 9.15 8.95 9.07 22302800 8.808744
20130104 9.11 9.28 9.10 9.26 18345300 8.993272
20130107 9.28 9.29 9.10 9.10 21785000 8.837881
20130108 9.16 9.19 9.08 9.10 34078700 8.837881
20130109 9.33 9.33 9.06 9.08 41789300 8.818456
20130110 9.12 9.12 8.92 8.97 28951800 8.711625
20130111 9.02 9.02 8.89 8.94 19734600 8.682489
20130114 8.98 9.02 8.89 8.92 18716400 8.663065
20130115 8.87 8.95 8.86 8.92 13191000 8.663065
20130116 8.88 8.92 8.84 8.88 13146200 8.624217
20130117 8.92 8.99 8.90 8.94 17852200 8.682489
20130118 8.97 9.02 8.91 9.00 22221400 8.740761
20130122 9.03 9.22 8.96 9.20 23027100 8.935
20130123 9.22 9.24 9.10 9.15 11895400 8.88644
20130124 9.15 9.20 9.01 9.04 13462400 8.779609
20130125 9.07 9.08 9.00 9.03 13014600 8.769896
20130128 9.07 9.09 8.87 8.90 16218700 8.643641
20130129 8.94 8.97 8.88 8.88 11145300 8.624217
20130130 8.91 8.96 8.78 8.80 16706400 8.546522
20130131 8.78 8.88 8.77 8.84 13029800 8.58537
20130201 8.89 9.00 8.86 9.00 18235700 8.740761
20130204 8.92 8.95 8.84 8.86 15077700 8.604793
20130205 8.88 8.97 8.84 8.94 16270900 8.682489
20130206 8.87 8.98 8.87 8.96 16762800 8.731212
20130207 8.94 8.97 8.87 8.90 14288400 8.672744
20130208 8.92 8.97 8.90 8.94 10001700 8.711723
20130211 8.90 8.93 8.86 8.87 8374700 8.64351
20130212 8.87 9.04 8.85 9.03 16258900 8.799425
20130213 9.05 9.10 9.03 9.10 18822800 8.867638
20130214 9.07 9.37 9.04 9.29 31119200 9.052786
20130215 9.34 9.36 9.20 9.32 29783000 9.08202
20130219 9.31 9.32 9.05 9.06 24189600 8.828659
20130220 9.07 9.08 8.75 8.76 29449300 8.536319
20130221 8.75 8.82 8.60 8.66 26681500 8.438873
20130222 8.72 8.73 8.61 8.64 18238000 8.419384
20130225 8.70 8.72 8.41 8.42 24130300 8.205001
20130226 8.48 8.50 8.35 8.41 21915100 8.195256
20130227 8.42 8.57 8.40 8.54 17826800 8.321937
20130228 8.53 8.60 8.47 8.52 22570900 8.302448
20130301 8.45 8.50 8.38 8.44 21044000 8.22449
20130304 8.39 8.42 8.30 8.35 20386100 8.136789
20130305 8.43 8.45 8.35 8.35 16545800 8.136789
20130306 8.44 8.63 8.39 8.57 16232100 8.35117
20130307 8.60 8.66 8.56 8.64 11747400 8.419384
20130308 8.68 8.70 8.60 8.61 15498300 8.390149
20130311 8.61 8.68 8.58 8.67 11026300 8.448617
20130312 8.67 8.70 8.57 8.62 11449700 8.399894
20130313 8.61 8.63 8.48 8.54 13093100 8.321937
20130314 8.52 8.58 8.51 8.55 13042900 8.331682
20130315 8.55 8.63 8.52 8.63 12855800 8.409639
20130318 8.50 8.65 8.50 8.56 12522800 8.341427
20130319 8.56 8.62 8.42 8.48 20771500 8.263468
20130320 8.52 8.59 8.48 8.54 17482500 8.321937
20130321 8.50 8.54 8.45 8.45 8903300 8.234235
20130322 8.47 8.50 8.42 8.45 10798500 8.234235
20130325 8.48 8.48 8.37 8.42 9421100 8.205001
20130326 8.44 8.48 8.35 8.42 18630600 8.205001
20130327 8.36 8.52 8.33 8.49 11196700 8.273213
20130328 8.44 8.55 8.41 8.52 15998200 8.302448
20130401 8.51 8.54 8.33 8.39 21239000 8.175767
20130402 8.42 8.42 8.27 8.30 17506500 8.088065
20130403 8.30 8.32 8.20 8.27 18811600 8.058832
20130404 8.29 8.39 8.20 8.22 22850300 8.010108
20130405 8.14 8.29 8.11 8.24 24236300 8.029597
20130408 8.30 8.41 8.20 8.39 41359200 8.175767
20130409 8.30 8.50 8.28 8.39 41608600 8.175767
20130410 8.43 8.47 8.30 8.31 20837900 8.09781
20130411 8.30 8.40 8.27 8.32 13191300 8.107554
20130412 8.30 8.32 8.17 8.22 21450400 8.010108
20130415 8.14 8.17 8.01 8.04 32459300 7.834704
20130416 8.08 8.20 8.06 8.10 22820600 7.893172
20130417 8.04 8.08 7.93 7.96 27255800 7.756747
20130418 8.00 8.08 7.90 8.03 19079900 7.824959
20130419 8.09 8.11 8.00 8.08 15661700 7.873683
20130422 8.12 8.15 7.99 8.11 14758200 7.902916
20130423 8.12 8.17 8.04 8.12 16267800 7.912661
20130424 8.12 8.45 8.12 8.41 22031100 8.195256
20130425 8.42 8.50 8.34 8.39 18423300 8.175767
20130426 8.35 8.36 8.26 8.27 15141900 8.058832
20130429 8.29 8.44 8.27 8.42 12074900 8.205001
20130430 8.38 8.52 8.31 8.50 14900600 8.282958
20130501 8.45 8.52 8.32 8.43 20182900 8.214746
20130502 8.46 8.49 8.37 8.46 10145000 8.24398
20130503 8.52 8.70 8.50 8.62 21168900 8.399894
20130506 8.66 8.72 8.60 8.69 10426800 8.468106
20130507 8.70 8.75 8.61 8.64 12334600 8.419384
20130508 8.65 8.88 8.65 8.87 20915300 8.64351
20130509 8.82 8.88 8.75 8.79 15510700 8.594622
20130510 8.78 8.80 8.60 8.70 14575800 8.506622
20130513 8.66 8.68 8.51 8.53 12606300 8.3404
20130514 8.52 8.60 8.50 8.56 10825700 8.369734
20130515 8.54 8.55 8.45 8.50 11248000 8.311068
20130516 8.44 8.61 8.40 8.50 16802200 8.311068
20130517 8.56 8.66 8.55 8.61 12582600 8.418622
20130520 8.61 8.77 8.61 8.76 16546200 8.565289
20130521 8.78 8.84 8.68 8.76 13847100 8.565289
20130522 8.76 8.88 8.63 8.69 23044900 8.496844
20130523 8.58 8.59 8.48 8.54 21007400 8.350178
20130524 8.51 8.58 8.45 8.48 13718000 8.291512
20130528 8.58 8.61 8.51 8.59 18448600 8.399067
20130529 8.56 8.68 8.54 8.58 13584800 8.389289
20130530 8.52 8.56 8.46 8.49 17490100 8.30129
20130531 8.47 8.62 8.45 8.50 18112800 8.311068
20130603 8.53 8.59 8.43 8.52 15784100 8.330623
20130604 8.50 8.53 8.35 8.38 13512100 8.193735
20130605 8.34 8.36 8.17 8.20 20763300 8.017736
20130606 8.21 8.27 8.17 8.26 14125200 8.076402
20130607 8.28 8.35 8.20 8.33 9766000 8.144846
20130610 8.34 8.39 8.23 8.36 10934100 8.174179
20130611 8.25 8.30 8.21 8.23 11898800 8.047068
20130612 8.29 8.31 8.16 8.18 11653700 7.998181
20130613 8.18 8.27 8.16 8.20 15101500 8.017736
20130614 8.26 8.30 8.11 8.12 16666200 7.939514
20130617 8.20 8.21 8.10 8.11 12908800 7.929736
20130618 8.12 8.22 8.10 8.21 12444000 8.027514
20130619 8.17 8.22 8.11 8.11 16747000 7.929736
20130620 8.04 8.08 7.97 8.02 39436500 7.841737
20130621 8.06 8.11 7.98 7.98 44970500 7.802626
20130624 7.96 7.97 7.71 7.79 29888900 7.616849
20130625 7.87 7.93 7.83 7.92 16871500 7.743959
20130626 7.96 7.96 7.72 7.75 23754400 7.577738
20130627 7.80 7.87 7.76 7.87 13892500 7.695071
20130628 7.83 7.88 7.78 7.82 14526100 7.646182
20130701 7.83 7.91 7.78 7.86 14323500 7.685293
20130702 7.80 7.89 7.74 7.80 15777300 7.626627
20130703 7.68 7.72 7.63 7.71 11505900 7.538627
20130705 7.77 7.81 7.66 7.81 14897000 7.636404
20130708 7.88 7.94 7.80 7.92 24058800 7.743959
20130709 7.99 8.01 7.78 7.91 40373500 7.734182
20130710 7.89 7.94 7.84 7.92 14691500 7.743959
20130711 8.02 8.11 7.98 8.10 18365900 7.919959
20130712 8.08 8.14 8.02 8.10 19159600 7.919959
20130715 8.09 8.18 8.08 8.17 7514000 7.988403
20130716 8.17 8.18 8.07 8.11 10436100 7.929736
20130717 8.13 8.21 8.12 8.19 10398900 8.007958
20130718 8.19 8.25 8.18 8.21 11850900 8.027514
20130719 8.23 8.23 8.04 8.07 23767400 7.890625
20130722 8.10 8.14 8.07 8.12 8124700 7.939514
20130723 8.15 8.21 8.10 8.14 13853800 7.95907
20130724 8.14 8.14 8.01 8.05 11937500 7.87107
20130725 8.04 8.11 7.93 8.03 12347000 7.851514
20130726 8.00 8.08 7.96 8.07 8731000 7.890625
20130729 8.06 8.06 8.00 8.04 8394100 7.861292
20130730 8.04 8.06 7.98 8.03 11533200 7.851514
20130731 8.02 8.08 7.94 7.95 14872800 7.773292
20130801 8.00 8.08 7.93 7.95 18071900 7.773292
20130802 7.94 8.03 7.91 7.97 12050400 7.792848
20130805 7.94 8.01 7.91 8.00 19279700 7.822181
20130806 7.99 8.03 7.91 7.91 15887100 7.734182
20130807 7.88 8.00 7.78 7.79 20546000 7.645847
20130808 7.86 7.92 7.76 7.91 18757400 7.763626
20130809 7.92 8.22 7.92 8.22 38472400 8.06789
20130812 8.22 8.28 8.18 8.26 21705000 8.10715
20130813 8.28 8.29 8.12 8.15 17232600 7.999185
20130814 8.16 8.24 8.07 8.16 12842400 8.009
20130815 8.09 8.18 8.01 8.16 16348500 8.009
20130816 8.08 8.12 7.95 8.12 29891700 7.96974
20130819 8.07 8.09 7.93 7.94 18594600 7.793071
20130820 7.95 8.02 7.92 8.00 15372000 7.851961
20130821 7.98 8.00 7.83 7.84 24098100 7.694922
20130822 7.92 8.06 7.91 8.03 19335400 7.881406
20130823 8.04 8.12 8.01 8.05 11141900 7.901036
20130826 8.07 8.12 8.04 8.06 12851800 7.910851
20130827 7.99 8.03 7.90 7.92 16725300 7.773442
20130828 7.91 8.01 7.90 7.93 13504900 7.783256
20130829 7.92 7.94 7.79 7.81 25760500 7.665477
20130830 7.82 7.84 7.68 7.70 43742000 7.557512
20130903 7.79 7.84 7.70 7.72 28807500 7.577142
20130904 7.79 7.84 7.73 7.84 28502800 7.694922
20130905 7.83 7.91 7.81 7.87 22406700 7.724367
20130906 7.90 7.95 7.85 7.92 17400800 7.773442
20130909 7.96 8.15 7.94 8.08 37544800 7.930481
20130910 8.04 8.10 7.96 8.05 28526100 7.901036
20130911 8.04 8.19 8.01 8.19 26732900 8.038445
20130912 8.12 8.20 8.09 8.16 15754400 8.009
20130913 8.15 8.18 8.06 8.08 14983400 7.930481
20130916 8.17 8.18 8.09 8.10 15468200 7.950111
20130917 8.10 8.30 8.10 8.26 22308200 8.10715
20130918 8.24 8.61 8.22 8.55 38949500 8.391784
20130919 8.61 8.68 8.40 8.44 33078100 8.283819
20130920 8.44 8.44 8.26 8.29 47155400 8.136595
20130923 8.25 8.37 8.25 8.28 13094400 8.12678
20130924 8.27 8.40 8.26 8.30 15362900 8.14641
20130925 8.33 8.40 8.30 8.33 11181100 8.175854
20130926 8.33 8.36 8.24 8.27 15441500 8.116965
20130927 8.25 8.28 8.18 8.20 14112800 8.04826
20130930 8.10 8.20 8.07 8.12 19967500 7.96974
20131001 8.10 8.19 8.04 8.17 16085900 8.018815
20131002 7.93 8.07 7.89 8.02 38182000 7.871591
20131003 7.99 8.01 7.82 7.86 33826400 7.714552
20131004 7.90 8.06 7.88 7.96 19953300 7.812701
20131007 7.90 8.00 7.84 7.97 36772500 7.822516
20131008 8.01 8.01 7.88 7.94 36144300 7.793071
20131009 8.17 8.30 8.09 8.10 66321400 7.950111
20131010 8.18 8.42 8.16 8.35 40852800 8.195485
20131011 8.34 8.42 8.24 8.32 27434000 8.166039
20131014 8.27 8.49 8.27 8.45 19441500 8.293634
20131015 8.47 8.52 8.35 8.38 25409800 8.224929
20131016 8.37 8.54 8.37 8.53 25026900 8.372153
20131017 8.48 8.60 8.47 8.59 20515400 8.431043
20131018 8.64 8.68 8.53 8.63 21264300 8.470303
20131021 8.64 8.68 8.54 8.60 16232600 8.440859
20131022 8.65 9.63 8.64 9.36 94154700 9.186794
20131023 9.25 9.30 9.00 9.27 55258800 9.09846
20131024 9.27 9.33 9.05 9.25 28356400 9.07883
20131025 9.25 9.32 9.14 9.24 23256900 9.069015
20131028 9.22 9.64 9.21 9.56 42869700 9.383094
20131029 9.57 9.63 9.46 9.54 24030400 9.363464
20131030 9.46 9.59 9.36 9.46 23228600 9.284944
20131031 9.44 9.51 9.25 9.27 25951600 9.09846
20131101 9.31 9.37 9.15 9.27 22047500 9.09846
20131104 9.33 9.97 9.32 9.92 55086800 9.736432
20131105 9.82 9.89 9.63 9.78 25414500 9.599022
20131106 9.83 9.87 9.62 9.66 20060200 9.510416
20131107 9.39 9.45 8.88 8.95 52969400 8.81141
20131108 9.03 9.08 8.78 9.06 23678200 8.919707
20131111 9.08 9.24 9.01 9.03 17960300 8.890171
20131112 9.02 9.06 8.85 8.92 18104000 8.781875
20131113 8.84 9.00 8.78 8.99 14448100 8.850791
20131114 9.04 9.05 8.89 8.98 17043000 8.840945
20131115 8.97 9.10 8.97 9.03 12810200 8.890171
20131118 9.06 9.09 8.93 8.95 15426000 8.81141
20131119 8.95 9.30 8.95 9.13 25522500 8.988623
20131120 9.09 9.14 9.02 9.05 15449000 8.909862
20131121 9.11 9.20 9.07 9.12 25818700 8.978778
20131122 9.11 9.27 9.07 9.24 24306800 9.09692
20131125 9.73 9.75 9.52 9.59 41906200 9.4415
20131126 9.56 9.67 9.43 9.65 37133900 9.500571
20131127 9.66 9.78 9.62 9.64 23990500 9.490726
20131129 9.68 9.72 9.60 9.61 8727600 9.46119
20131202 9.62 9.65 9.51 9.55 20717100 9.40212
20131203 9.53 9.57 9.32 9.42 33457600 9.274133
20131204 9.35 9.52 9.33 9.36 29955200 9.215061
20131205 9.36 9.40 9.31 9.35 21364000 9.205217
20131206 9.44 9.48 9.35 9.36 16862500 9.215061
20131209 9.40 9.52 9.38 9.48 15874500 9.333203
20131210 9.47 9.62 9.46 9.56 16886600 9.411965
20131211 9.61 9.61 9.31 9.34 17187500 9.195371
20131212 9.31 9.44 9.29 9.37 15080800 9.224907
20131213 9.36 9.51 9.34 9.51 20909900 9.362739
20131216 9.54 9.62 9.51 9.57 16882700 9.421809
20131217 9.55 9.75 9.51 9.70 22101200 9.549797
20131218 9.70 9.86 9.66 9.83 26156000 9.677784
20131219 9.79 10.05 9.77 9.97 24727400 9.815616
20131220 10.01 10.08 9.92 9.94 19384100 9.78608
20131223 9.99 10.17 9.95 10.13 17904200 9.973138
20131224 10.20 10.40 10.18 10.36 14292100 10.199576
20131226 10.38 10.49 10.33 10.43 12199800 10.268493
20131227 10.40 10.70 10.40 10.69 18997600 10.524466
20131230 10.68 10.77 10.51 10.53 14515700 10.366944
20131231 10.55 10.70 10.53 10.63 10613900 10.465396
20140102 10.53 10.58 10.31 10.53 22291900 10.366944
20140103 10.54 10.67 10.48 10.57 12637900 10.406325
20140106 10.63 10.68 10.47 10.53 15091500 10.366944
20140107 10.55 10.60 10.42 10.54 17630000 10.376789
20140108 10.50 10.88 10.48 10.83 34815700 10.662299
20140109 10.83 10.90 10.50 10.69 49586800 10.524466
20140110 9.98 10.20 9.82 10.11 74466100 9.953448
20140113 10.19 10.25 10.05 10.10 24127700 9.943603
20140114 10.16 10.37 10.16 10.32 18181100 10.160196
20140115 10.37 10.60 10.36 10.59 31926700 10.426015
20140116 10.59 11.04 10.58 11.04 39874700 10.869047
20140117 11.03 11.53 11.03 11.36 53980800 11.184092
20140121 11.78 12.31 11.77 12.13 128461700 11.942169
20140122 12.21 12.32 12.01 12.22 56407300 12.030775
20140123 12.06 12.22 11.99 12.07 58256300 11.883097
20140124 11.91 11.98 11.40 11.44 61826900 11.262853
20140127 11.51 11.82 11.37 11.64 27991500 11.459756
20140128 11.78 11.89 11.71 11.85 17585900 11.666505
20140129 11.64 12.23 11.58 11.99 44433000 11.804336
20140130 12.05 12.07 11.83 11.95 23223500 11.764956
20140131 11.60 11.80 11.45 11.51 33014100 11.331769
20140203 11.52 11.72 11.20 11.23 26572300 11.056104
20140204 11.26 11.51 11.22 11.45 19897100 11.272698
20140205 11.41 11.42 10.93 11.04 36519500 10.8976
20140206 11.07 11.26 10.98 11.05 22107800 10.907471
20140207 11.06 11.21 11.05 11.19 15312300 11.045665
20140210 11.21 11.29 10.83 11.06 22175600 10.917342
20140211 11.23 11.42 11.13 11.33 20566000 11.183859
20140212 11.35 11.48 11.21 11.27 16103000 11.124634
20140213 11.13 11.45 11.12 11.40 11953500 11.252956
20140214 11.41 11.49 11.30 11.37 11462800 11.223343
20140218 11.34 11.44 11.21 11.40 14298100 11.252956
20140219 11.38 12.00 11.34 11.76 33420700 11.608313
20140220 11.76 11.84 11.60 11.78 22289600 11.628055
20140221 11.84 11.92 11.73 11.73 20272300 11.578699
20140224 11.72 11.82 11.63 11.77 16780900 11.618184
20140225 11.74 11.79 11.56 11.62 21331000 11.470119
20140226 11.65 12.16 11.54 12.05 32810600 11.894572
20140227 12.00 12.16 11.91 12.03 15466500 11.87483
20140228 11.97 12.02 11.69 11.74 19015500 11.588571
20140303 11.55 11.76 11.46 11.62 18455900 11.470119
20140304 11.71 11.89 11.66 11.80 18537500 11.647797
20140305 11.79 12.14 11.71 12.10 20006400 11.943928
20140306 12.19 12.36 12.05 12.06 39724400 11.904444
20140307 12.09 12.22 11.87 12.16 34235000 12.003153
20140310 12.02 12.03 11.71 11.94 25196400 11.785991
20140311 11.99 12.36 11.92 12.19 32338000 12.032766
20140312 12.07 12.38 12.05 12.17 19299100 12.013025
20140313 12.20 12.23 11.78 11.86 20357400 11.707023
20140314 11.92 11.95 11.61 11.84 22920200 11.687281
20140317 11.90 12.05 11.84 11.90 12144300 11.746507
20140318 11.92 12.03 11.84 12.00 10005800 11.845217
20140319 12.01 12.02 11.76 11.84 15953200 11.687281
20140320 11.80 11.99 11.72 11.91 17139900 11.756378
20140321 12.07 12.10 11.94 12.01 32418200 11.855088
20140324 12.06 12.23 11.94 12.01 28891900 11.855088
20140325 12.06 12.20 12.01 12.02 21034900 11.86496
20140326 12.11 12.15 11.85 11.86 14683200 11.707023
20140327 12.19 12.68 12.12 12.59 50546100 12.427607
20140328 12.68 12.75 12.40 12.48 33590400 12.319025
20140331 12.52 12.97 12.51 12.87 39758300 12.703995
20140401 12.95 13.18 12.79 13.04 24500700 12.871803
20140402 12.80 12.90 12.71 12.85 26482300 12.684254
20140403 12.83 12.89 12.69 12.74 21119700 12.575672
20140404 12.81 13.07 12.61 12.63 16405300 12.467091
20140407 12.64 12.80 12.36 12.47 30419700 12.309155
20140408 12.52 12.79 12.37 12.53 29567900 12.368381
20140409 13.07 13.16 12.83 13.00 49886100 12.832319
20140410 13.00 13.04 12.68 12.70 26667400 12.536188
20140411 12.53 12.61 12.34 12.54 45108300 12.378252
20140414 12.55 12.92 12.50 12.86 29674600 12.694124
20140415 12.81 13.08 12.71 13.05 32265000 12.881674
20140416 13.11 13.44 13.08 13.42 36845300 13.246901
20140417 13.50 13.68 13.36 13.56 40974500 13.385096
20140421 13.55 13.60 13.46 13.49 13765900 13.315998
20140422 13.49 13.61 13.38 13.51 23708800 13.335741
20140423 13.51 13.64 13.43 13.63 12647500 13.454193
20140424 13.66 13.70 13.56 13.58 12299400 13.404837
20140425 13.51 13.51 13.22 13.33 22963700 13.158062
20140428 13.38 13.38 13.05 13.24 21719600 13.069223
20140429 13.28 13.45 13.18 13.44 10947100 13.266643
20140430 13.40 13.49 13.36 13.47 19167200 13.296257
20140501 13.45 13.64 13.38 13.64 11360800 13.464064
20140502 13.67 13.89 13.62 13.72 12800000 13.543032
20140505 13.62 13.67 13.48 13.53 12125900 13.355482
20140506 13.53 13.53 13.30 13.31 13127800 13.138321
20140507 13.33 13.41 13.19 13.32 19789000 13.148191
20140508 13.28 13.49 13.23 13.28 11837000 13.138297
20140509 13.30 13.38 13.18 13.25 9517700 13.108618
20140512 13.44 13.82 13.43 13.81 20157800 13.662643
20140513 13.88 13.95 13.72 13.79 11213700 13.642856
20140514 13.80 13.80 13.53 13.56 14021400 13.41531
20140515 13.51 13.53 13.10 13.32 13347900 13.17787
20140516 13.30 13.47 13.18 13.45 16829100 13.306483
20140519 13.39 13.53 13.39 13.51 11944000 13.365844
20140520 13.40 13.45 13.02 13.15 34867200 13.009684
20140521 13.23 13.38 13.05 13.12 10641000 12.980005
20140522 13.22 13.28 13.13 13.23 8126800 13.088831
20140523 13.20 13.54 13.18 13.52 11040900 13.375737
20140527 13.52 13.70 13.46 13.48 11583800 13.336163
20140528 13.46 13.50 13.34 13.37 9339700 13.227337
20140529 13.38 13.58 13.32 13.58 7597300 13.435096
20140530 13.51 13.61 13.41 13.61 9636300 13.464776
20140602 13.77 13.87 13.54 13.83 14180800 13.682429
20140603 13.74 13.77 13.54 13.65 10747200 13.504349
20140604 13.61 13.85 13.54 13.82 7901100 13.672535
20140605 13.80 14.13 13.73 14.00 12809900 13.850615
20140606 13.95 14.35 13.94 14.35 15896900 14.196881
20140609 14.34 14.58 14.26 14.35 11403100 14.196881
20140610 14.26 14.33 14.11 14.23 8035100 14.07816
20140611 14.18 14.29 14.11 14.18 8192000 14.028695
20140612 14.11 14.19 13.93 14.01 10226200 13.860508
20140613 14.09 14.56 14.07 14.52 14416300 14.365067
20140616 14.49 14.52 14.32 14.35 7463200 14.196881
20140617 14.35 14.52 14.28 14.48 7390200 14.325493
20140618 14.41 14.67 14.29 14.64 11264300 14.483786
20140619 14.71 14.71 14.42 14.46 12790700 14.305707
20140620 14.53 14.65 14.46 14.62 14830600 14.463999
20140623 14.69 14.79 14.65 14.77 7655500 14.612399
20140624 14.77 14.79 14.44 14.47 9557700 14.3156
20140625 14.42 14.60 14.35 14.55 8180200 14.394746
20140626 15.11 15.18 14.74 14.94 28895100 14.780584
20140627 14.92 15.00 14.75 14.93 17907800 14.770692
20140630 14.89 14.90 14.68 14.89 12960200 14.731119
20140701 14.93 15.00 14.75 14.80 10399000 14.642079
20140702 14.85 14.89 14.80 14.85 10395200 14.691545
20140703 14.89 15.07 14.83 14.98 7816500 14.820157
20140707 14.99 15.05 14.70 14.74 16482400 14.582719
20140708 14.78 14.89 14.56 14.85 27337500 14.691545
20140709 15.24 15.76 15.16 15.69 54283500 15.522582
20140710 15.58 15.97 15.42 15.62 28419500 15.453329
20140711 15.64 15.98 15.62 15.97 15560800 15.799595
20140714 16.17 16.25 15.91 16.110001 24262400 15.938101
20140715 16.120001 16.190001 15.93 16.120001 19594400 15.947995
20140716 16.16 16.709999 16.120001 16.60 23618600 16.422872
20140717 16.459999 16.57 16.27 16.33 22347800 16.155753
20140718 16.33 16.58 16.32 16.49 12609600 16.314045
20140721 16.389999 16.68 16.360001 16.620001 18571700 16.442659
20140722 16.690001 17.16 16.690001 17.09 31546600 16.907644
20140723 17.219999 17.219999 17.00 17.049999 21148700 16.86807
20140724 17.059999 17.18 16.959999 17.00 20955100 16.818604
20140725 16.940001 16.940001 16.530001 16.559999 21327200 16.383298
20140728 16.60 17.030001 16.60 17.01 18009500 16.828497
20140729 17.09 17.139999 16.90 16.91 16859400 16.729564
20140730 17.00 17.059999 16.629999 16.719999 13685300 16.541591
20140731 16.610001 16.629999 16.120001 16.389999 25988400 16.215112
20140801 16.26 16.610001 16.200001 16.440001 14584800 16.26458
20140804 16.58 16.74 16.450001 16.709999 14969100 16.531697
20140805 16.629999 16.639999 16.370001 16.440001 17046900 16.26458
20140806 16.25 16.60 16.25 16.440001 11504400 16.294314
20140807 16.459999 16.540001 15.87 16.00 19259900 15.858212
20140808 15.72 16.15 15.60 16.10 13870100 15.957327
20140811 16.299999 16.41 16.15 16.190001 9908100 16.046529
20140812 16.219999 16.41 16.15 16.190001 15226900 16.046529
20140813 16.219999 16.290001 16.129999 16.24 9404200 16.096085
20140814 16.190001 16.27 16.16 16.23 5977800 16.086174
20140815 16.27 16.32 16.02 16.110001 11303000 15.967238
20140818 16.200001 16.360001 16.15 16.32 11795900 16.175376
20140819 16.370001 16.469999 16.27 16.43 13166300 16.284402
20140820 16.379999 16.690001 16.360001 16.50 13094800 16.353782
20140821 16.52 16.52 16.26 16.35 8555600 16.205111
20140822 16.299999 16.530001 16.24 16.450001 7595000 16.304225
20140825 16.48 16.57 16.370001 16.48 7284900 16.333958
20140826 16.469999 16.709999 16.43 16.59 7312500 16.442984
20140827 16.610001 16.719999 16.51 16.709999 7601600 16.56192
20140828 16.620001 16.68 16.52 16.57 6675600 16.423161
20140829 16.629999 16.690001 16.469999 16.610001 9158800 16.462807
20140902 16.639999 16.719999 16.559999 16.67 10752000 16.522275
20140903 16.68 17.00 16.67 16.93 10870000 16.779971
20140904 16.98 17.360001 16.91 17.10 15614600 16.948465
20140905 17.110001 17.290001 17.01 17.280001 9601800 17.12687
20140908 17.280001 17.299999 16.959999 17.01 11202200 16.859262
20140909 17.110001 17.280001 17.030001 17.110001 14906300 16.958377
20140910 17.049999 17.200001 16.950001 17.200001 14352900 17.047579
20140911 17.27 17.290001 16.83 16.90 16995400 16.750237
20140912 16.98 16.98 16.549999 16.719999 20244200 16.571831
20140915 16.719999 16.75 16.219999 16.389999 20853900 16.244756
20140916 16.07 16.49 16.049999 16.16 43666500 16.016794
20140917 16.10 16.35 16.09 16.280001 36789100 16.135732
20140918 16.33 16.42 16.139999 16.200001 17202300 16.056441
20140919 16.280001 16.34 16.16 16.209999 19978100 16.066351
20140922 16.17 16.17 15.73 15.83 22568300 15.689719
20140923 15.65 15.98 15.56 15.70 16477000 15.560871
20140924 15.77 15.95 15.65 15.90 12841700 15.759098
20140925 15.88 15.94 15.53 15.63 19279400 15.491491
20140926 15.70 16.23 15.65 16.190001 19717000 16.046529
20140929 15.93 16.09 15.75 15.93 17355700 15.788833
20140930 16.23 16.34 15.98 16.09 21787000 15.947415
20141001 16.129999 16.139999 15.63 15.70 21735700 15.560871
20141002 15.72 15.74 14.89 15.36 25180500 15.223884
20141003 15.46 15.78 15.39 15.60 20305000 15.461758
20141006 15.76 16.049999 15.68 15.99 23779300 15.848301
20141007 15.94 16.219999 15.81 15.95 26113500 15.808655
20141008 15.99 16.07 15.49 16.07 34309000 15.927592
20141009 16.35 16.43 15.17 15.39 55796900 15.253618
20141010 15.23 15.35 14.62 14.71 39728300 14.579644
20141013 14.89 15.26 14.45 14.49 25045400 14.361593
20141014 14.65 14.73 14.06 14.29 36096200 14.163366
20141015 14.00 14.57 13.71 14.50 36785500 14.371505
20141016 14.07 14.65 14.01 14.60 26493500 14.470619
20141017 14.86 15.62 14.82 15.62 35761400 15.48158
20141020 15.54 15.71 15.44 15.69 15217700 15.550959
20141021 15.85 16.43 15.83 16.35 23004300 16.205111
20141022 16.41 16.52 16.049999 16.120001 27457700 15.97715
20141023 16.35 16.469999 16.120001 16.24 17226500 16.096085
20141024 16.33 16.57 16.219999 16.549999 12853900 16.403338
20141027 16.559999 16.57 16.309999 16.379999 15444000 16.234844
20141028 16.50 16.65 16.41 16.60 12307200 16.452896
20141029 16.58 16.700001 16.049999 16.27 31173500 16.12582
20141030 16.17 16.360001 15.83 16.219999 17857100 16.076262
20141031 16.43 16.76 16.24 16.76 18621400 16.611478
20141103 16.780001 17.030001 16.65 16.93 15965400 16.779971
20141104 16.85 16.870001 16.43 16.559999 13214200 16.413249
20141105 16.68 16.690001 16.17 16.26 18204400 16.145157
20141106 16.370001 16.42 16.15 16.370001 14223200 16.254381
20141107 16.469999 16.49 16.24 16.33 13507500 16.214663
20141110 16.27 16.459999 16.16 16.32 10721300 16.204733
20141111 16.290001 16.48 16.200001 16.450001 6971300 16.333816
20141112 16.42 16.92 16.34 16.879999 15861900 16.760777
20141113 16.91 16.99 16.67 16.74 12458100 16.621767
20141114 16.74 16.98 16.610001 16.940001 8832300 16.820355
20141117 16.91 16.950001 16.75 16.83 7663200 16.711131
20141118 16.82 17.209999 16.82 17.16 14723500 17.0388
20141119 17.129999 17.129999 16.620001 16.690001 15860300 16.572121
20141120 16.57 17.18 16.530001 17.120001 13583500 16.999084
20141121 17.52 17.75 17.33 17.450001 20683800 17.326753
20141124 17.50 17.610001 17.16 17.219999 12943900 17.098376
20141125 17.299999 17.66 17.27 17.370001 14535000 17.247318
20141126 17.459999 17.60 17.25 17.60 9140400 17.475693
20141128 17.58 17.59 17.16 17.290001 8815900 17.167883
20141201 17.40 17.42 17.00 17.139999 13324600 17.018941
20141202 17.120001 17.370001 17.059999 17.299999 13498600 17.177811
20141203 17.309999 17.41 17.16 17.209999 16259400 17.088446
20141204 17.33 17.450001 17.15 17.24 13714700 17.118235
20141205 17.360001 17.389999 16.91 16.950001 16320500 16.830284
20141208 16.90 16.959999 16.23 16.290001 21994200 16.174946
20141209 15.92 16.18 15.75 16.040001 22649300 15.926712
20141210 15.98 16.17 15.58 15.63 18394900 15.519607
20141211 15.63 15.73 15.11 15.16 20294600 15.052926
20141212 15.02 15.29 14.85 14.87 19144700 14.764974
20141215 15.06 15.29 14.90 14.93 25730200 14.824551
20141216 15.04 15.21 14.41 14.43 29374200 14.328082
20141217 14.58 15.07 14.49 15.05 26490100 14.943703
20141218 15.48 15.79 15.36 15.78 29453400 15.668547
20141219 15.78 16.040001 15.73 15.94 20169800 15.827417
20141222 15.97 15.99 15.48 15.74 17146800 15.62883
20141223 15.80 15.98 15.67 15.73 10533100 15.6189
20141224 15.77 15.84 15.56 15.77 4944200 15.658618
20141226 15.88 15.93 15.78 15.82 6355200 15.708264
20141229 15.84 15.96 15.73 15.82 7087800 15.708264
20141230 15.73 15.93 15.63 15.85 9262100 15.738053
20141231 15.85 16.030001 15.77 15.79 8842400 15.678477
20150102 15.87 15.98 15.67 15.88 10430000 15.767841
20150105 15.64 15.65 14.89 14.96 21690600 14.854339
20150106 15.02 15.37 14.85 15.07 19377000 14.963562
20150107 15.28 15.57 15.21 15.46 15950500 15.350807
20150108 15.66 16.049999 15.55 15.90 19670600 15.787699
20150109 16.030001 16.15 15.75 16.110001 16732300 15.996217
20150112 16.40 16.43 15.93 16.17 30419200 16.055793
20150113 16.469999 16.530001 15.70 15.80 37789700 15.688406
20150114 15.46 15.48 14.54 14.95 54936800 14.844409
20150115 15.16 15.23 14.90 14.97 26455000 14.864268
20150116 14.96 15.28 14.96 15.28 21762800 15.172078
20150120 15.36 15.58 15.06 15.55 25950000 15.440172
20150121 15.55 16.030001 15.43 15.92 20600900 15.807559
20150122 16.030001 16.07 15.71 16.040001 15373600 15.926712
20150123 15.80 15.95 15.54 15.76 18659500 15.648689
20150126 15.71 16.110001 15.56 16.08 12392500 15.966428
20150127 15.72 16.049999 15.72 15.92 15613400 15.807559
20150128 16.030001 16.18 15.76 15.80 16117400 15.688406
20150129 15.92 16.00 15.61 15.98 14725600 15.867134
20150130 15.85 16.049999 15.62 15.65 16799800 15.539465
20150202 15.82 16.10 15.76 16.07 14700900 15.956499
20150203 16.35 16.620001 16.16 16.610001 19425200 16.492686
20150204 16.48 16.65 16.360001 16.42 15182100 16.333528
20150205 16.440001 17.10 16.41 17.07 24181800 16.980105
20150206 17.00 17.00 16.469999 16.57 20896700 16.482738
20150209 16.10 16.10 15.55 15.65 31109900 15.567583
20150210 15.72 15.92 15.55 15.91 25138100 15.826214
20150211 15.74 15.74 15.25 15.46 27608700 15.378584
20150212 15.71 15.79 15.54 15.65 19335600 15.567583
20150213 15.80 15.92 15.60 15.81 16075700 15.726741
20150217 15.84 15.86 15.64 15.75 12986800 15.667057
20150218 15.73 15.88 15.62 15.85 12473300 15.76653
20150219 15.78 16.02 15.66 16.00 16622800 15.91574
20150220 15.93 16.07 15.70 15.79 14179600 15.706846
20150223 15.63 15.64 15.38 15.51 13982700 15.428321
20150224 15.57 15.78 15.53 15.74 9960200 15.657109
20150225 15.66 15.70 14.85 15.00 34350100 14.921006
20150226 15.09 15.19 14.94 15.11 18776600 15.030427
20150227 15.10 15.15 14.70 14.79 20801500 14.712112
20150302 14.79 15.02 14.74 14.95 19367400 14.871269
20150303 14.88 15.32 14.88 15.18 16406700 15.100059
20150304 14.74 14.78 14.15 14.59 40343200 14.513166
20150305 14.43 14.49 14.22 14.38 17156700 14.304271
20150306 14.31 14.56 14.23 14.48 19998900 14.403744
20150309 13.93 13.99 13.34 13.70 78393300 13.627852
20150310 13.63 13.72 13.44 13.50 33728300 13.428906
20150311 13.58 13.63 13.50 13.59 23194900 13.518432
20150312 13.73 13.88 13.62 13.80 21593900 13.727326
20150313 13.73 13.78 13.42 13.57 16909200 13.498537
20150316 13.64 13.67 13.18 13.29 29888800 13.220012
20150317 13.15 13.24 13.01 13.06 29329300 12.991223
20150318 13.01 13.43 12.96 13.28 55663800 13.210064
20150319 13.16 13.17 12.78 12.96 34460400 12.891749
20150320 13.02 13.09 12.90 12.97 38762300 12.901697
20150323 12.94 13.20 12.90 13.00 25299300 12.931539
20150324 12.90 13.11 12.75 13.09 32286200 13.021065
20150325 13.07 13.27 12.96 12.97 26136600 12.901697
20150326 12.86 13.01 12.84 12.88 30461800 12.812171
20150327 12.83 12.85 12.65 12.70 16993500 12.633118
20150330 12.85 13.01 12.78 12.96 16128700 12.891749
20150331 12.82 12.99 12.80 12.92 23009300 12.85196
20150401 12.91 13.10 12.86 13.00 38358900 12.931539
20150402 12.92 13.28 12.79 13.14 23429500 13.070802
20150406 13.27 13.44 13.21 13.36 22792000 13.289643
20150407 13.49 13.61 13.42 13.43 22890900 13.359275
20150408 13.61 13.80 13.54 13.67 42623700 13.59801
20150409 13.42 13.45 12.96 13.21 58344600 13.140433
20150410 13.24 13.27 13.00 13.15 36451900 13.080748
20150413 13.14 13.38 13.09 13.29 22927100 13.220012
20150414 13.37 13.44 13.30 13.37 21941000 13.29959
20150415 13.40 13.43 13.28 13.34 34605200 13.269748
20150416 13.63 13.70 13.44 13.45 43443800 13.379169
20150417 13.39 13.52 13.30 13.46 23773200 13.389116
20150420 13.53 13.73 13.46 13.58 17697200 13.508484
20150421 13.67 13.67 13.44 13.52 17597800 13.448801
20150422 13.54 13.58 13.43 13.57 13775300 13.498537
20150423 13.30 13.42 13.10 13.19 46055300 13.120538
20150424 13.27 13.29 13.17 13.22 20461900 13.15038
20150427 13.28 13.63 13.27 13.45 28600700 13.379169
20150428 13.54 13.74 13.45 13.48 14950900 13.409011
20150429 13.35 13.63 13.33 13.60 14886800 13.528379
20150430 13.57 13.57 13.32 13.42 25157300 13.349327
20150501 13.50 14.29 13.48 14.15 50363600 14.075482
20150504 14.13 14.25 14.01 14.01 17522800 13.93622
20150505 14.13 14.16 13.80 13.82 15667300 13.74722
20150506 13.94 13.97 13.65 13.70 13867700 13.627852
20150507 13.60 13.78 13.46 13.71 12844900 13.667729
20150508 13.84 13.88 13.65 13.82 12532600 13.777389
20150511 13.86 13.89 13.62 13.65 10942100 13.607914
20150512 13.58 13.66 13.52 13.55 12321100 13.508222
20150513 13.59 13.87 13.59 13.63 15322200 13.587976
20150514 13.76 13.85 13.63 13.64 11151400 13.597945
20150515 13.64 13.65 13.51 13.54 9301200 13.498253
20150518 13.52 13.53 13.30 13.40 15708700 13.358684
20150519 13.34 13.37 13.03 13.08 30820300 13.039671
20150520 13.13 13.16 13.02 13.07 16282000 13.029702
20150521 13.10 13.11 12.99 13.00 16890100 12.959918
20150522 12.99 13.05 12.93 12.94 13121900 12.900103
20150526 12.91 12.91 12.66 12.76 22046000 12.720658
20150527 12.74 12.85 12.68 12.79 16554200 12.750565
20150528 12.69 12.73 12.57 12.68 18068000 12.640905
20150529 12.62 12.65 12.44 12.50 22126700 12.46146
20150601 12.54 12.55 12.29 12.42 14021300 12.381706
20150602 12.42 12.80 12.41 12.62 18985200 12.58109
20150603 12.63 12.80 12.60 12.61 14758800 12.57112
20150604 12.53 12.65 12.47 12.50 14034000 12.46146
20150605 12.45 12.49 12.35 12.42 17257800 12.381706
20150608 12.40 12.42 12.24 12.25 17656200 12.21223
20150609 12.27 12.34 12.15 12.19 15033700 12.152415
20150610 12.28 12.32 12.14 12.17 16315600 12.132477
20150611 12.17 12.19 12.03 12.09 15411500 12.052724
20150612 12.07 12.16 12.02 12.06 14542300 12.022817
20150615 11.97 12.11 11.92 12.00 12755200 11.963001
20150616 11.97 12.05 11.92 12.02 12010800 11.98294
20150617 12.03 12.04 11.85 11.96 14743000 11.923125
20150618 12.00 12.07 11.87 11.92 13423800 11.883248
20150619 11.90 12.00 11.86 11.93 19106600 11.893217
20150622 11.90 11.90 11.69 11.76 24095500 11.723741
20150623 11.79 11.83 11.71 11.74 16465700 11.703803
20150624 11.71 11.85 11.69 11.74 18029900 11.703803
20150625 11.76 11.77 11.55 11.57 15529600 11.534327
20150626 11.58 11.76 11.56 11.69 16253300 11.653957
20150629 11.48 11.61 11.34 11.35 19926700 11.315006
20150630 11.45 11.50 11.15 11.15 22622900 11.115622
20150701 11.20 11.23 10.94 11.07 28330900 11.035868
20150702 11.09 11.23 11.04 11.10 14451000 11.065777
20150706 10.95 11.13 10.92 11.03 18040300 10.995992
20150707 10.96 11.11 10.58 11.06 31468600 11.0259
20150708 10.95 11.00 10.39 10.50 45976600 10.467626
20150709 10.74 10.97 10.57 10.59 40237700 10.557349
20150710 10.77 10.87 10.61 10.63 23818300 10.597225
20150713 10.77 10.84 10.69 10.82 19075700 10.786639
20150714 10.77 10.86 10.65 10.77 17365100 10.736794
20150715 10.77 10.79 10.52 10.57 19278600 10.53741
20150716 10.65 10.65 10.43 10.51 16344600 10.477595
20150717 10.49 10.55 10.36 10.49 16003600 10.457657
20150720 10.45 10.47 10.18 10.20 22766800 10.168551
20150721 10.20 10.44 10.16 10.23 24257300 10.198458
20150722 10.16 10.16 9.96 9.99 40629000 9.959198
20150723 10.09 10.19 9.90 9.96 21993800 9.929291
20150724 9.91 9.91 9.65 9.81 27614400 9.779754
20150727 9.71 9.99 9.59 9.62 27877700 9.590339
20150728 9.75 9.93 9.61 9.87 27138600 9.839568
20150729 9.92 10.22 9.89 10.16 31605600 10.128674
20150730 10.19 10.25 9.88 9.98 19834700 9.949229
20150731 10.09 10.14 9.86 9.87 18334500 9.839568
20150803 9.82 9.82 9.58 9.64 21546200 9.610278
20150804 9.94 10.07 9.68 9.73 24551600 9.70
20150805 9.91 10.15 9.75 9.76 24967600 9.76
20150806 9.76 9.96 9.64 9.91 22662000 9.91
20150807 9.82 10.06 9.36 9.41 33190200 9.41
20150810 9.53 10.09 9.41 10.08 27910500 10.08
20150811 9.70 9.74 9.42 9.48 39681000 9.48
20150812 9.39 9.56 9.28 9.51 28685600 9.51
20150813 9.52 9.52 9.30 9.31 14429800 9.31
20150814 9.32 9.43 9.28 9.41 13221600 9.41
20150817 9.31 9.49 9.26 9.43 9865300 9.43
20150818 9.30 9.36 9.24 9.27 16213100 9.27
20150819 9.18 9.29 9.10 9.11 18581600 9.11
20150820 9.19 9.22 8.98 9.03 17657900 9.03
20150821 8.97 8.98 8.73 8.73 25138900 8.73
20150824 8.20 8.54 7.97 8.20 41042900 8.20
20150825 8.63 8.66 8.11 8.11 26058000 8.11
20150826 8.26 8.29 8.02 8.26 27639500 8.26
20150827 8.40 8.92 8.38 8.86 27250500 8.86
20150828 8.88 9.42 8.80 9.41 42041400 9.41
20150831 9.27 9.53 9.22 9.45 30435400 9.45
20150901 9.15 9.32 9.07 9.22 32615500 9.22
20150902 9.39 9.39 9.01 9.32 40290600 9.32
20150903 9.40 9.75 9.35 9.57 28178300 9.57
20150904 9.39 9.64 9.30 9.49 48097800 9.49
20150908 9.87 9.87 9.60 9.72 17975500 9.72
20150909 9.92 9.94 9.53 9.57 29318000 9.57
20150910 9.56 9.72 9.51 9.63 29476300 9.63
20150911 9.60 9.75 9.54 9.65 19493400 9.65
20150914 9.58 9.61 9.32 9.38 31110300 9.38
20150915 9.39 9.71 9.37 9.63 17928800 9.63
20150916 9.70 9.88 9.70 9.86 19872400 9.86
20150917 9.81 10.16 9.75 9.95 24427200 9.95
20150918 9.85 10.03 9.76 9.97 28921100 9.97
20150921 9.98 10.10 9.90 9.90 17627900 9.90
20150922 9.60 9.63 9.38 9.50 25283600 9.50
20150923 9.58 9.59 9.19 9.20 20923500 9.20
20150924 9.07 9.26 8.86 9.18 25680500 9.18
20150925 9.25 9.29 8.96 9.07 18989200 9.07
