20130102 58.330002 58.950001 58.310001 58.75 6091400 57.020516
20130103 58.799999 59.259998 58.630001 59.00 5017000 57.263157
20130104 59.080002 59.66 58.459999 59.610001 4017200 57.8552
20130107 59.279999 59.990002 59.279999 59.860001 3859400 58.097841
20130108 59.68 60.32 59.529999 60.200001 4960900 58.427832
20130109 60.419998 60.900002 60.150002 60.259998 5885600 58.486063
20130110 60.439999 60.790001 60.09 60.790001 6545300 59.000464
20130111 60.50 61.970001 60.310001 61.240002 10492500 59.437217
20130114 60.779999 61.389999 60.709999 61.209999 5176600 59.408098
20130115 60.150002 60.84 60.029999 60.759998 6399000 58.971344
20130116 60.82 60.849998 60.48 60.619999 4020900 58.835466
20130117 61.099998 61.200001 60.580002 60.740002 4684200 58.951936
20130118 59.869999 60.279999 58.900002 59.779999 9935600 58.020194
20130122 59.619999 59.900002 59.009998 59.400002 7228400 57.651383
20130123 59.220001 59.290001 58.799999 58.93 6265300 57.195218
20130124 59.139999 59.509998 59.009998 59.299999 5430800 57.554325
20130125 59.57 59.700001 59.189999 59.50 4124000 57.748438
20130128 59.360001 59.549999 58.700001 59.07 5216200 57.331096
20130129 59.080002 59.57 58.950001 59.450001 5533100 57.699911
20130130 59.240002 59.669998 59.16 59.330002 5894100 57.583444
20130131 59.369999 59.82 58.810001 58.810001 5940900 57.078751
20130201 59.330002 60.119999 59.299999 59.91 6036400 58.146368
20130204 59.459999 59.740002 59.209999 59.41 4618600 57.661087
20130205 59.779999 60.900002 59.68 60.66 6394000 58.87429
20130206 59.93 60.810001 59.93 60.560001 6304600 58.777235
20130207 60.560001 62.34 60.549999 62.139999 11977900 60.310721
20130208 62.060001 62.330002 61.48 61.799999 6734900 59.98073
20130211 61.700001 62.049999 61.360001 61.98 3436100 60.155431
20130212 62.09 62.560001 61.950001 62.200001 4255200 60.368956
20130213 62.450001 62.759998 61.889999 62.099998 3409000 60.271898
20130214 62.080002 62.650002 61.830002 62.34 4432600 60.504834
20130215 62.57 62.68 61.43 61.689999 5354400 59.873967
20130219 61.669998 62.400002 61.669998 62.279999 3598900 60.446599
20130220 62.060001 62.470001 61.869999 61.91 5532700 60.087492
20130221 61.869999 62.00 61.139999 61.540001 5287500 59.728385
20130222 61.860001 62.580002 61.790001 62.57 5197100 60.728063
20130225 62.77 63.00 61.990002 62.02 8624700 60.194255
20130226 62.060001 62.18 61.549999 61.919998 5938100 60.097196
20130227 61.73 62.599998 61.630001 62.50 4755400 60.660124
20130228 62.43 62.650002 61.880001 62.150002 5366500 60.320429
20130301 61.84 62.490002 61.509998 62.369999 5265100 60.53395
20130304 62.220001 63.00 62.040001 62.889999 4687900 61.038642
20130305 63.259998 64.419998 63.060001 64.120003 7315900 62.232437
20130306 64.410004 64.940002 64.349998 64.650002 5780900 62.746834
20130307 64.730003 64.879997 64.139999 64.559998 4446500 62.659479
20130308 64.660004 64.760002 63.669998 64.699997 5810000 62.795357
20130311 64.730003 65.620003 64.709999 65.50 5307700 63.57181
20130312 65.629997 65.790001 65.059998 65.290001 5303700 63.367993
20130313 65.239998 65.599998 65.120003 65.300003 4203900 63.3777
20130314 65.419998 65.75 65.290001 65.379997 3760100 63.45534
20130315 65.639999 66.43 65.339996 66.089996 10265700 64.144438
20130318 65.059998 66.129997 64.760002 65.779999 4880300 63.843566
20130319 65.989998 66.139999 64.800003 65.129997 4587400 63.212699
20130320 65.449997 66.139999 65.449997 66.00 4137800 64.057091
20130321 65.830002 65.989998 65.25 65.410004 3600100 63.484463
20130322 65.589996 66.349998 65.540001 66.220001 3860600 64.270616
20130325 66.589996 66.769997 65.82 66.099998 6599300 64.154145
20130326 66.400002 67.239998 66.370003 67.169998 4295600 65.192647
20130327 66.599998 67.260002 66.599998 67.150002 2905000 65.173239
20130328 67.309998 67.480003 67.00 67.459999 4354300 65.47411
20130401 67.419998 67.75 67.010002 67.260002 3012600 65.280001
20130402 67.379997 67.760002 67.099998 67.639999 3921600 65.648812
20130403 67.660004 67.690002 66.040001 66.25 5102000 64.490415
20130404 66.419998 66.959999 66.300003 66.730003 3633900 64.95767
20130405 65.769997 65.800003 64.769997 65.300003 6898300 63.56565
20130408 65.559998 65.779999 65.129997 65.599998 4662200 63.857678
20130409 65.639999 65.68 65.150002 65.220001 4882200 63.487773
20130410 65.449997 65.580002 65.360001 65.400002 7882100 63.662993
20130411 65.470001 65.93 65.199997 65.739998 6357700 63.993959
20130412 65.459999 65.849998 65.18 65.68 3967600 63.935555
20130415 65.529999 65.599998 64.089996 64.099998 7008600 62.397517
20130416 64.50 65.050003 64.269997 64.589996 6198900 62.874501
20130417 64.120003 64.309998 63.43 64.129997 6925000 62.426719
20130418 64.040001 65.889999 63.639999 65.040001 10457800 63.312553
20130419 65.330002 67.25 65.330002 67.239998 8461600 65.454119
20130422 67.120003 67.25 66.25 66.660004 5791500 64.889529
20130423 66.809998 67.540001 66.639999 67.449997 4779900 65.658541
20130424 67.410004 67.620003 67.040001 67.419998 4077700 65.629339
20130425 67.75 69.050003 67.639999 68.129997 5834100 66.32048
20130426 68.120003 68.400002 67.57 67.75 4355300 65.950576
20130429 68.010002 68.199997 67.610001 67.629997 2931000 65.83376
20130430 67.879997 68.480003 67.599998 68.410004 4685400 66.59305
20130501 68.25 68.849998 68.160004 68.279999 3767300 66.466498
20130502 68.43 69.470001 68.370003 69.379997 3575900 67.53728
20130503 69.919998 71.089996 69.900002 70.230003 6986600 68.364711
20130506 70.220001 70.580002 69.949997 70.059998 4685300 68.19922
20130507 70.07 70.459999 69.959999 70.239998 4374900 68.37444
20130508 69.919998 70.419998 69.57 70.309998 3587500 68.44258
20130509 70.25 70.510002 69.709999 70.209999 3754900 68.345238
20130510 70.160004 70.25 69.650002 70.080002 3543100 68.218693
20130513 70.089996 70.209999 69.339996 69.790001 5139300 67.936395
20130514 69.949997 71.610001 69.849998 71.510002 6114300 69.610713
20130515 71.330002 73.040001 71.330002 72.779999 5215300 70.846979
20130516 72.610001 72.949997 72.129997 72.230003 3861500 70.311591
20130517 72.279999 73.379997 72.260002 73.32 4866500 71.372637
20130520 73.309998 74.540001 73.220001 74.400002 5345300 72.423955
20130521 74.470001 75.459999 74.400002 75.110001 5130200 73.115096
20130522 75.43 77.010002 74.279999 74.440002 12449000 72.462893
20130523 73.879997 74.989998 73.610001 74.690002 7985100 72.706253
20130524 74.089996 75.349998 73.980003 75.269997 5564000 73.270843
20130528 75.910004 77.120003 75.889999 76.160004 7341400 74.137211
20130529 75.800003 76.650002 75.389999 75.830002 5679200 73.815974
20130530 76.019997 76.900002 75.919998 76.139999 5417400 74.117739
20130531 76.129997 77.389999 75.709999 75.709999 7187700 73.699159
20130603 75.889999 76.669998 75.629997 76.470001 6777800 74.438976
20130604 76.50 77.239998 75.959999 76.059998 5667700 74.039862
20130605 75.980003 76.279999 74.639999 74.760002 6267300 72.774394
20130606 74.75 76.25 74.639999 76.239998 5455600 74.215081
20130607 76.68 78.120003 76.449997 78.040001 6826100 75.967276
20130610 77.980003 78.610001 77.690002 78.279999 4035100 76.2009
20130611 77.610001 77.849998 76.50 76.519997 5442800 74.487643
20130612 76.940002 77.00 74.68 74.720001 7057200 72.735455
20130613 74.459999 75.260002 73.790001 75.209999 6738900 73.212439
20130614 74.790001 74.980003 72.720001 72.970001 8451000 71.031935
20130617 73.690002 74.209999 73.389999 73.839996 6020900 71.878823
20130618 74.080002 75.470001 74.029999 74.980003 5714700 72.988552
20130619 74.919998 75.099998 74.190002 74.230003 5989300 72.258472
20130620 73.760002 74.00 72.809998 72.919998 5656500 70.98326
20130621 73.379997 73.790001 72.370003 73.309998 7547300 71.362901
20130624 72.57 72.839996 71.68 72.010002 6293100 70.097433
20130625 72.629997 73.650002 72.559998 73.230003 4754200 71.285031
20130626 73.639999 74.25 73.330002 73.900002 4894200 71.937234
20130627 74.379997 75.43 74.379997 75.120003 4215300 73.124833
20130628 75.010002 75.330002 74.330002 74.760002 7964400 72.774394
20130701 75.529999 76.459999 75.43 75.639999 5007600 73.631018
20130702 75.43 76.290001 74.300003 74.620003 5041200 72.859661
20130703 74.019997 74.779999 73.910004 74.580002 3007000 72.820604
20130705 75.309998 76.370003 75.120003 76.309998 4501500 74.509788
20130708 76.910004 77.809998 76.849998 77.040001 5106200 75.22257
20130709 77.739998 77.949997 77.080002 77.610001 3915200 75.779123
20130710 77.389999 77.57 75.940002 76.330002 4872200 74.52932
20130711 77.540001 77.620003 76.559998 76.940002 5715000 75.124931
20130712 77.330002 78.449997 77.290001 78.330002 4878200 76.482139
20130715 78.610001 78.629997 77.50 77.849998 4243300 76.013459
20130716 78.089996 78.339996 77.75 78.269997 4637600 76.423549
20130717 75.349998 77.449997 74.620003 76.800003 16305300 74.988234
20130718 75.440002 75.75 73.860001 74.010002 10352300 72.264051
20130719 73.620003 74.739998 73.470001 74.059998 8072500 72.312867
20130722 74.43 75.199997 74.209999 74.720001 5456700 72.957301
20130723 75.029999 75.18 74.360001 74.410004 4113000 72.654616
20130724 74.849998 76.07 74.75 75.360001 6139000 73.582202
20130725 75.059998 75.809998 75.029999 75.769997 4080300 73.982526
20130726 75.50 75.550003 74.410004 75.339996 3537600 73.56267
20130729 75.160004 75.360001 74.330002 75.059998 3249400 73.289276
20130730 75.480003 75.540001 74.830002 75.190002 3762200 73.416214
20130731 75.150002 75.860001 73.470001 73.769997 10320700 72.029708
20130801 74.529999 76.099998 74.510002 75.629997 5981400 73.845829
20130802 75.620003 75.730003 75.00 75.690002 2485400 73.904419
20130805 75.470001 76.040001 75.209999 75.93 2237100 74.138755
20130806 75.870003 76.099998 75.470001 75.809998 2566000 74.021583
20130807 75.459999 75.709999 74.849998 75.139999 3083900 73.367391
20130808 75.790001 77.269997 75.480003 76.190002 3293600 74.392624
20130809 76.18 76.360001 75.010002 75.50 3963600 73.718899
20130812 75.110001 75.610001 74.889999 75.489998 2292600 73.709133
20130813 75.489998 76.440002 74.889999 76.230003 2964900 74.431681
20130814 76.040001 76.43 75.75 75.879997 2945400 74.089932
20130815 75.269997 75.43 74.620003 74.879997 3834400 73.113522
20130816 74.860001 75.349998 74.650002 75.169998 4248200 73.396682
20130819 75.120003 75.209999 74.300003 74.339996 3478900 72.586261
20130820 74.410004 74.669998 73.800003 74.269997 2900900 72.517912
20130821 74.010002 74.330002 73.25 73.440002 2983100 71.707498
20130822 73.660004 74.00 73.400002 73.860001 2354900 72.117588
20130823 73.870003 74.00 73.129997 73.650002 2518500 71.912543
20130826 73.760002 74.470001 73.43 73.610001 2372400 71.873486
20130827 72.800003 72.93 71.769997 71.910004 3712600 70.213593
20130828 71.699997 72.339996 71.540001 72.010002 2963200 70.311233
20130829 71.809998 72.620003 71.580002 72.220001 2957100 70.516278
20130830 72.150002 72.239998 71.470001 71.910004 3779500 70.213593
20130903 72.589996 73.410004 72.139999 72.43 3994100 70.721323
20130904 72.519997 73.50 72.230003 73.139999 2913300 71.414572
20130905 73.160004 74.230003 72.889999 73.800003 3600700 72.059006
20130906 73.919998 74.019997 72.400002 73.349998 3369200 71.619617
20130909 73.589996 73.809998 73.150002 73.660004 3189500 71.922309
20130910 74.220001 74.660004 74.00 74.599998 3269100 72.840129
20130911 74.699997 75.220001 74.400002 75.18 3297900 73.406448
20130912 75.290001 75.610001 74.970001 75.290001 2502200 73.513854
20130913 75.580002 75.75 75.07 75.300003 2664400 73.52362
20130916 76.339996 76.43 75.440002 75.599998 4536200 73.816538
20130917 75.599998 77.00 75.599998 76.919998 4047200 75.105398
20130918 76.989998 77.809998 76.540001 77.639999 4136000 75.808414
20130919 77.809998 77.900002 77.150002 77.57 3997600 75.740066
20130920 77.620003 77.889999 77.150002 77.32 10105500 75.495963
20130923 77.290001 77.660004 76.129997 76.440002 4078900 74.636726
20130924 76.389999 76.940002 75.959999 76.07 3020200 74.275452
20130925 76.129997 76.559998 75.620003 75.989998 3090300 74.197337
20130926 76.00 77.00 75.779999 76.32 2927000 74.519554
20130927 76.059998 76.089996 75.43 75.889999 2522500 74.099698
20130930 74.970001 75.849998 74.639999 75.519997 3330500 73.738424
20131001 75.639999 76.010002 75.449997 75.93 2969600 74.138755
20131002 75.129997 75.290001 74.169998 74.580002 4363400 73.041856
20131003 74.110001 74.290001 73.300003 74.019997 4364500 72.493401
20131004 73.879997 74.330002 73.610001 74.309998 2883500 72.777421
20131007 73.50 73.529999 72.900002 72.940002 3320300 71.43568
20131008 73.029999 73.099998 72.129997 72.220001 3945800 70.730529
20131009 72.379997 72.709999 72.080002 72.220001 4701500 70.730529
20131010 73.190002 74.669998 73.010002 74.660004 3769900 73.120208
20131011 74.669998 75.440002 74.410004 75.400002 3913900 73.844944
20131014 75.330002 76.110001 75.099998 76.07 3017200 74.501124
20131015 75.629997 76.360001 75.230003 75.25 4113700 73.698036
20131016 75.639999 76.75 75.449997 76.32 6468200 74.745968
20131017 77.940002 80.400002 77.800003 80.230003 10366600 78.575332
20131018 80.110001 80.68 79.309998 80.519997 7598200 78.859344
20131021 80.470001 80.989998 80.309998 80.400002 3691500 78.741824
20131022 80.769997 81.169998 80.43 80.870003 3300000 79.202132
20131023 80.559998 80.82 80.010002 80.629997 2895100 78.967076
20131024 80.769997 81.00 80.449997 80.900002 3181800 79.231512
20131025 80.760002 82.669998 80.760002 82.610001 6291100 80.906244
20131028 82.720001 83.139999 82.029999 82.760002 4566100 81.053151
20131029 83.120003 83.739998 82.93 83.660004 3485200 81.934591
20131030 83.699997 83.830002 82.800003 83.099998 3747800 81.386136
20131031 82.790001 82.989998 81.690002 81.800003 5637700 80.112952
20131101 82.120003 82.639999 81.790001 82.160004 3358900 80.465527
20131104 82.410004 82.639999 81.75 81.93 2643600 80.240268
20131105 81.629997 82.129997 81.089996 81.900002 2591400 80.210888
20131106 82.550003 82.599998 81.82 82.120003 2636900 80.426352
20131107 82.330002 82.599998 80.879997 80.919998 3485800 79.251096
20131108 81.309998 81.949997 81.080002 81.779999 4369500 80.09336
20131111 81.589996 81.68 81.190002 81.400002 2224200 79.7212
20131112 81.230003 81.349998 80.580002 81.029999 2237200 79.358828
20131113 80.57 81.470001 80.220001 81.440002 2828200 79.760376
20131114 81.610001 81.910004 81.349998 81.889999 2284100 80.201092
20131115 83.029999 83.260002 82.370003 82.800003 4439700 81.092327
20131118 82.849998 82.980003 82.160004 82.339996 3104800 80.641808
20131119 82.379997 82.879997 82.269997 82.459999 2775000 80.759336
20131120 82.959999 83.419998 81.959999 82.25 3510500 80.553668
20131121 82.629997 84.00 82.57 83.949997 4355200 82.218604
20131122 83.919998 83.93 83.370003 83.849998 2690300 82.120668
20131125 84.32 84.760002 84.080002 84.589996 3657700 82.845404
20131126 84.75 85.589996 84.699997 85.089996 4896800 83.335092
20131127 85.260002 85.660004 84.980003 85.589996 2520000 83.82478
20131129 85.879997 86.190002 85.510002 85.800003 2144600 84.030455
20131202 86.019997 86.529999 85.160004 85.290001 3620800 83.530971
20131203 84.889999 85.330002 84.199997 84.610001 3546100 82.864995
20131204 84.209999 85.239998 83.760002 84.50 3579700 82.757263
20131205 84.269997 84.989998 84.150002 84.540001 3677800 82.796439
20131206 85.589996 86.089996 85.349998 85.93 2666600 84.157771
20131209 86.169998 86.400002 85.349998 85.75 2436500 83.981483
20131210 85.379997 85.739998 85.080002 85.290001 2354200 83.530971
20131211 85.279999 85.669998 83.809998 83.900002 3782300 82.169639
20131212 83.779999 84.279999 83.209999 83.300003 3574300 81.582015
20131213 83.32 83.919998 83.230003 83.68 3594900 81.954176
20131216 83.959999 84.970001 83.959999 84.519997 3599000 82.776848
20131217 84.709999 84.720001 83.989998 84.110001 2893700 82.375307
20131218 84.300003 86.120003 83.550003 85.989998 5332300 84.216531
20131219 85.940002 86.529999 85.910004 86.410004 3956300 84.627875
20131220 86.709999 87.779999 86.440002 87.57 6294500 85.763947
20131223 88.00 88.580002 87.940002 88.309998 3242600 86.488683
20131224 88.339996 88.739998 88.190002 88.690002 1042700 86.860851
20131226 88.900002 89.230003 88.760002 89.00 1745200 87.164455
20131227 88.82 89.510002 88.82 89.190002 1797400 87.350539
20131230 89.190002 89.620003 89.139999 89.589996 1769000 87.742283
20131231 89.870003 90.790001 89.519997 90.730003 3083500 88.858779
20140102 90.900002 91.080002 89.379997 89.449997 5112000 87.605171
20140103 89.150002 90.080002 88.629997 89.739998 3888500 87.889191
20140106 89.699997 90.25 89.379997 89.699997 2844700 87.850015
20140107 90.169998 90.699997 89.010002 89.360001 4039500 87.517031
20140108 88.660004 89.639999 88.660004 89.410004 3880200 87.791963
20140109 89.889999 89.93 88.07 88.879997 3469200 87.271548
20140110 89.260002 89.559998 88.099998 88.550003 2901600 86.947526
20140113 88.519997 89.00 86.879997 86.989998 5641000 85.415752
20140114 87.080002 87.449997 86.07 87.120003 4777900 85.543404
20140115 87.459999 88.529999 87.080002 88.25 4494900 86.652952
20140116 88.00 88.239998 87.260002 87.779999 3326100 86.191456
20140117 91.830002 93.620003 90.550003 90.970001 14989900 89.323729
20140121 91.970001 92.709999 89.639999 90.589996 7954600 88.950601
20140122 90.639999 91.419998 90.620003 91.129997 3848700 89.48083
20140123 90.489998 90.489998 88.68 89.169998 5260900 87.556301
20140124 88.559998 89.370003 86.660004 86.949997 6289300 85.376475
20140127 87.150002 87.769997 85.709999 85.720001 5651400 84.168738
20140128 85.849998 87.18 85.599998 86.639999 4108700 85.072087
20140129 86.290001 86.900002 85.43 85.550003 3357900 84.001816
20140130 86.449997 86.980003 86.07 86.620003 4259000 85.052452
20140131 85.279999 85.910004 84.910004 85.019997 4778000 83.481401
20140203 84.989998 85.419998 82.769997 82.860001 5769800 81.360494
20140204 83.190002 84.709999 82.629997 84.00 5380500 82.479863
20140205 83.510002 84.120003 82.949997 83.720001 3260100 82.204932
20140206 84.50 85.760002 84.32 85.690002 5432400 84.139282
20140207 85.959999 87.169998 85.779999 87.00 4495200 85.425573
20140210 87.830002 88.959999 87.50 88.339996 5387900 86.741319
20140211 88.360001 88.839996 88.169998 88.580002 3602400 86.976982
20140212 88.690002 89.050003 88.400002 89.019997 2488600 87.409014
20140213 88.370003 88.980003 88.010002 88.900002 2759700 87.29119
20140214 88.860001 89.269997 88.260002 89.00 2671800 87.389379
20140218 88.800003 89.139999 88.290001 89.019997 3591600 87.409014
20140219 88.889999 90.32 88.75 88.839996 4332300 87.232271
20140220 88.800003 89.230003 88.120003 89.010002 4411800 87.3992
20140221 89.059998 89.410004 88.559998 88.75 3808700 87.143903
20140224 88.790001 90.43 88.790001 89.919998 3261200 88.292728
20140225 90.00 90.370003 89.150002 89.910004 2914800 88.282915
20140226 90.160004 90.690002 89.209999 89.730003 4840200 88.106172
20140227 89.650002 90.43 89.510002 90.290001 3075600 88.656035
20140228 90.25 92.139999 90.089996 91.279999 4689200 89.628117
20140303 90.599998 90.629997 89.160004 89.970001 3465300 88.341826
20140304 91.050003 92.68 91.029999 92.610001 3752000 90.93405
20140305 92.589996 92.589996 91.910004 92.139999 3086400 90.472554
20140306 92.559998 93.639999 92.360001 93.519997 3957900 91.827578
20140307 94.110001 94.349998 93.360001 93.860001 3864600 92.161429
20140310 93.620003 93.879997 93.139999 93.699997 2218700 92.004321
20140311 93.830002 93.879997 93.029999 93.199997 1946200 91.513369
20140312 92.68 92.919998 91.900002 92.900002 2486100 91.218803
20140313 93.199997 93.480003 90.410004 90.690002 3990200 89.048798
20140314 90.550003 91.220001 89.639999 90.169998 3583900 88.538204
20140317 90.510002 91.730003 90.489998 91.260002 3033000 89.608482
20140318 91.269997 91.970001 91.129997 91.589996 2348300 89.932505
20140319 91.669998 91.959999 90.279999 90.730003 3425700 89.088075
20140320 90.480003 91.900002 90.230003 91.690002 3779700 90.030701
20140321 92.779999 93.720001 91.360001 91.519997 6684500 89.863772
20140324 91.639999 91.75 90.290001 91.010002 2520600 89.363006
20140325 91.370003 91.900002 90.629997 90.839996 2420000 89.196077
20140326 91.360001 91.690002 89.629997 89.660004 3011200 88.037439
20140327 89.699997 90.43 89.269997 89.989998 3602800 88.361461
20140328 90.269997 91.559998 90.00 90.459999 3138900 88.822957
20140331 91.080002 91.940002 89.879997 90.029999 5172400 88.400738
20140401 90.400002 91.230003 90.209999 91.169998 2821600 89.520107
20140402 90.849998 91.089996 90.129997 90.400002 2886700 88.988541
20140403 90.669998 91.199997 90.400002 90.980003 2483600 89.559487
20140404 91.169998 91.400002 89.07 89.169998 2933600 87.777743
20140407 89.029999 89.43 86.550003 86.599998 5557600 85.24787
20140408 86.629997 86.800003 85.580002 86.489998 3880300 85.139587
20140409 86.900002 88.720001 86.639999 88.720001 3592900 87.334772
20140410 88.470001 88.75 85.300003 85.360001 5213800 84.027233
20140411 84.900002 85.449997 83.989998 84.540001 4014300 83.220036
20140414 85.089996 86.339996 84.040001 85.50 4011900 84.165046
20140415 85.870003 86.730003 84.32 86.040001 3741700 84.696616
20140416 86.839996 87.480003 86.480003 87.400002 4055100 86.035382
20140417 87.160004 87.919998 85.099998 86.220001 9244400 84.873806
20140421 86.379997 86.860001 86.160004 86.669998 3762300 85.316776
20140422 86.709999 87.440002 86.43 87.07 3420400 85.710533
20140423 87.010002 87.639999 86.669998 87.129997 3788200 85.769593
20140424 87.260002 87.980003 86.910004 87.410004 3187000 86.045228
20140425 87.019997 87.300003 86.620003 87.029999 4226100 85.671156
20140428 87.440002 87.580002 85.849998 87.059998 4760400 85.700687
20140429 87.339996 87.949997 87.190002 87.790001 2852900 86.419292
20140430 87.610001 87.660004 86.959999 87.43 4351600 86.064912
20140501 87.529999 87.580002 86.330002 86.82 4679900 85.464436
20140502 86.769997 87.309998 86.410004 86.93 3707400 85.572719
20140505 86.00 87.419998 85.75 87.360001 3340000 85.996006
20140506 87.25 87.25 86.080002 86.199997 3269400 84.854114
20140507 86.790001 88.050003 86.110001 87.980003 4601500 86.606328
20140508 87.879997 89.279999 87.660004 88.620003 4220200 87.236335
20140509 88.459999 89.029999 88.129997 88.839996 2344700 87.452893
20140512 89.419998 89.970001 89.32 89.660004 2343800 88.260098
20140513 89.650002 90.00 89.040001 89.089996 2298500 87.69899
20140514 89.169998 89.43 88.309998 88.459999 2238500 87.078829
20140515 88.199997 88.580002 87.110001 87.599998 3324400 86.232256
20140516 87.599998 87.760002 86.900002 87.50 3062400 86.133819
20140519 87.18 88.220001 87.110001 88.120003 2000300 86.744141
20140520 87.82 88.050003 86.860001 87.089996 2798400 85.730217
20140521 87.57 88.139999 87.379997 87.860001 2525600 86.488199
20140522 87.790001 88.389999 87.550003 88.150002 2654800 86.773672
20140523 88.110001 88.860001 88.00 88.779999 1858200 87.393833
20140527 89.599998 91.470001 89.349998 91.389999 5093800 89.963082
20140528 91.309998 91.360001 90.629997 91.059998 2466800 89.638233
20140529 91.120003 91.300003 90.529999 91.279999 2668500 89.854799
20140530 91.00 91.68 90.889999 91.50 3594800 90.071365
20140602 91.790001 92.110001 91.43 91.889999 2832100 90.455275
20140603 91.610001 91.849998 91.269997 91.730003 2589100 90.297777
20140604 91.589996 91.900002 91.330002 91.809998 2637000 90.376523
20140605 91.919998 93.209999 91.529999 92.800003 3219200 91.351071
20140606 92.940002 94.940002 92.82 94.910004 4550800 93.428127
20140609 95.080002 95.879997 94.650002 95.57 3825200 94.077818
20140610 95.089996 95.389999 94.68 95.279999 2418300 93.792345
20140611 94.940002 95.260002 94.639999 95.080002 1884000 93.595471
20140612 95.349998 95.480003 94.360001 94.760002 2870500 93.280467
20140613 94.949997 95.169998 94.379997 94.849998 1793000 93.369058
20140616 94.360001 94.75 93.839996 94.370003 2832500 92.896557
20140617 94.370003 95.199997 94.010002 94.660004 2572300 93.18203
20140618 94.75 95.589996 94.080002 95.559998 2454800 94.067972
20140619 95.459999 95.699997 94.529999 95.07 3206400 93.585625
20140620 95.580002 96.040001 95.029999 95.540001 5387400 94.048287
20140623 95.330002 95.75 94.790001 95.510002 2102500 94.018757
20140624 95.089996 95.550003 94.25 94.43 2088700 92.955618
20140625 94.260002 95.209999 94.199997 94.639999 2398400 93.162338
20140626 94.830002 94.940002 93.540001 94.300003 2594800 92.82765
20140627 94.25 95.050003 94.129997 94.93 3630700 93.447811
20140630 95.00 95.339996 94.550003 94.870003 2634300 93.38875
20140701 95.419998 96.239998 95.279999 95.349998 3026300 93.861252
20140702 95.190002 95.779999 95.059998 95.209999 1595500 93.723438
20140703 95.580002 95.940002 95.220001 95.839996 1633800 94.343599
20140707 95.50 95.660004 95.120003 95.400002 1962800 93.910474
20140708 94.919998 95.010002 93.57 94.57 2828700 93.093431
20140709 95.440002 95.550003 94.410004 94.739998 2645500 93.517886
20140710 93.550003 94.809998 93.160004 94.459999 2230000 93.241499
20140711 94.269997 94.589996 93.75 94.470001 2108500 93.251372
20140714 95.230003 95.580002 94.43 94.540001 2388000 93.320469
20140715 94.790001 95.160004 94.00 94.449997 3499200 93.231626
20140716 94.809998 95.089996 94.269997 94.470001 2738000 93.251372
20140717 93.959999 94.699997 92.910004 92.989998 3110800 91.790461
20140718 93.32 93.93 93.099998 93.529999 3363000 92.323496
20140721 93.290001 93.400002 92.379997 92.879997 2321800 91.681879
20140722 93.510002 94.059998 93.220001 93.370003 2411600 92.165564
20140723 93.190002 93.589996 92.82 93.279999 1984800 92.076721
20140724 93.330002 93.620003 92.849998 93.150002 3023400 91.9484
20140725 92.739998 93.07 91.580002 91.93 3903500 90.744137
20140728 91.900002 92.029999 90.900002 91.860001 4274000 90.67504
20140729 91.830002 92.230003 91.510002 91.709999 4773300 90.526973
20140730 92.110001 92.32 90.040001 90.910004 5069300 89.737298
20140731 90.07 90.260002 87.989998 88.00 7561100 86.864832
20140801 87.410004 87.739998 85.75 86.470001 12258300 85.35457
20140804 86.599998 87.239998 86.449997 86.93 5743800 85.808635
20140805 86.650002 87.019997 85.889999 86.360001 5004400 85.245988
20140806 86.040001 86.790001 86.00 86.400002 4805600 85.285473
20140807 86.790001 87.139999 85.889999 86.019997 4539100 84.91037
20140808 86.089996 87.510002 85.910004 87.470001 4206700 86.34167
20140811 87.919998 88.160004 86.940002 86.949997 3594400 85.828374
20140812 87.00 87.089996 86.699997 87.080002 3106600 85.956701
20140813 87.440002 88.07 87.160004 87.400002 2590600 86.272573
20140814 87.50 87.800003 87.099998 87.269997 3498800 86.144245
20140815 87.779999 87.879997 86.230003 86.599998 3290800 85.48289
20140818 87.290001 87.480003 86.980003 87.160004 2662100 86.035671
20140819 87.580002 88.279999 87.449997 88.120003 3523700 86.983287
20140820 88.010002 88.650002 87.900002 88.489998 3142900 87.348509
20140821 88.639999 89.330002 88.589996 89.139999 3019300 87.990126
20140822 88.889999 89.510002 88.830002 88.879997 2796200 87.733478
20140825 89.559998 90.220001 89.32 89.589996 3730000 88.434318
20140826 89.610001 89.93 89.080002 89.150002 2934600 87.999999
20140827 89.25 89.589996 88.989998 89.239998 2632300 88.088834
20140828 88.839996 89.330002 88.610001 89.019997 3324900 87.871671
20140829 89.370003 89.699997 89.089996 89.550003 2672700 88.39484
20140902 89.900002 90.129997 89.279999 89.720001 3592100 88.562646
20140903 90.129997 90.489998 90.00 90.139999 2930800 88.977226
20140904 90.110001 90.459999 89.419998 89.650002 2594100 88.493549
20140905 89.639999 89.739998 89.019997 89.610001 2571200 88.454064
20140908 89.400002 89.830002 88.620003 88.93 3617600 87.782836
20140909 88.849998 88.900002 87.75 87.900002 4014300 86.766123
20140910 88.099998 88.660004 88.010002 88.410004 3471000 87.269547
20140911 88.010002 88.599998 87.879997 88.419998 2757000 87.279412
20140912 88.18 88.300003 87.440002 87.639999 4739100 86.509475
20140915 88.349998 88.349998 87.110001 87.379997 3983800 86.252827
20140916 87.160004 88.699997 86.879997 88.360001 5946200 87.220189
20140917 88.610001 89.559998 88.330002 89.07 4460700 87.921029
20140918 89.330002 90.589996 89.309998 90.099998 4309800 88.937741
20140919 90.68 90.68 89.419998 89.699997 7118600 88.5429
20140922 89.580002 90.089996 88.900002 88.989998 3134700 87.842059
20140923 88.550003 89.260002 88.230003 88.309998 3711000 87.170831
20140924 88.470001 88.650002 87.870003 88.519997 5089900 87.378121
20140925 88.510002 88.82 86.760002 86.760002 5648000 85.64083
20140926 87.160004 88.669998 86.949997 88.370003 4480300 87.230062
20140929 87.629997 88.029999 87.139999 87.949997 3304100 86.815474
20140930 88.199997 88.32 87.349998 87.540001 3867100 86.410767
20141001 86.900002 87.309998 85.510002 85.809998 4777800 84.955402
20141002 86.389999 86.50 85.059998 85.870003 4216800 85.01481
20141003 86.660004 87.309998 86.220001 87.160004 4601400 86.291963
20141006 87.68 87.970001 86.760002 87.029999 3147300 86.163253
20141007 86.449997 86.449997 85.330002 85.349998 3905000 84.499984
20141008 85.410004 87.470001 85.00 87.410004 4238200 86.539473
20141009 87.330002 87.980003 85.82 85.889999 5394400 85.034607
20141010 85.779999 86.699997 84.989998 84.989998 4226400 84.143569
20141013 84.760002 85.25 82.610001 82.779999 5072300 81.955579
20141014 83.269997 83.389999 82.510002 82.739998 6165000 81.915977
20141015 81.300003 81.790001 78.410004 80.93 9155600 80.124005
20141016 80.290001 81.470001 78.809998 80.239998 9159300 79.440875
20141017 80.910004 84.519997 80.900002 82.580002 9175000 81.757574
20141020 82.790001 84.099998 82.629997 84.010002 5231100 83.173333
20141021 84.699997 85.660004 84.440002 85.639999 4847100 84.787097
20141022 85.620003 85.870003 83.93 83.959999 5182200 83.123828
20141023 85.129997 85.849998 84.870003 85.610001 5000300 84.757397
20141024 85.690002 86.43 85.589996 86.400002 3608000 85.53953
20141027 86.010002 86.75 85.760002 86.629997 3610100 85.767235
20141028 87.07 88.010002 86.959999 88.010002 3598400 87.133496
20141029 88.239998 88.989998 87.650002 88.339996 4592500 87.460204
20141030 88.589996 89.489998 88.199997 88.739998 5069300 87.856222
20141031 89.940002 90.599998 89.370003 89.949997 6848600 89.05417
20141103 90.32 91.209999 90.220001 90.849998 3707900 89.945209
20141104 90.620003 91.43 90.50 91.379997 3163100 90.469929
20141105 91.760002 92.449997 91.760002 92.419998 3617600 91.499573
20141106 92.129997 92.199997 91.110001 91.580002 6005800 90.667942
20141107 91.709999 92.480003 91.230003 92.260002 3669200 91.34117
20141110 92.209999 92.43 91.849998 92.400002 2938700 91.479775
20141111 92.279999 92.589996 91.489998 91.739998 2719800 90.826344
20141112 91.160004 91.669998 91.099998 91.550003 3825200 90.638242
20141113 91.699997 91.699997 90.940002 91.07 3637900 90.163019
20141114 91.07 91.239998 90.349998 90.669998 2361600 89.767001
20141117 90.239998 90.260002 89.650002 90.129997 2620500 89.232378
20141118 90.209999 90.93 90.029999 90.580002 2175500 89.677901
20141119 90.300003 90.760002 90.019997 90.50 2661200 89.598696
20141120 89.830002 90.910004 89.82 90.620003 2825700 89.717504
20141121 91.660004 91.68 90.300003 90.389999 4039200 89.489791
20141124 90.800003 91.169998 90.209999 91.040001 3459500 90.133319
20141125 91.199997 91.580002 90.760002 91.400002 3309600 90.489734
20141126 91.709999 91.709999 90.93 91.449997 2218200 90.539232
20141128 91.610001 92.550003 91.580002 92.419998 3070000 91.499573
20141201 92.07 92.629997 91.660004 92.139999 3343000 91.222362
20141202 92.599998 93.00 92.32 93.00 3108100 92.073798
20141203 92.610001 93.120003 91.050003 91.25 5911100 90.341227
20141204 91.849998 91.849998 91.190002 91.830002 3991000 90.915452
20141205 92.290001 92.860001 92.050003 92.650002 2872600 91.727285
20141208 92.68 93.889999 92.400002 93.559998 4467600 92.628218
20141209 92.190002 93.400002 91.980003 93.360001 4069100 92.430213
20141210 92.860001 93.690002 92.559998 92.75 4658000 91.826288
20141211 93.110001 94.620003 92.949997 93.129997 4419100 92.202501
20141212 92.400002 93.019997 90.940002 91.00 4480300 90.093716
20141215 91.440002 91.580002 89.150002 90.040001 4766700 89.143278
20141216 89.370003 90.790001 88.190002 88.239998 4948800 87.361201
20141217 88.559998 90.57 88.339996 90.440002 5204400 89.539296
20141218 91.699997 93.209999 91.489998 93.169998 4554200 92.242103
20141219 92.959999 93.910004 92.349998 92.900002 7170300 91.974795
20141222 92.989998 93.660004 92.830002 93.620003 2910800 92.687626
20141223 93.699997 94.279999 93.650002 93.82 2864800 92.885631
20141224 93.959999 94.790001 93.959999 94.080002 1321500 93.143044
20141226 94.199997 94.800003 94.199997 94.290001 1439900 93.350952
20141229 94.00 94.889999 94.00 94.269997 1483000 93.331147
20141230 94.230003 94.459999 94.029999 94.269997 1425100 93.331147
20141231 94.650002 94.75 93.00 93.040001 2306200 92.113401
20150102 93.169998 93.940002 92.139999 93.019997 2437500 92.093595
20150105 92.459999 92.779999 90.32 90.559998 3469600 89.658096
20150106 90.790001 90.900002 87.940002 88.629997 4800300 87.747317
20150107 91.010002 91.010002 89.529999 90.300003 5665200 89.663724
20150108 91.440002 91.809998 91.00 91.580002 3774200 90.934703
20150109 91.580002 91.800003 90.239998 90.419998 3681700 89.782873
20150112 90.50 90.940002 89.080002 89.50 3230700 88.869358
20150113 90.269997 91.139999 88.43 89.230003 3529400 88.601264
20150114 87.440002 88.419998 86.25 87.07 6628400 86.45648
20150115 87.07 88.029999 84.550003 85.879997 5830900 85.274863
20150116 85.540001 86.209999 84.739998 86.040001 6768700 85.433739
20150120 86.459999 87.720001 86.419998 87.260002 6364100 86.645144
20150121 87.559998 87.720001 86.769997 87.669998 7185700 87.052251
20150122 84.50 86.120003 83.50 84.370003 16390100 83.775508
20150123 84.43 85.32 83.959999 84.129997 7366100 83.537194
20150126 83.779999 84.300003 83.120003 83.300003 6632800 82.713048
20150127 82.50 83.279999 82.080002 82.400002 6329500 81.819388
20150128 82.800003 83.389999 81.709999 81.730003 7942200 81.154111
20150129 82.07 82.330002 81.160004 82.00 7545900 81.422205
20150130 82.120003 82.199997 80.559998 80.690002 7210500 80.121438
20150202 80.959999 82.25 80.849998 82.129997 5459300 81.551286
20150203 82.580002 83.769997 82.540001 83.730003 5586200 83.140018
20150204 83.50 84.470001 83.330002 83.610001 6155700 83.020861
20150205 84.25 84.93 84.080002 84.730003 3966600 84.132972
20150206 85.110001 86.010002 84.769997 85.010002 5102900 84.410998
20150209 84.529999 85.25 84.300003 84.980003 3101300 84.38121
20150210 85.599998 85.970001 85.120003 85.839996 3589900 85.235143
20150211 85.870003 86.18 85.32 86.010002 4374800 85.403951
20150212 80.029999 81.529999 80.00 80.480003 32653100 79.912919
20150213 79.440002 79.75 77.720001 78.080002 34874400 77.529828
20150217 77.160004 79.32 77.120003 79.080002 18578300 78.522782
20150218 78.720001 80.269997 78.720001 79.779999 13417000 79.217846
20150219 79.889999 79.980003 77.559998 78.400002 20858000 77.847573
20150220 78.220001 79.879997 78.199997 79.830002 11348700 79.267497
20150223 79.989998 80.480003 79.470001 80.300003 6868600 79.734187
20150224 80.300003 81.699997 80.260002 80.860001 10951000 80.290238
20150225 81.160004 82.25 80.870003 82.169998 8184700 81.591005
20150226 83.010002 83.470001 82.410004 83.25 8702800 82.663397
20150227 83.25 83.379997 81.519997 81.589996 8121200 81.01509
20150302 81.589996 82.209999 81.559998 82.029999 5503100 81.451992
20150303 80.989998 81.93 80.900002 81.910004 6856100 81.332843
20150304 81.550003 81.559998 80.559998 80.629997 6141000 80.061856
20150305 80.660004 81.400002 80.639999 81.150002 5571800 80.578196
20150306 80.629997 81.150002 80.059998 80.309998 6530200 79.744111
20150309 80.150002 80.830002 79.949997 80.510002 5846100 79.942706
20150310 79.730003 79.769997 78.870003 79.110001 7525000 78.552569
20150311 79.400002 79.75 79.110001 79.449997 4546200 78.89017
20150312 80.099998 82.00 80.029999 81.559998 9386600 80.985303
20150313 81.50 81.650002 79.949997 80.599998 6919400 80.032068
20150316 80.879997 81.650002 80.75 81.50 5295100 80.925728
20150317 81.199997 81.209999 80.550003 81.059998 4258200 80.488826
20150318 80.580002 82.32 80.269997 81.860001 6449400 81.283192
20150319 81.839996 81.959999 80.940002 81.540001 4677000 80.965447
20150320 81.790001 83.059998 81.50 82.699997 9338100 82.117269
20150323 82.699997 83.540001 82.199997 82.199997 7291700 81.620793
20150324 82.040001 82.160004 81.269997 81.370003 5217800 80.796647
20150325 81.419998 81.470001 80.029999 80.110001 8908000 79.545523
20150326 79.669998 79.779999 77.889999 78.480003 16181300 77.927011
20150327 78.400002 78.639999 77.709999 77.970001 9022600 77.420603
20150330 78.349998 78.75 78.00 78.050003 7285200 77.500041
20150331 77.889999 78.529999 77.620003 78.120003 5918300 77.828811
20150401 78.050003 79.32 77.849998 78.93 6163500 78.635789
20150402 78.93 79.769997 78.57 79.699997 5695200 79.402916
20150406 79.339996 80.099998 78.730003 79.629997 3831100 79.333177
20150407 78.589996 79.379997 78.260002 78.330002 5919200 78.038027
20150408 78.419998 79.360001 78.300003 78.690002 6405800 78.396686
20150409 78.629997 79.330002 78.410004 79.160004 4288100 78.864935
20150410 79.419998 79.970001 79.199997 79.589996 3442000 79.293325
20150413 79.730003 79.989998 79.260002 79.269997 4092000 78.974518
20150414 79.599998 79.970001 78.889999 79.489998 4213200 79.193699
20150415 79.43 80.300003 79.419998 79.75 6042700 79.452732
20150416 79.43 81.169998 79.25 80.910004 8084800 80.608412
20150417 78.400002 78.50 76.529999 77.32 22112500 77.03179
20150420 77.389999 77.849998 76.959999 77.230003 8432600 76.942129
20150421 77.379997 77.800003 77.239998 77.279999 5125000 76.991938
20150422 77.410004 78.650002 77.18 78.440002 7318100 78.147618
20150423 78.059998 78.370003 77.739998 78.150002 4815400 77.858698
20150424 78.300003 78.330002 77.769997 77.989998 3400700 77.69929
20150427 77.830002 77.959999 77.040001 77.489998 6901700 77.201154
20150428 77.690002 77.730003 76.940002 77.489998 6493400 77.201154
20150429 77.129997 77.470001 77.00 77.160004 4322600 76.87239
20150430 77.040001 77.68 76.980003 77.449997 6754100 77.161302
20150501 77.849998 77.889999 77.309998 77.68 3859200 77.390448
20150504 77.959999 78.540001 77.739998 78.279999 3896700 77.98821
20150505 77.980003 78.519997 77.779999 77.839996 5325800 77.549848
20150506 78.699997 78.849998 77.389999 77.849998 5896600 77.559813
20150507 77.839996 78.739998 77.599998 78.43 7924600 78.137653
20150508 78.889999 79.639999 78.769997 78.980003 7198100 78.685606
20150511 79.050003 80.25 79.010002 79.699997 5827400 79.402916
20150512 79.150002 79.43 78.440002 79.080002 4575700 78.785231
20150513 79.50 80.010002 79.269997 79.860001 5494500 79.562323
20150514 80.339996 80.900002 80.269997 80.75 4450800 80.449005
20150515 80.900002 81.160004 79.989998 80.220001 4479300 79.920982
20150518 80.279999 80.550003 79.779999 80.169998 4579900 79.871165
20150519 80.370003 81.599998 80.370003 81.360001 6063500 81.056732
20150520 81.410004 81.449997 80.779999 80.959999 3986700 80.658221
20150521 80.540001 81.169998 80.410004 80.760002 4249700 80.45897
20150522 80.839996 81.580002 80.720001 81.25 3395800 80.947141
20150526 81.120003 81.459999 79.940002 80.190002 5282700 79.891095
20150527 80.449997 80.629997 79.839996 80.110001 5105100 79.811391
20150528 79.970001 80.25 79.879997 80.089996 4443000 79.791461
20150529 80.040001 80.099998 79.580002 79.720001 7385100 79.422845
20150601 79.940002 80.169998 78.949997 79.470001 4716900 79.173777
20150602 79.260002 80.269997 79.18 79.989998 4197300 79.691835
20150603 80.32 81.269997 80.120003 80.599998 4321400 80.299562
20150604 80.050003 80.339996 79.199997 79.360001 5438100 79.064187
20150605 79.739998 79.879997 79.230003 79.389999 4817000 79.094074
20150608 79.43 79.839996 78.800003 78.809998 5883600 78.516234
20150609 78.879997 79.389999 78.860001 79.169998 4506300 78.874892
20150610 79.199997 80.489998 79.199997 80.190002 5865400 79.891095
20150611 80.339996 80.769997 80.00 80.300003 4013400 80.000685
20150612 80.43 80.449997 79.110001 79.529999 6253500 79.233551
20150615 79.00 79.370003 78.82 79.25 4929300 78.954596
20150616 79.040001 79.800003 79.00 79.360001 6992700 79.064187
20150617 79.639999 80.860001 79.459999 80.32 6945600 80.020607
20150618 80.239998 80.900002 79.809998 80.769997 4632300 80.468927
20150619 80.519997 80.620003 79.790001 80.190002 13054800 79.891095
20150622 80.68 81.709999 80.660004 81.25 5548600 80.947141
20150623 81.440002 81.919998 81.290001 81.360001 5356300 81.056732
20150624 80.940002 81.360001 80.739998 80.739998 5637600 80.43904
20150625 80.989998 81.00 79.879997 79.879997 6591100 79.582245
20150626 80.169998 80.449997 79.830002 79.879997 15746700 79.582245
20150629 79.220001 79.349998 77.739998 77.800003 8553300 77.510004
20150630 78.169998 78.410004 77.650002 77.720001 7793000 77.720001
20150701 78.639999 78.910004 78.160004 78.400002 5319900 78.400002
20150702 78.690002 79.129997 78.18 78.209999 4577700 78.209999
20150706 77.550003 77.849998 77.339996 77.589996 5724800 77.589996
20150707 77.559998 77.800003 76.410004 77.550003 7183000 77.550003
20150708 76.889999 77.199997 75.75 75.93 5544800 75.93
20150709 76.629997 77.449997 76.290001 76.339996 3934000 76.339996
20150710 77.309998 77.489998 76.910004 77.309998 3036000 77.309998
20150713 77.970001 78.610001 77.769997 78.529999 3677500 78.529999
20150714 78.599998 79.139999 78.209999 78.970001 3850100 78.970001
20150715 79.010002 79.360001 78.32 78.540001 3936200 78.540001
20150716 79.00 79.160004 78.669998 78.919998 4081400 78.919998
20150717 78.739998 79.25 78.650002 79.220001 3066400 79.220001
20150720 79.199997 79.629997 79.18 79.300003 3517700 79.300003
20150721 79.199997 79.410004 78.449997 78.949997 3933400 78.949997
20150722 78.800003 79.190002 78.599998 78.989998 4272900 78.989998
20150723 77.699997 77.949997 76.129997 77.010002 12216100 77.010002
20150724 76.650002 77.150002 75.68 75.900002 8626900 75.900002
20150727 75.440002 75.599998 74.300003 74.919998 9818000 74.919998
20150728 75.120003 75.57 74.370003 75.110001 5439400 75.110001
20150729 75.110001 76.010002 74.919998 75.699997 4537600 75.699997
20150730 75.790001 76.209999 75.639999 76.120003 4744200 76.120003
20150731 76.389999 76.669998 75.989998 76.059998 6290400 76.059998
20150803 75.860001 76.160004 75.43 75.980003 5122100 75.980003
20150804 75.769997 76.160004 75.629997 75.720001 4114200 75.720001
20150805 76.349998 76.480003 75.589996 75.589996 5526100 75.589996
20150806 75.650002 75.790001 74.709999 75.00 4522100 75.00
20150807 75.00 80.220001 74.339996 79.720001 23615000 79.720001
20150810 79.690002 81.389999 79.50 81.260002 12582600 81.260002
20150811 80.43 81.650002 80.25 81.339996 8228100 81.339996
20150812 80.720001 81.089996 79.800003 81.00 6945600 81.00
20150813 81.00 81.00 80.379997 80.760002 4713300 80.760002
20150814 80.510002 81.330002 80.419998 80.910004 5366600 80.910004
20150817 80.389999 81.169998 80.25 81.00 4567500 81.00
20150818 81.050003 81.419998 80.699997 81.239998 4455600 81.239998
20150819 80.919998 81.660004 80.410004 80.949997 5310900 80.949997
20150820 80.110001 80.459999 78.730003 78.760002 7185100 78.760002
20150821 78.120003 78.610001 77.029999 77.029999 8344100 77.029999
20150824 73.360001 76.080002 71.709999 74.650002 12608300 74.650002
20150825 76.269997 76.550003 73.279999 73.519997 7457700 73.519997
20150826 75.389999 75.900002 73.959999 75.629997 6446400 75.629997
20150827 75.879997 77.18 75.519997 76.879997 6738600 76.879997
20150828 76.32 76.809998 75.93 76.650002 4902500 76.650002
20150831 76.260002 77.260002 75.970001 76.720001 4522900 76.720001
20150901 74.849998 75.360001 73.599998 74.00 6033600 74.00
20150902 74.900002 75.209999 73.970001 74.940002 5872000 74.940002
20150903 75.379997 76.25 75.050003 75.260002 4696700 75.260002
20150904 74.279999 74.519997 73.57 74.080002 5090500 74.080002
20150908 75.580002 75.730003 74.919998 75.489998 5978300 75.489998
20150909 76.080002 76.510002 74.980003 75.120003 4921600 75.120003
20150910 75.150002 75.860001 74.980003 75.309998 4745600 75.309998
20150911 75.080002 75.529999 74.790001 75.50 3843600 75.50
20150914 75.160004 75.50 74.779999 75.139999 4427700 75.139999
20150915 75.459999 76.75 75.230003 76.50 5409800 76.50
20150916 76.459999 77.510002 76.389999 77.32 4096600 77.32
20150917 77.459999 78.400002 76.769997 77.059998 4124300 77.059998
20150918 76.050003 76.800003 75.720001 75.949997 12276100 75.949997
20150921 76.419998 77.32 76.32 76.739998 3255500 76.739998
20150922 75.610001 75.769997 75.00 75.709999 4965200 75.709999
20150923 75.510002 75.959999 75.129997 75.629997 3146000 75.629997
20150924 74.989998 75.029999 73.849998 74.690002 6011500 74.690002
20150925 75.389999 75.669998 74.720001 75.099998 4464600 75.099998
