20130102 76.550003 77.330002 76.449997 77.07 5036400 72.458451
20130103 76.989998 77.980003 76.370003 77.470001 3987000 72.834518
20130104 77.790001 78.019997 77.440002 77.690002 3431700 73.041355
20130107 77.540001 77.690002 75.339996 76.129997 7172600 71.574694
20130108 75.239998 75.809998 73.110001 74.129997 20268100 69.694366
20130109 74.919998 76.809998 74.910004 76.760002 10915800 72.167002
20130110 76.93 77.120003 76.160004 77.089996 5026600 72.477251
20130111 75.709999 76.099998 74.599998 75.160004 9808500 70.662741
20130114 75.230003 76.589996 74.900002 76.550003 6221100 71.969568
20130115 76.209999 76.980003 76.18 76.940002 3900600 72.336232
20130116 73.849998 74.639999 73.559998 74.339996 18212000 69.891799
20130117 72.779999 75.629997 72.68 75.260002 21849200 70.756756
20130118 75.160004 75.160004 74.290001 75.040001 10829000 70.549919
20130122 74.120003 74.269997 73.769997 74.160004 9161900 69.722577
20130123 73.989998 74.589996 73.449997 74.290001 7784900 69.844795
20130124 74.410004 75.540001 74.410004 75.32 7292200 70.813163
20130125 75.290001 75.419998 74.790001 75.029999 6163200 70.540515
20130128 73.900002 74.650002 73.889999 74.00 7759000 69.572147
20130129 74.239998 74.239998 73.00 73.650002 9296800 69.243091
20130130 74.419998 74.75 73.730003 74.589996 10048600 70.12684
20130131 74.50 74.620003 73.760002 73.870003 7639000 69.449928
20130201 74.489998 75.07 74.230003 74.870003 6749300 70.390092
20130204 74.290001 75.529999 74.25 75.209999 5799800 70.709745
20130205 75.690002 76.980003 75.610001 75.889999 6831200 71.349057
20130206 75.470001 76.300003 75.400002 76.290001 4716600 71.725124
20130207 76.32 77.540001 76.279999 77.43 7773000 72.79691
20130208 77.239998 77.389999 76.279999 76.559998 5100400 71.978965
20130211 76.419998 76.440002 75.849998 75.870003 3677100 71.330257
20130212 76.059998 76.25 75.830002 75.989998 3597400 71.443072
20130213 75.669998 75.830002 74.629997 74.779999 4313500 70.757077
20130214 74.690002 75.309998 74.540001 74.93 3830400 70.899008
20130215 75.260002 75.260002 74.720001 75.029999 3650700 70.993627
20130219 74.989998 75.190002 74.269997 74.650002 3882500 70.634073
20130220 75.639999 76.25 74.75 74.779999 7551300 70.757077
20130221 74.959999 76.18 74.910004 76.010002 7438600 71.92091
20130222 76.699997 77.029999 76.480003 76.660004 5391200 72.535943
20130225 76.830002 76.900002 75.029999 75.029999 4936300 70.993627
20130226 75.43 75.910004 75.139999 75.650002 3436700 71.580276
20130227 75.529999 77.93 75.529999 77.360001 7160000 73.198283
20130228 77.239998 77.730003 76.400002 76.900002 5593400 72.76303
20130301 76.699997 77.589996 76.580002 77.279999 6024200 73.122585
20130304 76.949997 77.400002 76.169998 77.089996 4748600 72.942804
20130305 77.449997 78.849998 77.110001 78.660004 5693200 74.42835
20130306 78.669998 79.279999 78.489998 79.080002 3826100 74.825753
20130307 79.370003 81.949997 79.370003 81.050003 10029900 76.689775
20130308 81.160004 81.699997 80.720001 81.230003 5231700 76.860092
20130311 81.010002 83.029999 80.959999 82.940002 5087300 78.478098
20130312 83.099998 84.620003 83.00 84.160004 6600800 79.632467
20130313 84.379997 84.849998 83.519997 84.75 7750900 80.190724
20130314 84.620003 85.099998 84.129997 84.620003 5027800 80.06772
20130315 84.75 86.489998 84.50 86.43 8205400 81.780346
20130318 85.07 85.769997 85.040001 85.18 4803900 80.597592
20130319 85.529999 86.00 85.239998 85.510002 5381200 80.90984
20130320 85.849998 86.139999 85.18 85.370003 3783500 80.777372
20130321 85.199997 85.830002 84.18 84.330002 3672400 79.79332
20130322 84.519997 85.099998 84.519997 84.82 2841600 80.256958
20130325 85.029999 85.480003 84.339996 84.849998 3528400 80.285343
20130326 85.43 86.839996 85.410004 86.620003 5083400 81.960127
20130327 85.75 86.419998 85.050003 86.199997 3185700 81.562716
20130328 86.410004 86.50 85.419998 85.849998 4884300 81.231546
20130401 85.599998 86.190002 85.029999 85.25 2867200 80.663826
20130402 85.389999 85.50 83.800003 84.089996 4764900 79.566226
20130403 84.300003 85.349998 84.07 84.360001 3885000 79.821705
20130404 84.790001 85.019997 84.209999 84.949997 3352500 80.379962
20130405 84.07 86.300003 83.910004 86.169998 6109500 81.534331
20130408 86.040001 86.809998 85.379997 86.75 5003600 82.08313
20130409 87.120003 87.489998 86.190002 87.209999 6058400 82.518383
20130410 87.339996 88.559998 87.059998 87.82 4635200 83.095568
20130411 87.959999 89.459999 87.839996 88.529999 5394200 83.767371
20130412 88.290001 88.93 88.00 88.889999 2588300 84.108005
20130415 88.440002 88.769997 86.769997 86.769997 4324000 82.102051
20130416 87.449997 88.349998 86.43 86.889999 5233900 82.215598
20130417 86.470001 87.00 85.779999 86.690002 3781100 82.02636
20130418 87.059998 87.160004 85.75 86.120003 2792800 81.487025
20130419 87.57 88.080002 86.57 87.959999 6322200 83.228035
20130422 88.080002 88.080002 86.440002 86.940002 4248700 82.262911
20130423 87.349998 88.510002 87.199997 88.18 3130700 83.436201
20130424 91.949997 92.650002 90.419998 90.830002 9231700 85.943641
20130425 91.349998 92.620003 90.07 91.669998 5766100 86.738449
20130426 91.889999 93.379997 91.669998 92.849998 5910600 87.854969
20130429 91.400002 92.410004 91.190002 91.900002 6265900 86.956078
20130430 91.349998 91.989998 90.82 91.410004 4714300 86.492441
20130501 91.080002 91.75 90.720001 91.18 4567300 86.274811
20130502 91.239998 92.82 91.199997 92.209999 4514800 87.249399
20130503 92.849998 93.949997 92.669998 93.739998 4700100 88.697089
20130506 93.440002 94.790001 93.360001 94.190002 5504800 89.122885
20130507 94.309998 95.040001 94.059998 94.790001 3858400 89.690605
20130508 94.309998 94.440002 93.769997 94.040001 3204300 89.438574
20130509 94.07 95.150002 94.040001 94.610001 3677500 89.980684
20130510 94.75 94.989998 93.82 94.239998 3918600 89.628785
20130513 94.120003 95.160004 94.099998 94.760002 3492000 90.123345
20130514 94.919998 96.190002 94.699997 96.110001 4646500 91.407288
20130515 95.690002 97.470001 95.599998 97.019997 4875100 92.272757
20130516 96.889999 97.199997 96.300003 96.580002 5036700 91.854292
20130517 97.019997 99.040001 97.00 98.919998 7408900 94.079791
20130520 99.120003 99.330002 98.519997 98.720001 6535200 93.88958
20130521 98.589996 99.050003 97.900002 98.75 4415400 93.918111
20130522 98.860001 99.480003 97.860001 97.93 8399700 93.138234
20130523 97.18 99.989998 97.059998 99.75 6975700 94.86918
20130524 99.75 100.580002 98.849998 100.00 6746300 95.106947
20130528 100.849998 101.470001 100.110001 100.110001 5736000 95.211566
20130529 99.559998 100.029999 98.900002 99.089996 4405800 94.241471
20130530 99.290001 100.989998 99.059998 100.540001 4784400 95.620526
20130531 100.209999 100.949997 99.019997 99.019997 4218700 94.174896
20130603 99.360001 100.900002 99.300003 100.739998 6472900 95.810737
20130604 100.480003 100.919998 99.080002 99.610001 3769800 94.736031
20130605 99.339996 99.709999 98.050003 98.489998 5151000 93.67083
20130606 98.650002 99.809998 98.419998 99.760002 4131700 94.878693
20130607 100.25 102.589996 100.059998 102.489998 5732900 97.475108
20130610 102.510002 102.949997 101.510002 102.239998 4047500 97.237341
20130611 101.610001 102.779999 100.900002 101.75 3144100 96.771319
20130612 102.190002 102.419998 100.610001 100.879997 2936500 95.943886
20130613 100.959999 102.339996 100.849998 102.160004 4076500 97.161261
20130614 102.160004 103.220001 101.50 101.830002 3944400 96.847406
20130617 102.690002 103.519997 102.519997 103.029999 4217400 97.988687
20130618 103.220001 104.150002 102.650002 104.080002 4035700 98.987313
20130619 103.830002 104.150002 102.239998 102.25 4186900 97.246854
20130620 101.459999 101.860001 99.379997 99.639999 7114800 94.764562
20130621 100.080002 100.139999 97.419998 99.980003 10328800 95.087929
20130624 99.059998 99.459999 96.309998 97.849998 5585200 93.062147
20130625 99.199997 99.660004 98.18 98.669998 3557900 93.842023
20130626 99.650002 101.389999 99.57 100.75 5267300 95.82025
20130627 102.410004 103.519997 102.010002 103.150002 6577700 98.102818
20130628 102.860001 103.489998 102.32 102.440002 5432500 97.427559
20130701 102.93 104.019997 102.93 103.239998 4091200 98.18841
20130702 103.220001 103.25 100.82 101.470001 4147000 96.505021
20130703 101.010002 103.040001 100.779999 102.889999 2891700 97.855538
20130705 103.699997 104.199997 102.75 104.199997 3671700 99.101436
20130708 104.00 105.099998 103.440002 104.370003 4222700 99.263124
20130709 105.269997 105.75 104.459999 104.68 3991800 99.557953
20130710 104.50 105.599998 104.410004 105.50 3872700 100.33783
20130711 106.43 107.459999 106.290001 106.879997 4529800 101.650303
20130712 106.860001 108.150002 98.989998 101.870003 44391800 96.88545
20130715 103.830002 105.870003 103.099998 105.660004 13169900 100.490004
20130716 105.690002 105.800003 103.779999 104.230003 5839100 99.129974
20130717 104.449997 105.43 104.419998 104.790001 3931800 99.662571
20130718 104.959999 107.980003 104.800003 107.629997 8046400 102.363605
20130719 107.129997 107.129997 105.610001 106.959999 5992000 101.72639
20130722 107.269997 107.32 106.449997 106.860001 4168800 101.631285
20130723 107.18 107.980003 106.339996 107.790001 5081600 102.515779
20130724 109.239998 109.489998 106.260002 106.949997 7723500 101.716877
20130725 106.360001 107.120003 105.849998 106.699997 5267100 101.47911
20130726 106.220001 106.220001 105.309998 105.599998 4216100 100.432935
20130729 103.519997 105.120003 103.50 104.809998 4041800 99.681589
20130730 104.940002 106.010002 104.800003 105.730003 5022700 100.556579
20130731 105.919998 106.279999 104.989998 105.099998 4487800 99.9574
20130801 105.989998 107.00 105.779999 106.699997 4910800 101.47911
20130802 106.00 107.949997 106.00 107.900002 4226200 102.620398
20130805 107.139999 107.800003 107.139999 107.50 3559200 102.239968
20130806 107.349998 107.709999 106.620003 107.040001 5199900 101.802477
20130807 106.209999 106.68 105.529999 106.419998 3158600 101.673494
20130808 106.68 107.239998 105.830002 105.839996 3741400 101.119361
20130809 105.370003 106.150002 104.879997 105.330002 3326500 100.632113
20130812 104.860001 105.07 104.050003 104.239998 3830800 99.590725
20130813 104.309998 106.550003 104.269997 106.230003 3578300 101.491973
20130814 106.160004 106.160004 104.07 104.160004 4481100 99.514299
20130815 103.190002 103.290001 101.769997 102.730003 4359400 98.148079
20130816 102.82 103.940002 102.699997 103.470001 3469100 98.855072
20130819 103.00 105.199997 102.879997 104.720001 3512200 100.04932
20130820 104.690002 105.080002 104.550003 104.629997 3448900 99.96333
20130821 104.470001 104.760002 103.599998 103.910004 3645600 99.275449
20130822 103.879997 105.50 103.879997 105.139999 2857800 100.450585
20130823 105.50 105.50 104.800003 105.480003 3016100 100.775424
20130826 105.75 106.519997 105.209999 105.529999 2480400 100.82319
20130827 104.400002 105.139999 103.059998 103.209999 4376900 98.606666
20130828 103.099998 103.82 102.57 103.269997 2816300 98.663988
20130829 103.279999 105.440002 103.00 104.93 3095400 100.249952
20130830 104.919998 104.959999 103.599998 103.919998 2723800 99.284998
20130903 105.129997 105.830002 104.660004 105.010002 3659800 100.326386
20130904 105.050003 107.120003 104.620003 106.370003 3837500 101.625728
20130905 106.160004 106.980003 105.669998 106.650002 2590500 101.893239
20130906 107.00 107.379997 105.110001 106.07 3265200 101.339106
20130909 106.580002 107.379997 106.559998 107.190002 2907600 102.409155
20130910 107.639999 108.449997 107.400002 108.169998 3848000 103.345441
20130911 108.25 109.230003 107.800003 109.230003 3313700 104.358168
20130912 109.190002 110.220001 109.139999 109.800003 4766800 104.902745
20130913 109.93 111.330002 109.559998 111.330002 3503400 106.364503
20130916 113.730003 115.889999 113.260002 115.669998 7711200 110.510929
20130917 115.779999 117.480003 115.589996 117.110001 5308300 111.886705
20130918 117.279999 119.519997 116.550003 118.400002 6330600 113.11917
20130919 119.220001 120.379997 118.809998 119.040001 5766700 113.730624
20130920 119.150002 119.220001 116.629997 116.629997 8745400 111.428111
20130923 117.150002 118.370003 115.800003 117.510002 5450200 112.268866
20130924 117.190002 119.889999 116.800003 119.00 5020000 113.692407
20130925 119.32 119.610001 118.160004 118.510002 3566600 113.224264
20130926 118.709999 119.50 118.510002 119.379997 2820400 114.055456
20130927 118.510002 119.169998 117.790001 118.739998 2848900 113.444002
20130930 117.349998 117.889999 116.370003 117.50 4032900 112.25931
20131001 117.970001 118.300003 117.080002 117.75 2880700 112.498159
20131002 117.379997 117.839996 116.279999 117.839996 2871900 112.584142
20131003 117.349998 117.489998 114.730003 115.239998 4455100 110.100107
20131004 115.269997 117.260002 115.25 117.199997 3998000 111.972687
20131007 115.510002 117.169998 115.400002 116.690002 3822000 111.485439
20131008 116.669998 117.32 115.419998 115.440002 4574000 110.291191
20131009 115.400002 115.400002 113.339996 114.470001 4722200 109.364454
20131010 116.099998 119.00 115.910004 118.900002 5635400 113.596869
20131011 118.599998 119.400002 117.830002 117.980003 4505500 112.717904
20131014 117.419998 119.550003 116.690002 119.459999 3617800 114.13189
20131015 119.419998 119.589996 118.139999 118.18 2749700 112.908981
20131016 118.779999 120.660004 118.75 120.339996 4036900 114.972638
20131017 119.809998 122.389999 119.809998 122.290001 4114200 116.835669
20131018 122.50 122.860001 121.25 122.519997 3924200 117.055406
20131021 122.690002 122.739998 121.059998 121.470001 3207900 116.052242
20131022 122.00 123.800003 121.879997 122.480003 4431200 117.017197
20131023 126.00 129.990005 125.900002 129.020004 10766300 123.265503
20131024 129.009995 129.570007 127.940002 128.979996 4976200 123.227279
20131025 129.25 131.429993 128.220001 131.190002 5467600 125.338716
20131028 128.75 130.470001 128.639999 129.880005 4655800 124.087146
20131029 129.350006 129.880005 128.759995 129.660004 3608700 123.876958
20131030 129.559998 131.429993 129.020004 129.679993 4122100 123.896055
20131031 129.839996 131.880005 129.550003 130.50 4931800 124.679489
20131101 130.899994 133.50 130.899994 133.029999 4582400 127.096645
20131104 133.75 133.990005 132.460007 132.789993 3915800 126.867345
20131105 132.029999 133.740005 130.589996 133.570007 4069200 127.612569
20131106 134.020004 134.580002 132.679993 133.089996 3747700 127.617353
20131107 133.440002 133.929993 131.350006 131.509995 3826800 126.10232
20131108 131.279999 133.899994 130.949997 133.490005 4790900 128.000913
20131111 133.139999 133.330002 132.119995 132.529999 2962200 127.080382
20131112 132.399994 133.080002 131.970001 132.330002 2851000 126.888609
20131113 131.919998 133.490005 131.100006 133.169998 3577100 127.694065
20131114 133.699997 135.380005 133.169998 135.089996 3279600 129.535113
20131115 135.360001 136.570007 134.539993 136.080002 4495100 130.484409
20131118 140.25 142.00 137.770004 138.360001 8158800 132.670655
20131119 138.50 138.789993 136.699997 136.979996 3954000 131.347396
20131120 135.800003 135.889999 132.289993 132.449997 8634900 127.00367
20131121 132.449997 133.289993 131.199997 132.929993 4700600 127.463928
20131122 133.490005 136.119995 133.429993 135.970001 4290200 130.378932
20131125 134.009995 134.860001 130.580002 133.00 7181700 127.531057
20131126 133.00 135.440002 132.559998 134.779999 4200800 129.237862
20131127 135.050003 136.300003 134.169998 134.720001 3350900 129.180332
20131129 134.820007 135.229996 134.179993 134.25 1680900 128.729657
20131202 134.990005 135.460007 133.619995 134.160004 3378100 128.643361
20131203 133.929993 133.929993 131.919998 132.00 5171900 126.572177
20131204 131.729996 132.149994 130.550003 131.50 5137100 126.092737
20131205 131.259995 133.100006 131.25 132.729996 3665100 127.272155
20131206 134.580002 135.75 134.00 135.179993 5341800 129.621408
20131209 135.490005 135.949997 134.570007 134.679993 3799000 129.141968
20131210 133.649994 135.039993 132.179993 133.699997 4061300 128.20227
20131211 133.699997 133.809998 132.440002 132.559998 3358300 127.109147
20131212 132.110001 133.649994 131.899994 132.960007 3617700 127.492708
20131213 133.449997 134.25 133.139999 133.830002 3139400 128.326929
20131216 134.270004 135.199997 133.940002 134.720001 3979500 129.180332
20131217 137.919998 138.100006 135.360001 135.880005 6753000 130.292636
20131218 135.860001 136.440002 132.839996 135.490005 5632400 129.918674
20131219 135.00 136.229996 133.940002 135.169998 3177100 129.611825
20131220 135.490005 137.850006 135.490005 136.669998 5454600 131.050145
20131223 137.690002 138.089996 136.320007 136.399994 2945100 130.791243
20131224 136.399994 136.979996 136.139999 136.830002 1203200 131.203569
20131226 137.179993 138.589996 137.169998 138.270004 2161300 132.584359
20131227 138.690002 138.880005 136.789993 136.899994 2204600 131.270683
20131230 137.160004 137.369995 135.539993 135.919998 2403500 130.330985
20131231 136.160004 137.050003 135.740005 136.490005 2096000 130.877554
20140102 136.009995 137.25 135.509995 136.669998 3366700 131.050145
20140103 137.059998 138.50 137.050003 137.619995 3177400 131.961078
20140106 139.399994 139.759995 137.800003 138.410004 4196500 132.718602
20140107 138.580002 141.100006 138.50 140.509995 4238500 134.732241
20140108 140.690002 141.399994 139.360001 140.820007 4236100 135.029506
20140109 141.509995 142.520004 140.539993 142.130005 4052500 136.285637
20140110 142.789993 142.800003 140.899994 141.899994 4549500 136.065084
20140113 141.550003 142.139999 140.380005 140.699997 4462400 134.914431
20140114 140.850006 141.699997 137.800003 140.009995 8441600 134.252801
20140115 140.300003 141.080002 140.139999 140.619995 3030800 134.837719
20140116 140.330002 141.449997 140.070007 140.210007 3062900 134.444589
20140117 140.080002 141.00 139.75 140.460007 3382700 134.684309
20140121 141.460007 142.460007 140.809998 141.669998 3240600 135.844546
20140122 142.309998 144.570007 141.869995 144.369995 4388700 138.433519
20140123 143.100006 143.889999 141.100006 141.309998 4491400 135.499348
20140124 140.399994 140.470001 136.320007 136.649994 5856800 131.030963
20140127 136.699997 138.460007 135.649994 137.360001 5057800 131.711775
20140128 137.610001 138.089996 136.440002 137.089996 4606200 131.452873
20140129 131.699997 131.759995 128.070007 129.779999 15993400 124.443462
20140130 131.699997 131.699997 125.199997 126.529999 10406200 121.327101
20140131 124.459999 126.870003 123.080002 125.260002 9732700 120.109327
20140203 124.239998 126.519997 122.75 123.080002 9309600 118.018968
20140204 123.07 123.800003 120.529999 122.040001 9304100 117.021732
20140205 121.00 121.940002 118.769997 121.400002 9689100 116.408049
20140206 121.790001 122.720001 121.510002 122.669998 6738800 117.625823
20140207 123.75 127.209999 123.650002 127.019997 8906300 121.79695
20140210 128.960007 128.970001 126.349998 127.160004 8173500 121.9312
20140211 127.650002 130.690002 127.459999 130.160004 7874000 124.807841
20140212 130.289993 130.550003 128.00 128.130005 5798800 123.554264
20140213 127.059998 129.940002 127.059998 129.50 4203400 124.875334
20140214 129.089996 130.410004 128.020004 130.160004 4807700 125.511768
20140218 130.130005 130.940002 129.600006 130.630005 4645300 125.964985
20140219 130.110001 130.50 128.369995 128.389999 5146600 123.804974
20140220 128.479996 129.990005 127.510002 129.559998 4466400 124.933189
20140221 129.800003 129.800003 128.110001 128.279999 5164000 123.698901
20140224 128.380005 130.800003 128.360001 129.589996 4635700 124.962117
20140225 129.300003 129.75 126.209999 126.779999 7308800 122.252469
20140226 127.239998 127.940002 126.360001 126.610001 4803600 122.088542
20140227 126.470001 128.559998 126.260002 128.559998 4649700 123.968901
20140228 128.75 129.949997 128.059998 128.919998 4361400 124.316045
20140303 127.18 128.440002 126.519997 128.220001 4847100 123.641046
20140304 129.380005 131.00 129.330002 130.229996 5422800 125.57926
20140305 130.399994 130.800003 128.690002 128.789993 4095200 124.190683
20140306 129.009995 129.369995 128.029999 128.860001 3595900 124.25819
20140307 129.75 130.160004 128.070007 128.539993 4297800 123.949611
20140310 126.510002 127.279999 124.760002 126.889999 7039200 122.358541
20140311 127.029999 127.269997 125.620003 125.669998 4190000 121.182108
20140312 125.00 125.199997 123.809998 124.43 5040100 119.986393
20140313 124.650002 125.610001 121.629997 121.889999 6071200 117.5371
20140314 122.120003 124.279999 121.949997 123.110001 5698400 118.713533
20140317 123.970001 125.82 123.919998 125.419998 4380500 120.941036
20140318 125.589996 125.82 123.660004 124.040001 4151600 119.610321
20140319 124.32 125.199997 121.370003 122.239998 6673000 117.874599
20140320 122.589996 123.900002 121.379997 123.730003 4601700 119.311394
20140321 124.059998 124.449997 122.50 122.580002 7973600 118.202461
20140324 123.529999 123.949997 122.080002 123.419998 4472500 119.01246
20140325 124.459999 125.00 123.559998 124.019997 3225100 119.591031
20140326 124.610001 125.32 123.32 123.529999 3091200 119.118532
20140327 123.010002 124.300003 121.800003 123.209999 3106000 118.80996
20140328 123.779999 125.190002 123.519997 124.459999 2863500 120.01532
20140331 125.360001 126.040001 124.800003 125.489998 2962000 121.008536
20140401 126.239998 128.399994 126.169998 128.210007 3952800 123.631409
20140402 128.630005 128.770004 127.400002 128.309998 2935200 123.727829
20140403 129.169998 129.169998 128.279999 128.779999 3303500 124.181045
20140404 129.330002 129.919998 127.230003 127.379997 4156600 122.83104
20140407 127.190002 128.179993 124.949997 125.589996 3753600 121.104963
20140408 125.279999 125.730003 124.059998 124.150002 4122200 119.716393
20140409 124.989998 127.019997 124.050003 126.879997 3689900 122.348896
20140410 126.82 126.860001 123.639999 123.639999 3956900 119.224604
20140411 123.050003 123.449997 121.919998 122.07 3854600 117.710672
20140414 123.080002 123.769997 122.18 123.25 3086300 118.848532
20140415 123.349998 124.550003 122.129997 124.269997 2746900 119.832103
20140416 125.00 126.040001 124.730003 126.040001 2826100 121.538897
20140417 126.440002 128.369995 125.830002 127.919998 3449400 123.351757
20140421 128.050003 128.440002 127.370003 127.82 2368500 123.255329
20140422 128.25 129.130005 127.480003 127.550003 5015600 122.994975
20140423 130.669998 131.50 129.330002 130.630005 7121600 125.964985
20140424 130.410004 130.619995 128.429993 129.860001 4177000 125.222478
20140425 129.839996 130.00 128.369995 128.660004 2978500 124.065335
20140428 128.199997 128.869995 125.800003 127.040001 4354600 122.503186
20140429 127.199997 128.570007 126.529999 128.369995 3344100 123.785684
20140430 128.050003 129.50 127.800003 129.020004 2773000 124.41248
20140501 128.740005 129.600006 128.270004 128.460007 2804100 123.872481
20140502 128.699997 130.399994 128.610001 129.940002 3762900 125.299623
20140505 129.00 132.380005 128.949997 131.960007 4026500 127.24749
20140506 131.75 131.919998 130.699997 130.830002 4032000 126.157839
20140507 130.770004 131.100006 129.199997 130.350006 2900600 126.400274
20140508 130.169998 131.270004 130.169998 130.570007 2988700 126.613609
20140509 130.259995 131.330002 129.880005 131.100006 2543800 127.127548
20140512 131.820007 132.990005 131.639999 132.600006 3288500 128.582097
20140513 133.009995 133.830002 132.860001 133.449997 3132200 129.406332
20140514 133.800003 133.970001 132.690002 132.990005 2883900 128.960279
20140515 132.699997 132.860001 130.559998 131.210007 3596800 127.234216
20140516 131.309998 131.710007 130.029999 130.809998 2963300 126.846327
20140519 130.419998 132.070007 130.350006 131.350006 2103100 127.369973
20140520 130.940002 131.600006 129.070007 129.580002 2995800 125.653601
20140521 130.429993 131.429993 130.039993 130.960007 2476100 126.991791
20140522 131.660004 132.479996 131.270004 131.839996 2370700 127.845116
20140523 132.00 132.580002 131.929993 132.410004 1956200 128.397851
20140527 133.089996 134.210007 132.869995 134.169998 3085500 130.104516
20140528 134.169998 135.149994 134.169998 134.330002 2609400 130.259672
20140529 134.710007 135.199997 134.429993 135.139999 2234100 131.045126
20140530 134.669998 135.440002 134.039993 135.25 2760300 131.151793
20140602 135.50 136.029999 134.770004 135.899994 2629900 131.782092
20140603 135.800003 136.529999 135.619995 135.880005 2468800 131.762708
20140604 135.539993 135.550003 134.589996 135.330002 2601900 131.229371
20140605 135.649994 137.380005 135.649994 136.820007 3489900 132.674228
20140606 137.389999 138.25 137.119995 138.25 2710900 134.06089
20140609 138.25 138.389999 137.50 137.960007 2585000 133.779684
20140610 137.589996 137.75 136.289993 137.25 2370200 133.091191
20140611 135.25 135.529999 133.820007 134.100006 5558000 130.036645
20140612 133.860001 134.169998 131.639999 132.190002 3826100 128.184517
20140613 132.529999 132.949997 131.550003 132.289993 2376600 128.281478
20140616 132.199997 133.130005 131.649994 132.539993 2163800 128.523902
20140617 132.100006 133.050003 131.720001 132.449997 2223200 128.436633
20140618 132.610001 132.669998 131.029999 132.479996 2859000 128.465723
20140619 132.479996 132.929993 131.800003 132.820007 2794900 128.795432
20140620 133.479996 134.080002 132.089996 132.100006 8083500 128.097247
20140623 132.320007 132.529999 130.649994 130.850006 4433000 126.885123
20140624 130.50 131.240005 129.00 129.149994 4319800 125.236623
20140625 129.039993 129.139999 126.279999 127.059998 7929700 123.209956
20140626 127.410004 128.440002 126.360001 128.020004 3929100 124.140873
20140627 128.070007 128.779999 127.559998 128.539993 3687900 124.645106
20140630 127.910004 127.910004 126.199997 127.230003 5712900 123.37481
20140701 127.660004 128.330002 127.360001 128.149994 3772500 124.266924
20140702 128.149994 128.50 127.339996 127.620003 2859000 123.752992
20140703 127.989998 128.619995 127.699997 128.509995 1997500 124.616016
20140707 128.100006 129.50 127.769997 129.089996 3157000 125.178444
20140708 128.889999 128.970001 125.919998 126.790001 5724300 122.94814
20140709 128.309998 128.320007 125.910004 126.790001 8023900 122.94814
20140710 125.540001 127.629997 125.120003 126.790001 3936900 122.94814
20140711 127.18 128.240005 126.360001 128.089996 3193100 124.208745
20140714 128.910004 130.580002 128.759995 129.520004 5267500 125.595422
20140715 130.309998 130.309998 128.339996 129.100006 4916100 125.18815
20140716 129.559998 129.559998 127.139999 127.419998 5260800 123.559048
20140717 127.209999 128.179993 125.790001 125.879997 5292900 122.065711
20140718 126.379997 127.82 126.25 127.639999 3103300 123.772383
20140721 127.300003 128.419998 126.769997 128.300003 2738700 124.412388
20140722 128.990005 130.009995 128.580002 129.740005 5102200 125.808757
20140723 127.790001 128.399994 126.019997 126.709999 12326300 122.870563
20140724 125.919998 126.050003 124.00 124.400002 10307200 120.63056
20140725 124.480003 124.529999 122.410004 123.199997 6121400 119.466917
20140728 123.440002 124.559998 122.160004 123.059998 4982400 119.33116
20140729 123.309998 123.629997 122.199997 122.32 4101900 118.613584
20140730 123.199997 123.800003 121.760002 122.290001 4042900 118.584495
20140731 121.470001 122.050003 120.410004 120.480003 5588800 116.829342
20140801 120.449997 121.709999 119.639999 120.379997 5852700 116.732366
20140804 120.800003 121.190002 119.769997 119.93 4671100 116.296004
20140805 119.669998 121.980003 119.660004 121.269997 6097900 117.595398
20140806 119.32 119.360001 117.870003 118.339996 6239700 115.449136
20140807 119.00 120.220001 118.870003 119.839996 4641800 116.912494
20140808 119.800003 120.650002 119.279999 120.629997 4348900 117.683196
20140811 121.150002 121.760002 120.75 120.800003 2807900 117.849049
20140812 120.510002 120.940002 120.010002 120.470001 2303500 117.527109
20140813 120.669998 122.230003 120.629997 121.980003 2645800 119.000224
20140814 122.199997 124.690002 122.160004 124.110001 4825100 121.078188
20140815 124.50 124.50 122.150002 123.160004 4570000 120.151398
20140818 123.580002 125.239998 123.57 124.980003 4196900 121.926938
20140819 125.220001 125.790001 125.110001 125.580002 2988300 122.51228
20140820 125.889999 127.709999 125.580002 127.349998 4331300 124.239038
20140821 127.540001 127.779999 126.739998 127.50 2522300 124.385376
20140822 127.330002 127.800003 126.959999 127.459999 2394700 124.346352
20140825 128.080002 128.490005 127.779999 128.330002 2307100 125.195102
20140826 128.690002 129.130005 128.309998 128.600006 2329000 125.45851
20140827 128.770004 128.990005 127.949997 128.199997 3075200 125.068273
20140828 127.339996 127.75 126.720001 127.110001 3070300 124.004903
20140829 127.349998 127.349998 126.050003 126.800003 3032700 123.702478
20140902 125.620003 126.260002 124.57 125.480003 4576000 122.414724
20140903 125.459999 126.239998 125.199997 125.940002 3966500 122.863486
20140904 126.379997 126.75 125.260002 125.459999 2975300 122.395209
20140905 125.43 125.550003 124.099998 124.690002 4913800 121.644022
20140908 125.900002 128.25 125.900002 127.980003 6103500 124.853653
20140909 127.809998 128.679993 127.620003 128.210007 4866400 125.078038
20140910 128.470001 128.470001 127.480003 128.220001 3068200 125.087788
20140911 127.82 127.989998 127.199997 127.639999 1988200 124.521955
20140912 127.489998 127.559998 126.610001 126.949997 3107300 123.848808
20140915 126.919998 126.949997 125.690002 126.309998 3261700 123.224443
20140916 126.199997 127.699997 125.720001 127.32 3377500 124.209772
20140917 128.25 128.380005 127.199997 127.760002 3135300 124.639026
20140918 128.00 128.899994 128.00 128.580002 2721800 125.438995
20140919 129.270004 129.699997 128.919998 129.350006 5635700 126.190189
20140922 129.369995 129.869995 128.460007 128.610001 2890300 125.468261
20140923 128.279999 128.539993 127.029999 127.379997 2963100 124.268304
20140924 127.459999 128.800003 127.230003 128.580002 2891400 125.438995
20140925 128.309998 128.490005 127.010002 127.139999 2913100 124.034169
20140926 127.190002 129.00 126.959999 128.690002 2524100 125.546308
20140929 127.209999 129.529999 127.00 128.770004 3484900 125.624356
20140930 128.570007 129.389999 127.309998 127.379997 4000200 124.268304
20141001 127.370003 127.370003 124.309998 124.669998 5265200 121.624506
20141002 124.400002 125.550003 123.839996 124.169998 3204500 121.13672
20141003 124.660004 126.870003 124.660004 126.360001 3075900 123.273225
20141006 127.089996 127.190002 125.379997 126.260002 2681000 123.175669
20141007 125.519997 125.519997 123.290001 123.32 3554900 120.307486
20141008 123.470001 125.089996 122.150002 124.980003 3610300 121.926938
20141009 124.720001 124.75 122.309998 122.760002 4874700 119.761168
20141010 122.870003 123.360001 121.50 121.50 4214200 118.531946
20141013 122.050003 123.190002 120.260002 120.449997 3878600 117.507593
20141014 121.839996 123.370003 120.720001 122.290001 3768200 119.302649
20141015 121.059998 121.120003 116.32 120.190002 7819000 117.25395
20141016 118.910004 121.300003 118.389999 120.290001 4492500 117.351505
20141017 122.050003 123.870003 121.779999 123.239998 4872400 120.229439
20141020 123.389999 124.720001 123.00 124.309998 3676300 121.2733
20141021 125.209999 127.239998 124.93 127.120003 5204500 124.014661
20141022 127.989998 128.00 121.339996 121.449997 13844400 118.483165
20141023 121.269997 122.879997 121.059998 122.029999 7799700 119.048998
20141024 122.199997 122.839996 121.260002 122.239998 4013300 119.253867
20141027 122.129997 122.230003 121.260002 122.120003 2940300 119.136803
20141028 122.50 123.790001 121.959999 123.610001 4159000 120.590403
20141029 124.480003 124.480003 122.559998 123.080002 3241700 120.073351
20141030 122.519997 124.120003 122.010002 123.82 2569600 120.795272
20141031 125.029999 125.889999 124.730003 124.910004 4665300 121.858649
20141103 125.349998 126.25 124.889999 126.029999 3902700 122.951284
20141104 125.940002 126.709999 125.260002 125.839996 3684600 122.765923
20141105 126.010002 126.25 124.199997 124.220001 3334000 121.8926
20141106 124.480003 124.800003 123.370003 124.580002 2341900 122.245855
20141107 124.93 124.940002 124.169998 124.449997 2366700 122.118286
20141110 124.870003 124.989998 123.800003 124.639999 2622700 122.304729
20141111 124.580002 125.730003 124.449997 125.360001 3053500 123.01124
20141112 124.510002 126.190002 124.470001 125.870003 3074700 123.511687
20141113 125.739998 128.960007 125.739998 128.529999 5813500 126.121845
20141114 128.529999 129.779999 127.849998 128.860001 6235200 126.445664
20141117 128.699997 129.169998 127.550003 128.419998 3752900 126.013905
20141118 128.550003 131.330002 128.039993 130.660004 5701200 128.211942
20141119 130.589996 132.740005 130.25 131.610001 5036700 129.144139
20141120 130.940002 132.399994 130.710007 131.699997 4052800 129.232449
20141121 132.720001 133.360001 132.509995 132.779999 4226700 130.292216
20141124 133.449997 134.740005 133.440002 134.610001 4161500 132.087931
20141125 134.740005 135.600006 134.740005 134.809998 4301600 132.284181
20141126 134.949997 135.300003 134.389999 134.779999 2660100 132.254744
20141128 135.509995 135.779999 134.039993 134.360001 2090000 131.842615
20141201 134.309998 134.399994 132.199997 132.389999 3473700 129.909524
20141202 132.50 132.960007 131.75 132.279999 2900200 129.801584
20141203 132.649994 133.279999 131.429993 131.970001 4627500 129.497395
20141204 131.970001 132.520004 130.919998 131.320007 2785500 128.859579
20141205 131.720001 132.619995 131.529999 132.210007 2580200 129.732904
20141208 132.020004 132.070007 129.869995 130.279999 2862400 127.839057
20141209 128.559998 129.720001 127.739998 129.660004 3084600 127.230678
20141210 128.809998 128.979996 124.540001 124.639999 6651700 122.304729
20141211 125.220001 125.650002 123.00 123.370003 6702100 121.058527
20141212 122.239998 122.269997 120.580002 120.769997 6661100 118.507235
20141215 121.400002 122.879997 120.599998 122.080002 6238800 119.792696
20141216 125.040001 125.540001 123.910004 124.25 7919900 121.922037
20141217 124.279999 125.379997 123.419998 125.059998 6726500 122.716858
20141218 127.129997 127.349998 124.769997 125.669998 6485900 123.315429
20141219 125.629997 127.419998 125.50 126.230003 7680800 123.864942
20141222 126.730003 128.539993 126.730003 128.220001 3189300 125.817655
20141223 129.039993 130.649994 128.649994 130.029999 4028900 127.593741
20141224 130.300003 132.330002 130.169998 131.240005 2116900 128.781076
20141226 131.289993 131.929993 130.229996 131.630005 2242900 129.163769
20141229 131.720001 132.729996 131.169998 132.289993 2718400 129.811392
20141230 132.00 132.279999 131.520004 131.830002 2447700 129.360019
20141231 132.25 132.300003 129.860001 129.979996 2712400 127.544674
20150102 131.070007 131.839996 129.089996 129.949997 4294200 127.515238
20150105 129.660004 129.919998 128.610001 129.050003 5024800 126.632106
20150106 129.050003 129.619995 126.18 127.529999 4992800 125.140581
20150107 128.740005 129.970001 128.720001 129.509995 3573200 127.083479
20150108 130.600006 131.990005 130.399994 131.800003 4503400 129.330582
20150109 131.589996 132.259995 130.929993 131.539993 3047300 129.075444
20150112 132.240005 132.259995 129.949997 130.869995 3552700 128.417999
20150113 132.00 133.910004 130.169998 131.169998 3441700 128.712381
20150114 129.029999 131.289993 128.949997 130.380005 3559500 127.937189
20150115 130.380005 131.830002 129.699997 130.139999 3902000 127.70168
20150116 129.75 131.020004 129.110001 130.779999 4425600 128.329689
20150120 131.449997 132.00 129.449997 131.220001 3143700 128.761447
20150121 130.869995 132.869995 130.570007 132.410004 2898000 129.929153
20150122 133.380005 136.210007 133.050003 135.639999 4971300 133.098632
20150123 135.570007 135.779999 134.600006 134.619995 3828300 132.097738
20150126 135.00 135.25 133.529999 134.070007 3900500 131.558055
20150127 132.399994 132.990005 130.740005 132.479996 5243900 129.997834
20150128 136.300003 141.889999 135.919998 139.639999 14355100 137.023687
20150129 139.690002 148.25 139.630005 147.779999 15161700 145.011174
20150130 146.220001 146.850006 144.369995 145.369995 11271100 142.646325
20150202 143.720001 146.589996 143.050003 146.259995 6790900 143.519649
20150203 146.369995 148.00 146.179993 147.339996 5978200 144.579416
20150204 145.970001 148.389999 145.929993 147.220001 4766200 144.461669
20150205 147.259995 148.869995 146.460007 148.600006 4252600 145.815818
20150206 148.619995 148.889999 147.699997 148.00 4374100 145.227054
20150209 146.160004 148.160004 145.630005 147.580002 4202900 144.814925
20150210 148.199997 148.710007 147.50 148.039993 4034900 145.266298
20150211 147.509995 148.380005 147.089996 147.919998 3272700 146.046296
20150212 148.259995 148.570007 147.679993 148.089996 2998900 146.21414
20150213 147.979996 149.839996 147.639999 149.729996 3418600 147.833366
20150217 148.720001 149.960007 148.520004 149.919998 3622400 148.020962
20150218 149.699997 151.619995 149.369995 151.169998 3722100 149.255128
20150219 151.050003 154.240005 151.00 153.75 4384000 151.802449
20150220 153.800003 158.830002 153.800003 158.309998 9366000 156.304685
20150223 155.00 155.919998 153.360001 154.740005 8653700 152.779914
20150224 153.50 154.779999 153.210007 154.380005 4391700 152.424473
20150225 154.309998 154.740005 152.139999 153.009995 4800500 151.071817
20150226 152.309998 152.380005 150.809998 151.729996 5149300 149.808032
20150227 151.00 151.889999 150.449997 150.850006 4330700 148.939189
20150302 150.850006 154.149994 150.75 153.800003 4622800 151.851818
20150303 154.710007 156.910004 154.169998 155.570007 8656600 153.599402
20150304 154.619995 155.220001 154.00 154.350006 4476200 152.394855
20150305 154.860001 155.979996 154.309998 154.470001 3327200 152.51333
20150306 153.919998 155.029999 152.809998 153.119995 3556200 151.180424
20150309 153.300003 155.610001 153.149994 154.75 3433000 152.789782
20150310 153.300003 154.130005 152.419998 152.419998 3839600 150.489294
20150311 152.509995 152.690002 151.169998 151.169998 3395400 149.255128
20150312 151.279999 152.919998 151.279999 152.039993 2965100 150.114103
20150313 151.889999 152.389999 149.789993 151.570007 3569600 149.65007
20150316 152.389999 154.190002 152.270004 153.669998 2742900 151.72346
20150317 152.880005 155.00 152.729996 154.509995 2927200 152.552816
20150318 154.039993 155.990005 152.110001 155.729996 4053600 153.757364
20150319 154.910004 155.330002 153.660004 154.110001 2539000 152.157889
20150320 155.039993 155.490005 154.479996 154.50 4464300 152.542948
20150323 154.979996 154.979996 152.809998 152.809998 3029700 150.874353
20150324 151.960007 152.619995 151.350006 151.649994 3319300 149.729043
20150325 151.399994 152.039993 148.130005 148.229996 3747900 146.352366
20150326 147.830002 148.850006 145.960007 148.169998 3627400 146.293129
20150327 148.589996 149.309998 147.490005 148.850006 2600300 146.964523
20150330 150.080002 153.169998 149.979996 152.699997 3738700 150.765746
20150331 152.229996 152.25 149.940002 150.080002 2975600 148.178938
20150401 149.970001 150.020004 146.820007 148.639999 4167600 146.757176
20150402 149.139999 150.50 148.309998 149.279999 2934200 147.389069
20150406 148.149994 151.449997 148.00 150.929993 3371500 149.018162
20150407 151.270004 153.50 151.139999 152.320007 4299500 150.39057
20150408 152.190002 153.50 152.190002 153.360001 2763400 151.417389
20150409 152.619995 153.669998 151.630005 153.419998 3966800 151.476627
20150410 153.550003 154.960007 153.25 154.380005 3183000 152.424473
20150413 153.789993 155.50 152.960007 153.240005 3034000 151.298914
20150414 152.929993 153.539993 151.589996 153.210007 2845800 151.269296
20150415 154.369995 154.369995 152.210007 152.429993 3687400 150.499162
20150416 151.660004 152.529999 151.050003 151.970001 2559900 150.044997
20150417 150.880005 151.429993 149.440002 149.600006 4671600 147.705023
20150420 151.059998 153.550003 151.009995 152.669998 3169100 150.736127
20150421 153.509995 154.089996 152.00 153.330002 3772900 151.387771
20150422 152.360001 153.00 148.850006 151.190002 8468900 149.274879
20150423 150.830002 150.830002 149.729996 149.869995 4080800 147.971592
20150424 149.539993 149.860001 148.020004 148.399994 4889200 146.520211
20150427 148.589996 149.00 147.710007 147.800003 4603500 145.92782
20150428 147.899994 148.369995 146.009995 147.509995 4352900 145.641485
20150429 147.070007 147.460007 145.899994 146.149994 4761700 144.298712
20150430 145.25 145.940002 142.75 143.339996 4925300 141.524309
20150501 144.410004 145.070007 143.839996 144.669998 3556800 142.837463
20150504 143.850006 144.789993 143.179993 144.020004 8977500 142.195703
20150505 143.759995 144.699997 142.270004 142.910004 3670400 141.099763
20150506 143.009995 143.149994 140.429993 141.039993 5313500 140.145846
20150507 140.559998 142.179993 140.479996 141.490005 4868700 140.593006
20150508 143.00 145.940002 142.979996 145.460007 7068000 144.537838
20150511 145.550003 146.789993 145.130005 145.889999 3969000 144.965105
20150512 144.940002 146.080002 144.009995 145.429993 3543900 144.508015
20150513 145.410004 146.529999 145.100006 145.619995 2679400 144.696813
20150514 146.880005 148.25 146.649994 147.960007 3495800 147.021989
20150515 148.050003 148.300003 146.339996 146.880005 3368900 145.948834
20150518 146.880005 147.240005 146.300003 146.710007 2153200 145.779914
20150519 147.179993 147.770004 146.729996 147.050003 2366400 146.117755
20150520 147.139999 147.339996 146.100006 146.419998 2104000 145.491744
20150521 146.559998 147.710007 146.100006 147.350006 2676400 146.415856
20150522 147.259995 147.270004 144.800003 144.809998 3878000 143.89195
20150526 144.339996 144.429993 142.160004 142.800003 3476800 141.894698
20150527 143.419998 143.75 142.580002 143.00 2837100 142.093427
20150528 142.509995 145.289993 141.580002 142.330002 3103200 141.427677
20150529 142.259995 142.259995 140.320007 140.520004 6199200 139.629154
20150601 141.449997 142.050003 140.270004 141.25 3897000 140.354522
20150602 141.440002 144.460007 140.630005 143.25 4986500 142.341842
20150603 143.779999 145.059998 142.889999 143.809998 3755800 142.89829
20150604 143.220001 143.229996 140.949997 141.190002 3239500 140.294905
20150605 141.039993 141.369995 140.050003 140.729996 3215600 139.837814
20150608 140.240005 141.350006 140.199997 140.639999 2756600 139.748388
20150609 140.50 140.990005 139.899994 140.100006 2647600 139.211818
20150610 140.679993 142.600006 140.289993 141.619995 2784400 140.722171
20150611 142.009995 143.979996 141.75 142.960007 2924500 142.053688
20150612 142.619995 142.860001 141.089996 142.800003 2395200 141.894698
20150615 142.039993 142.589996 141.279999 142.289993 2631400 141.387922
20150616 141.419998 143.580002 141.419998 142.339996 2450600 141.437608
20150617 142.869995 144.00 141.899994 143.429993 2775400 142.520694
20150618 143.910004 146.529999 143.910004 145.380005 3728900 144.458344
20150619 145.190002 146.100006 144.949997 145.130005 4837300 144.209929
20150622 146.070007 146.210007 145.089996 145.699997 2086100 144.776307
20150623 146.330002 146.449997 143.800003 144.429993 2864400 143.514354
20150624 143.759995 144.800003 142.509995 143.00 3989100 142.093427
20150625 143.270004 143.759995 142.339996 142.449997 2153800 141.546911
20150626 143.029999 143.039993 141.889999 142.479996 3153300 141.57672
20150629 140.960007 141.320007 138.580002 138.729996 3755500 137.850493
20150630 140.059998 140.059998 138.440002 138.720001 3434800 137.840562
20150701 140.479996 141.139999 140.020004 140.729996 3260900 139.837814
20150702 141.289993 141.520004 139.880005 140.210007 2116500 139.321122
20150706 139.020004 140.729996 139.00 140.520004 2093400 139.629154
20150707 140.800003 143.440002 140.139999 143.149994 3712000 142.24247
20150708 142.50 143.149994 141.520004 141.919998 3386500 141.020272
20150709 143.889999 144.199997 142.729996 142.800003 2486800 141.894698
20150710 144.139999 145.190002 143.869995 144.479996 2192100 143.56404
20150713 145.960007 146.75 145.600006 146.619995 2194200 145.690473
20150714 146.759995 148.300003 146.449997 147.75 3388800 146.813314
20150715 147.75 147.75 146.479996 146.889999 2653900 145.958765
20150716 147.789993 148.800003 147.770004 148.490005 2509600 147.548628
20150717 147.25 147.440002 146.020004 146.839996 3127100 145.909079
20150720 147.110001 147.199997 145.910004 146.720001 3016100 145.789845
20150721 146.589996 146.589996 144.220001 145.00 4452600 144.080748
20150722 148.899994 149.179993 145.110001 146.470001 6238400 145.54143
20150723 147.00 147.949997 145.789993 146.110001 4116000 145.183712
20150724 145.809998 146.470001 143.979996 144.059998 2455000 143.146705
20150727 143.220001 143.350006 140.800003 141.029999 3532100 140.135915
20150728 141.610001 142.169998 139.509995 141.809998 4138200 140.910969
20150729 142.479996 144.610001 142.369995 144.139999 3260400 143.226199
20150730 143.350006 143.919998 142.210007 143.009995 2644000 142.103358
20150731 143.759995 144.919998 143.289993 144.169998 3163500 143.256008
20150803 144.440002 144.75 142.589996 143.690002 3088000 142.779055
20150804 143.550003 144.869995 143.039993 143.539993 1973000 142.629997
20150805 143.899994 145.600006 143.770004 144.949997 2926100 144.949997
20150806 144.699997 145.25 143.419998 143.820007 2457000 143.820007
20150807 143.220001 143.839996 141.699997 142.419998 2845100 142.419998
20150810 143.789993 146.770004 143.779999 145.860001 3403700 145.860001
20150811 144.139999 144.929993 143.279999 144.050003 2811200 144.050003
20150812 142.550003 143.009995 139.860001 142.429993 4355800 142.429993
20150813 142.029999 145.449997 141.529999 144.809998 5100700 144.809998
20150814 144.610001 145.470001 143.759995 145.089996 2924000 145.089996
20150817 144.600006 144.860001 142.929993 144.440002 3740800 144.440002
20150818 144.389999 145.210007 143.820007 144.600006 1952200 144.600006
20150819 143.419998 144.479996 142.320007 142.720001 2957600 142.720001
20150820 141.619995 141.899994 136.899994 137.020004 6577300 137.020004
20150821 134.880005 135.089996 131.460007 131.710007 7881100 131.710007
20150824 123.639999 135.50 115.139999 127.190002 9355200 127.190002
20150825 130.00 130.720001 125.43 125.489998 7123600 125.489998
20150826 129.339996 129.759995 125.230003 129.339996 6333100 129.339996
20150827 131.080002 132.360001 129.460007 131.869995 5719200 131.869995
20150828 131.429993 133.720001 130.860001 133.240005 4502100 133.240005
20150831 132.369995 132.699997 130.389999 130.679993 4150800 130.679993
20150901 128.160004 128.990005 126.940002 127.440002 5812000 127.440002
20150902 128.710007 130.669998 127.739998 130.630005 4754800 130.630005
20150903 132.309998 132.350006 130.479996 131.020004 3342800 131.020004
20150904 129.550003 130.490005 128.660004 129.759995 3738600 129.759995
20150908 132.270004 133.990005 132.00 133.820007 3444000 133.820007
20150909 135.589996 136.25 132.210007 132.649994 4695100 132.649994
20150910 132.339996 134.570007 132.270004 133.550003 2929500 133.550003
20150911 133.160004 134.860001 132.889999 134.669998 2611800 134.669998
20150914 134.720001 135.130005 133.729996 134.429993 2386800 134.429993
20150915 134.520004 137.00 134.520004 136.300003 3737200 136.300003
20150916 136.259995 137.429993 136.009995 137.199997 2492600 137.199997
20150917 137.360001 139.910004 136.940002 137.449997 3362200 137.449997
20150918 135.75 137.690002 134.399994 136.089996 7240000 136.089996
20150921 136.419998 137.449997 134.940002 136.020004 2444900 136.020004
20150922 134.490005 134.490005 132.520004 133.990005 3439800 133.990005
20150923 134.660004 135.00 131.610001 131.669998 4891300 131.669998
20150924 130.720001 130.770004 127.18 129.75 5250400 129.75
20150925 131.570007 131.729996 129.279999 131.009995 4132600 131.009995
