20130102 12.05 12.15 11.90 12.03 236021400 11.796938
20130103 12.01 12.05 11.88 11.96 157149700 11.728294
20130104 11.97 12.11 11.93 12.11 132601900 11.875388
20130107 12.15 12.20 12.00 12.09 201403500 11.855776
20130108 12.09 12.10 11.89 11.98 168461100 11.747906
20130109 11.87 12.00 11.33 11.43 335692000 11.208562
20130110 11.61 11.81 11.54 11.78 199964900 11.551781
20130111 11.70 11.72 11.51 11.63 146136700 11.404687
20130114 11.61 11.63 11.38 11.47 110032900 11.247787
20130115 11.38 11.62 11.30 11.55 126058300 11.326237
20130116 11.58 11.79 11.47 11.78 164579300 11.551781
20130117 11.69 11.70 11.17 11.28 323622200 11.061468
20130118 11.26 11.33 11.02 11.14 179971800 10.92418
20130122 11.12 11.36 11.09 11.35 137242700 11.130112
20130123 11.38 11.44 11.23 11.42 121638200 11.198756
20130124 11.45 11.67 11.42 11.53 127870800 11.306624
20130125 11.69 11.72 11.51 11.62 100171600 11.394881
20130128 11.64 11.67 11.43 11.48 91304200 11.257593
20130129 11.42 11.58 11.40 11.49 96824100 11.267399
20130130 11.49 11.54 11.35 11.38 89130200 11.159531
20130131 11.32 11.36 11.22 11.32 97024700 11.100693
20130201 11.41 11.73 11.37 11.71 161141300 11.483137
20130204 11.58 11.69 11.46 11.48 139733000 11.257593
20130205 11.59 11.98 11.56 11.88 187785900 11.649844
20130206 11.73 11.97 11.73 11.93 173626800 11.698875
20130207 11.97 11.98 11.73 11.84 173209900 11.610619
20130208 11.86 11.90 11.72 11.76 145321100 11.532169
20130211 11.73 11.90 11.67 11.86 103510800 11.630231
20130212 11.87 12.34 11.78 12.25 232173900 12.012676
20130213 12.35 12.42 12.05 12.17 192742500 11.934226
20130214 12.09 12.27 12.07 12.13 144104800 11.895001
20130215 12.21 12.21 11.97 12.03 158242700 11.796938
20130219 12.10 12.31 12.06 12.19 170783400 11.953838
20130220 12.18 12.29 11.75 11.80 193466400 11.571394
20130221 11.73 11.73 11.35 11.42 235532400 11.198756
20130222 11.62 11.64 11.26 11.44 179268200 11.218368
20130225 11.60 11.61 10.98 11.03 206893900 10.816311
20130226 11.12 11.22 11.03 11.13 173039600 10.914374
20130227 11.15 11.36 11.10 11.30 147145400 11.091045
20130228 11.33 11.37 11.20 11.23 143546700 11.022339
20130301 11.13 11.55 11.02 11.34 189050700 11.130306
20130304 11.27 11.45 11.22 11.41 116436000 11.199011
20130305 11.56 11.71 11.53 11.55 135869700 11.336423
20130306 11.77 12.02 11.76 11.92 182557500 11.699581
20130307 12.00 12.28 11.98 12.26 212403800 12.033294
20130308 12.42 12.44 12.02 12.07 209777100 11.846806
20130311 12.08 12.22 12.02 12.15 106427800 11.925327
20130312 12.11 12.18 11.91 12.01 128134700 11.787917
20130313 12.04 12.11 11.98 12.06 86216800 11.836992
20130314 12.12 12.19 12.10 12.11 115440000 11.886067
20130315 12.52 12.66 12.35 12.57 319019100 12.337561
20130318 12.29 12.68 12.26 12.56 189783300 12.327746
20130319 12.79 12.94 12.59 12.71 242939600 12.474972
20130320 12.79 12.89 12.71 12.78 219121700 12.543678
20130321 12.71 12.84 12.55 12.57 154529400 12.337561
20130322 12.62 12.67 12.48 12.56 101974400 12.327746
20130325 12.68 12.72 12.32 12.40 154320200 12.170704
20130326 12.45 12.50 12.15 12.28 135654700 12.052923
20130327 12.14 12.28 12.12 12.23 107177200 12.003848
20130328 12.24 12.28 12.11 12.18 92013900 11.954773
20130401 12.15 12.28 12.10 12.15 86281600 11.925327
20130402 12.24 12.25 12.14 12.15 102626000 11.925327
20130403 12.12 12.14 11.72 11.81 199765800 11.591615
20130404 11.81 11.99 11.72 11.94 117831400 11.71921
20130405 11.67 12.01 11.64 11.97 141061900 11.748656
20130408 12.00 12.21 11.91 12.21 101419200 11.984218
20130409 12.25 12.35 12.21 12.25 132365800 12.023478
20130410 12.31 12.40 12.26 12.32 105853900 12.092184
20130411 12.31 12.33 12.16 12.27 100241900 12.043109
20130412 12.15 12.25 12.07 12.17 88191700 11.944958
20130415 12.19 12.32 11.97 11.98 176504300 11.758471
20130416 12.21 12.36 12.08 12.28 147641900 12.052923
20130417 11.91 12.02 11.45 11.70 335408600 11.483648
20130418 11.61 11.65 11.23 11.44 220290500 11.228456
20130419 11.56 11.69 11.43 11.66 119792000 11.444388
20130422 11.68 11.75 11.57 11.72 88532300 11.503279
20130423 11.92 12.16 11.90 12.07 176816000 11.846806
20130424 12.14 12.37 12.12 12.31 120624900 12.082369
20130425 12.39 12.54 12.36 12.44 118694600 12.209965
20130426 12.34 12.46 12.29 12.42 83093200 12.190335
20130429 12.45 12.48 12.37 12.38 65432400 12.151075
20130430 12.39 12.40 12.20 12.31 89362100 12.082369
20130501 12.20 12.27 12.08 12.14 88417800 11.915513
20130502 12.17 12.21 12.05 12.19 76530500 11.964587
20130503 12.36 12.41 12.21 12.24 94322600 12.013663
20130506 12.39 12.89 12.36 12.88 265062800 12.641829
20130507 12.92 13.11 12.76 12.90 218248100 12.661458
20130508 12.85 13.18 12.84 13.02 149755400 12.77924
20130509 13.05 13.06 12.87 12.91 112952300 12.671274
20130510 12.94 13.04 12.89 13.02 87625100 12.77924
20130513 12.98 13.10 12.95 12.98 94295600 12.739979
20130514 13.04 13.36 13.02 13.34 154128100 13.093323
20130515 13.29 13.55 13.29 13.44 139728300 13.191473
20130516 13.41 13.55 13.32 13.36 117977000 13.112952
20130517 13.50 13.52 13.39 13.43 107335600 13.181659
20130520 13.39 13.60 13.39 13.51 88941700 13.260179
20130521 13.53 13.56 13.36 13.44 111810300 13.191473
20130522 13.49 13.73 13.17 13.31 174531500 13.063878
20130523 12.93 13.42 12.82 13.21 190522000 12.965726
20130524 13.17 13.26 13.12 13.24 83452600 12.995171
20130528 13.49 13.51 13.31 13.35 133553000 13.103138
20130529 13.31 13.56 13.27 13.48 126397300 13.230733
20130530 13.50 13.93 13.43 13.83 153383400 13.574262
20130531 13.91 13.99 13.65 13.66 160176100 13.407405
20130603 13.69 13.73 13.21 13.55 197168200 13.299439
20130604 13.51 13.67 13.31 13.36 130055400 13.112952
20130605 13.29 13.45 12.97 13.09 185778900 12.85757
20130606 13.08 13.24 12.85 13.20 142361900 12.965616
20130607 13.33 13.39 13.15 13.38 121057300 13.14242
20130610 13.49 13.55 13.26 13.30 104648500 13.063841
20130611 13.11 13.28 13.07 13.12 106369100 12.887037
20130612 13.24 13.25 12.97 13.06 117289400 12.828103
20130613 13.00 13.26 12.97 13.21 103636400 12.975439
20130614 13.23 13.24 13.03 13.07 101380700 12.837924
20130617 13.17 13.26 13.13 13.21 115441500 12.975439
20130618 13.22 13.34 13.20 13.27 67257600 13.034374
20130619 13.29 13.40 13.17 13.19 103850000 12.955793
20130620 13.08 13.14 12.80 12.89 185741100 12.661121
20130621 12.99 13.00 12.39 12.69 196004700 12.464672
20130624 12.40 12.45 12.13 12.30 159762500 12.081597
20130625 12.61 12.77 12.43 12.67 132844500 12.445027
20130626 12.84 12.85 12.68 12.76 105282000 12.533429
20130627 12.84 13.03 12.78 13.01 124616300 12.77899
20130628 12.97 13.00 12.84 12.86 90297100 12.631653
20130701 12.95 13.10 12.92 12.93 83146300 12.700411
20130702 12.95 13.10 12.80 12.90 83708600 12.670943
20130703 12.82 12.84 12.73 12.83 37971700 12.602186
20130705 12.99 13.08 12.91 13.06 80758500 12.828103
20130708 13.11 13.37 13.08 13.28 107441200 13.044196
20130709 13.37 13.53 13.25 13.53 106067300 13.289756
20130710 13.51 13.53 13.31 13.37 104353400 13.132598
20130711 13.54 13.58 13.33 13.51 93756500 13.270112
20130712 13.54 13.80 13.47 13.78 123958400 13.535317
20130715 13.93 13.94 13.76 13.88 90765200 13.633542
20130716 13.93 14.02 13.77 13.92 146041900 13.672832
20130717 14.06 14.44 14.04 14.31 249674500 14.055907
20130718 14.40 14.85 14.40 14.76 221796400 14.497917
20130719 14.76 14.76 14.60 14.75 136196600 14.488094
20130722 14.74 14.99 14.65 14.92 112416800 14.655075
20130723 14.98 15.03 14.86 14.94 113736000 14.67472
20130724 15.00 15.00 14.68 14.71 117771100 14.448804
20130725 14.62 14.85 14.54 14.83 89243300 14.566673
20130726 14.70 14.76 14.62 14.73 73777800 14.468449
20130729 14.65 14.70 14.45 14.52 88616700 14.262178
20130730 14.58 14.63 14.46 14.52 71675200 14.262178
20130731 14.58 14.85 14.57 14.60 128182500 14.340758
20130801 14.85 14.97 14.82 14.95 108554200 14.684542
20130802 14.88 14.91 14.78 14.84 83367400 14.576496
20130805 14.77 14.84 14.70 14.80 61711900 14.537206
20130806 14.74 14.76 14.63 14.64 84249800 14.380047
20130807 14.43 14.57 14.25 14.53 128693600 14.272
20130808 14.68 14.70 14.44 14.61 88544100 14.350579
20130809 14.56 14.61 14.40 14.45 72897900 14.193421
20130812 14.36 14.47 14.32 14.41 60867500 14.154131
20130813 14.47 14.62 14.33 14.51 75777900 14.252356
20130814 14.55 14.75 14.54 14.60 78553700 14.340758
20130815 14.46 14.47 14.31 14.32 99238900 14.065729
20130816 14.29 14.47 14.21 14.42 104959000 14.163954
20130819 14.37 14.38 14.13 14.15 98384600 13.898747
20130820 14.18 14.38 13.98 14.29 114332500 14.036262
20130821 14.26 14.48 14.20 14.34 91680600 14.085374
20130822 14.47 14.60 14.40 14.57 76348300 14.31129
20130823 14.59 14.69 14.51 14.57 67699200 14.31129
20130826 14.53 14.70 14.49 14.49 68938900 14.23271
20130827 14.26 14.41 14.10 14.11 122534200 13.859458
20130828 14.07 14.25 13.99 14.12 96473600 13.86928
20130829 14.14 14.30 14.12 14.17 76691500 13.918393
20130830 14.23 14.25 14.07 14.12 73233400 13.86928
20130903 14.30 14.38 14.18 14.25 74628700 13.996972
20130904 14.21 14.40 14.21 14.32 71132500 14.075606
20130905 14.41 14.55 14.36 14.37 71229200 14.124753
20130906 14.47 14.50 14.27 14.36 75513100 14.114923
20130909 14.41 14.49 14.37 14.48 53447300 14.232875
20130910 14.52 14.69 14.52 14.61 93180300 14.360657
20130911 14.56 14.68 14.52 14.65 81098900 14.399974
20130912 14.65 14.68 14.46 14.48 63355900 14.232875
20130913 14.46 14.55 14.45 14.49 56793400 14.242705
20130916 14.61 14.68 14.53 14.53 65276500 14.282022
20130917 14.53 14.62 14.40 14.55 73686100 14.301681
20130918 14.53 14.82 14.49 14.71 127092600 14.45895
20130919 14.80 14.83 14.58 14.61 79710700 14.360657
20130920 14.65 14.66 14.44 14.44 145174800 14.193558
20130923 14.31 14.32 14.09 14.14 127283100 13.898679
20130924 14.18 14.25 14.01 14.09 96912800 13.849532
20130925 14.12 14.24 14.03 14.14 86546100 13.898679
20130926 14.19 14.22 13.98 14.08 89352900 13.839702
20130927 13.99 14.03 13.88 13.90 79156000 13.662774
20130930 13.69 13.93 13.60 13.80 104439900 13.564481
20131001 13.85 13.92 13.81 13.90 57631000 13.662774
20131002 13.81 14.10 13.79 14.06 89186300 13.820044
20131003 14.07 14.10 13.83 14.00 95269000 13.761068
20131004 14.02 14.08 13.96 14.05 63495400 13.810214
20131007 13.91 13.95 13.80 13.81 64822700 13.574311
20131008 13.83 13.90 13.68 13.69 92746200 13.456358
20131009 13.72 13.93 13.69 13.84 96012800 13.603798
20131010 14.03 14.25 14.01 14.23 102305800 13.987142
20131011 14.24 14.28 14.11 14.19 83422000 13.947825
20131014 14.06 14.39 14.05 14.35 78367500 14.105095
20131015 14.39 14.43 14.21 14.24 102099300 13.996971
20131016 14.32 14.61 14.32 14.56 153481000 14.311511
20131017 14.45 14.66 14.41 14.66 94090800 14.409804
20131018 14.68 14.72 14.53 14.63 96986400 14.380316
20131021 14.53 14.59 14.47 14.52 91280600 14.272193
20131022 14.55 14.63 14.45 14.52 102836000 14.272193
20131023 14.45 14.48 14.17 14.21 108529700 13.967484
20131024 14.12 14.20 14.07 14.17 92566100 13.928166
20131025 14.15 14.27 14.14 14.26 58592400 14.016631
20131028 14.29 14.32 14.21 14.23 62328000 13.987142
20131029 14.26 14.29 14.06 14.15 79563100 13.908507
20131030 14.19 14.29 14.15 14.17 76624200 13.928166
20131031 14.14 14.16 13.96 13.97 105713400 13.73158
20131101 14.00 14.10 13.96 14.02 75610400 13.780727
20131104 14.09 14.12 14.00 14.04 53063200 13.800385
20131105 13.99 14.02 13.90 13.93 71809700 13.692263
20131106 13.99 14.02 13.91 13.96 66712900 13.72175
20131107 14.00 14.03 13.80 13.80 80775000 13.564481
20131108 13.86 14.32 13.84 14.32 158227300 14.075606
20131111 14.27 14.42 14.24 14.40 66357400 14.154241
20131112 14.33 14.46 14.26 14.32 69498300 14.075606
20131113 14.26 14.64 14.20 14.64 128018500 14.390145
20131114 14.68 14.82 14.61 14.80 128999400 14.547415
20131115 14.79 14.95 14.77 14.92 105475300 14.665366
20131118 14.98 15.17 14.86 14.92 145554400 14.665366
20131119 14.98 15.30 14.97 15.20 161505600 14.940588
20131120 15.25 15.27 15.08 15.14 107174900 14.881612
20131121 15.22 15.60 15.20 15.59 142053600 15.323932
20131122 15.70 15.79 15.60 15.64 110331100 15.373079
20131125 15.67 15.98 15.66 15.81 153765500 15.540177
20131126 15.84 15.97 15.81 15.88 114833700 15.608983
20131127 15.87 15.94 15.76 15.83 75503600 15.559836
20131129 15.84 15.92 15.79 15.82 44288400 15.550006
20131202 15.84 15.97 15.70 15.73 92987400 15.461542
20131203 15.64 15.79 15.39 15.54 106450300 15.274785
20131204 15.39 15.73 15.36 15.63 96678100 15.373142
20131205 15.61 15.64 15.36 15.43 95230500 15.176429
20131206 15.61 15.72 15.46 15.56 92203100 15.304293
20131209 15.62 15.67 15.56 15.58 50167200 15.323964
20131210 15.52 15.68 15.51 15.56 67486300 15.304293
20131211 15.55 15.55 15.18 15.25 117565000 14.999387
20131212 15.26 15.35 15.12 15.25 76113900 14.999387
20131213 15.28 15.33 15.13 15.18 61575600 14.930537
20131216 15.22 15.34 15.20 15.24 71467000 14.989551
20131217 15.24 15.30 15.14 15.18 74247300 14.930537
20131218 15.28 15.71 15.06 15.69 152929300 15.432156
20131219 15.66 15.79 15.60 15.75 97776100 15.49117
20131220 15.75 15.87 15.60 15.60 131956000 15.343635
20131223 15.72 15.79 15.69 15.69 52565800 15.432156
20131224 15.72 15.75 15.67 15.70 21770400 15.441991
20131226 15.74 15.75 15.64 15.65 48803600 15.392813
20131227 15.67 15.70 15.58 15.67 40049300 15.412485
20131230 15.64 15.69 15.52 15.54 56218800 15.284621
20131231 15.60 15.62 15.51 15.57 57188900 15.314128
20140102 15.69 16.16 15.68 16.10 148709900 15.835419
20140103 16.27 16.50 16.23 16.41 129921800 16.140324
20140106 16.629999 16.73 16.559999 16.66 114431300 16.386215
20140107 16.77 16.790001 16.450001 16.50 110605100 16.228845
20140108 16.67 16.690001 16.52 16.58 101036400 16.30753
20140109 16.67 16.93 16.610001 16.83 100947200 16.553421
20140110 16.75 16.790001 16.610001 16.77 87454100 16.494408
20140113 16.790001 16.799999 16.40 16.43 90025400 16.159995
20140114 16.540001 16.77 16.530001 16.77 97786600 16.494408
20140115 17.23 17.42 17.110001 17.15 329333100 16.868162
20140116 17.09 17.139999 16.99 17.08 163613100 16.799313
20140117 17.200001 17.219999 16.99 17.01 96232200 16.730464
20140121 17.08 17.16 16.870001 17.01 118269200 16.730464
20140122 17.08 17.15 17.00 17.15 68114400 16.868162
20140123 17.07 17.09 16.74 16.860001 123765900 16.582929
20140124 16.67 16.719999 16.450001 16.450001 112899300 16.179667
20140127 16.370001 16.540001 16.059999 16.309999 134872600 16.041967
20140128 16.450001 16.76 16.370001 16.73 92891300 16.455064
20140129 16.549999 16.85 16.49 16.68 130026900 16.405887
20140130 16.809999 16.99 16.77 16.93 91028200 16.651779
20140131 16.719999 16.98 16.610001 16.75 139432100 16.474736
20140203 16.77 16.879999 16.299999 16.35 159981200 16.08131
20140204 16.49 16.559999 16.26 16.35 125337000 16.08131
20140205 16.309999 16.450001 16.15 16.40 110576200 16.130488
20140206 16.450001 16.73 16.440001 16.690001 110029100 16.415723
20140207 16.82 16.879999 16.629999 16.82 122571100 16.543586
20140210 16.709999 16.73 16.60 16.719999 95792500 16.445229
20140211 16.73 16.92 16.639999 16.879999 92617500 16.602599
20140212 16.870001 16.91 16.65 16.75 96948900 16.474736
20140213 16.65 16.82 16.629999 16.75 95756900 16.474736
20140214 16.74 16.76 16.65 16.700001 100684300 16.425559
20140218 16.700001 16.74 16.469999 16.469999 121778600 16.199337
20140219 16.379999 16.450001 16.18 16.200001 137734500 15.933776
20140220 16.219999 16.360001 16.18 16.299999 107425900 16.032131
20140221 16.290001 16.49 16.25 16.290001 106236900 16.022297
20140224 16.299999 16.629999 16.299999 16.530001 102909600 16.258352
20140225 16.50 16.559999 16.32 16.34 81457000 16.071474
20140226 16.360001 16.40 16.129999 16.33 89831600 16.061638
20140227 16.27 16.49 16.209999 16.49 71314500 16.219009
20140228 16.49 16.65 16.35 16.530001 126252100 16.258352
20140303 16.299999 16.41 16.190001 16.299999 87526800 16.032131
20140304 16.48 16.74 16.43 16.73 100849900 16.455064
20140305 16.790001 17.309999 16.780001 17.25 207180000 16.976668
20140306 17.42 17.629999 17.309999 17.35 138078900 17.075083
20140307 17.540001 17.59 17.25 17.33 109547100 17.0554
20140310 17.27 17.469999 17.25 17.469999 81732700 17.193181
20140311 17.51 17.52 17.25 17.27 90183400 16.996351
20140312 17.18 17.33 17.07 17.280001 83309200 17.006193
20140313 17.34 17.469999 17.07 17.16 100875700 16.888094
20140314 17.08 17.219999 16.76 16.799999 131297200 16.533797
20140317 16.98 17.17 16.969999 17.110001 79942200 16.838887
20140318 17.139999 17.219999 17.07 17.190001 67402400 16.917619
20140319 17.16 17.49 17.120001 17.440001 105006500 17.163657
20140320 17.440001 18.00 17.43 17.92 167048700 17.636051
20140321 18.030001 18.030001 17.559999 17.559999 155721000 17.281755
20140324 17.620001 17.65 17.299999 17.370001 118500000 17.094767
20140325 17.49 17.58 17.200001 17.209999 98348600 16.9373
20140326 17.379999 17.40 17.18 17.18 97573700 16.907777
20140327 17.280001 17.49 16.83 17.01 175139500 16.740471
20140328 17.09 17.15 16.85 16.98 79909500 16.710945
20140331 17.15 17.27 17.120001 17.200001 62115800 16.927461
20140401 17.280001 17.40 17.26 17.34 57423800 17.065242
20140402 17.35 17.379999 17.129999 17.23 65349000 16.956984
20140403 17.209999 17.24 17.030001 17.15 56534500 16.878252
20140404 17.209999 17.219999 16.700001 16.719999 110409600 16.455065
20140407 16.690001 16.700001 16.190001 16.379999 129464900 16.120452
20140408 16.370001 16.50 16.25 16.440001 75769700 16.179503
20140409 16.549999 16.629999 16.35 16.620001 83096400 16.356651
20140410 16.620001 16.620001 16.10 16.120001 98390900 15.864574
20140411 15.86 16.129999 15.62 15.77 133757100 15.520119
20140414 16.049999 16.219999 15.78 16.00 99249400 15.746474
20140415 16.09 16.41 15.96 16.389999 134956600 16.130294
20140416 16.200001 16.219999 15.78 16.129999 172948900 15.874414
20140417 16.139999 16.25 15.93 16.15 104765500 15.894097
20140421 16.15 16.17 16.030001 16.09 51280500 15.835048
20140422 16.09 16.34 16.040001 16.290001 77888900 16.03188
20140423 16.299999 16.40 16.23 16.370001 52425600 16.110612
20140424 16.43 16.50 16.209999 16.34 73910900 16.081087
20140425 16.10 16.23 15.93 15.95 84617700 15.697266
20140428 15.33 15.41 14.86 14.95 344935200 14.713112
20140429 15.04 15.30 14.91 15.24 155495000 14.998517
20140430 15.26 15.27 15.13 15.14 82359700 14.900102
20140501 15.14 15.22 15.03 15.09 68368300 14.850894
20140502 15.18 15.29 15.10 15.25 73562900 15.008358
20140505 15.08 15.13 15.02 15.08 51669100 14.841052
20140506 15.03 15.03 14.72 14.73 96268300 14.496597
20140507 14.86 14.92 14.75 14.80 91733000 14.565489
20140508 14.85 15.04 14.80 14.93 65232700 14.693429
20140509 14.95 14.99 14.67 14.74 86751600 14.506439
20140512 14.79 15.10 14.79 15.07 70669900 14.83121
20140513 15.04 15.10 14.94 15.03 58469100 14.791844
20140514 14.99 15.02 14.81 14.84 52431900 14.604855
20140515 14.82 14.83 14.39 14.55 104193000 14.31945
20140516 14.51 14.54 14.37 14.51 80476100 14.280084
20140519 14.43 14.70 14.38 14.67 51034700 14.437549
20140520 14.65 14.69 14.48 14.53 60108200 14.299767
20140521 14.59 14.71 14.50 14.61 64808600 14.378499
20140522 14.58 14.72 14.55 14.71 51929400 14.476915
20140523 14.71 14.81 14.65 14.72 51648900 14.486757
20140527 15.00 15.31 14.98 15.22 125398900 14.978834
20140528 15.27 15.28 15.03 15.14 72481700 14.900102
20140529 15.12 15.21 15.10 15.15 39423000 14.909942
20140530 15.12 15.23 15.07 15.14 45787100 14.900102
20140602 15.16 15.28 15.05 15.26 46374000 15.0182
20140603 15.20 15.28 15.11 15.21 49025400 14.968992
20140604 15.19 15.26 15.15 15.21 39757300 14.968992
20140605 15.28 15.48 15.22 15.43 60300500 15.185506
20140606 15.45 15.65 15.43 15.59 73930500 15.342971
20140609 15.60 15.88 15.60 15.84 78647900 15.58901
20140610 15.78 15.94 15.73 15.92 49852900 15.667742
20140611 15.69 15.82 15.55 15.59 73729300 15.342971
20140612 15.57 15.66 15.38 15.42 66173200 15.175665
20140613 15.46 15.55 15.33 15.44 61588100 15.195347
20140616 15.30 15.31 15.18 15.28 55425400 15.037883
20140617 15.27 15.62 15.26 15.59 58011600 15.342971
20140618 15.63 15.69 15.44 15.65 70220300 15.40202
20140619 15.66 15.67 15.50 15.55 40953900 15.303605
20140620 15.63 15.63 15.44 15.45 54765300 15.214974
20140623 15.47 15.65 15.38 15.64 58492200 15.402084
20140624 15.56 15.70 15.44 15.49 73262500 15.254365
20140625 15.45 15.49 15.28 15.47 71766400 15.23467
20140626 15.44 15.53 15.27 15.41 68519600 15.175582
20140627 15.38 15.42 15.31 15.33 58149200 15.096799
20140630 15.31 15.45 15.29 15.37 47776800 15.136191
20140701 15.38 15.65 15.38 15.60 74193500 15.362692
20140702 15.78 16.030001 15.76 15.85 87685800 15.608889
20140703 16.07 16.23 16.00 16.030001 70582300 15.786151
20140707 15.99 16.00 15.83 15.94 62437100 15.697519
20140708 15.82 15.83 15.52 15.58 73343400 15.342996
20140709 15.62 15.69 15.54 15.60 46415800 15.362692
20140710 15.33 15.53 15.25 15.44 61458500 15.205125
20140711 15.39 15.43 15.30 15.38 56849400 15.146039
20140714 15.62 15.67 15.52 15.57 59181700 15.333148
20140715 15.75 15.85 15.66 15.81 99946700 15.569498
20140716 15.66 15.66 15.43 15.51 123897400 15.274061
20140717 15.45 15.48 15.13 15.20 114839900 14.968777
20140718 15.27 15.50 15.25 15.49 74859200 15.254365
20140721 15.42 15.55 15.36 15.52 61802200 15.283909
20140722 15.59 15.62 15.47 15.52 58331100 15.283909
20140723 15.52 15.63 15.51 15.52 47253300 15.283909
20140724 15.56 15.64 15.55 15.62 46549800 15.382388
20140725 15.59 15.63 15.55 15.59 35627200 15.352844
20140728 15.59 15.61 15.46 15.50 39313000 15.264213
20140729 15.52 15.53 15.34 15.34 51480500 15.106647
20140730 15.43 15.67 15.31 15.58 83243100 15.342996
20140731 15.44 15.55 15.25 15.25 70677300 15.018016
20140801 15.18 15.39 14.84 14.98 115978900 14.752123
20140804 15.07 15.12 14.98 15.05 51954700 14.821059
20140805 15.01 15.20 14.90 15.00 65071500 14.771819
20140806 15.14 15.36 15.14 15.20 95977900 14.968777
20140807 15.44 15.44 15.09 15.12 80058300 14.889994
20140808 15.08 15.20 14.99 15.20 54495000 14.968777
20140811 15.26 15.27 15.15 15.22 41545100 14.988473
20140812 15.18 15.30 15.15 15.21 33674400 14.978625
20140813 15.25 15.29 15.20 15.25 34394600 15.018016
20140814 15.26 15.32 15.26 15.32 29934600 15.086951
20140815 15.34 15.41 15.14 15.22 61535500 14.988473
20140818 15.28 15.45 15.27 15.45 54968600 15.214974
20140819 15.52 15.65 15.44 15.45 44825500 15.214974
20140820 15.41 15.63 15.37 15.52 57825000 15.283909
20140821 15.69 16.219999 15.62 16.16 177294400 15.914173
20140822 16.16 16.290001 16.049999 16.129999 107641800 15.884629
20140825 16.27 16.40 16.200001 16.290001 89396500 16.042196
20140826 16.34 16.459999 16.32 16.33 73323400 16.081587
20140827 16.370001 16.389999 16.139999 16.200001 63061800 15.953565
20140828 16.10 16.10 15.99 16.01 62170400 15.766455
20140829 16.049999 16.139999 16.02 16.09 50106600 15.845238
20140902 16.139999 16.280001 16.059999 16.27 59400400 16.0225
20140903 16.27 16.280001 16.040001 16.10 67418900 15.903961
20140904 16.10 16.27 16.040001 16.110001 56378600 15.91384
20140905 16.049999 16.07 15.90 16.02 80974900 15.824936
20140908 16.190001 16.370001 16.15 16.35 99411200 16.150917
20140909 16.25 16.26 16.10 16.139999 82428900 15.943473
20140910 16.16 16.40 16.129999 16.360001 75656100 16.160796
20140911 16.32 16.629999 16.299999 16.57 106598100 16.368238
20140912 16.620001 16.83 16.610001 16.790001 117118300 16.58556
20140915 16.799999 16.93 16.620001 16.74 87306900 16.536168
20140916 16.67 16.84 16.67 16.709999 65017200 16.506533
20140917 16.709999 16.93 16.68 16.77 82902700 16.565803
20140918 16.879999 17.15 16.870001 17.040001 111923200 16.832516
20140919 17.15 17.17 16.879999 16.950001 88455000 16.743612
20140922 17.09 17.17 16.99 17.030001 109276700 16.822638
20140923 17.049999 17.200001 17.030001 17.049999 91921900 16.842393
20140924 17.120001 17.190001 16.969999 17.18 86396100 16.970811
20140925 17.16 17.18 16.85 16.85 104522500 16.644829
20140926 16.91 17.049999 16.889999 17.030001 66785900 16.822638
20140929 16.91 17.049999 16.879999 17.01 68038300 16.802881
20140930 17.08 17.110001 16.969999 17.049999 82217400 16.842393
20141001 17.07 17.09 16.799999 16.82 91235900 16.615194
20141002 16.860001 16.99 16.629999 16.879999 118018800 16.674463
20141003 17.110001 17.299999 17.059999 17.290001 110840600 17.079472
20141006 17.370001 17.41 17.219999 17.290001 66212100 17.079472
20141007 17.18 17.200001 16.879999 16.879999 91396300 16.674463
20141008 16.879999 17.120001 16.719999 17.120001 101266800 16.911542
20141009 17.040001 17.110001 16.549999 16.59 121363100 16.387995
20141010 16.52 16.77 16.360001 16.48 129552700 16.279334
20141013 16.48 16.67 16.40 16.40 92674100 16.200308
20141014 16.51 16.629999 16.360001 16.52 97451900 16.318847
20141015 16.23 16.24 15.43 15.76 216591800 15.568101
20141016 15.61 16.25 15.52 16.08 148199400 15.884204
20141017 16.25 16.41 16.16 16.209999 94339200 16.012621
20141020 16.200001 16.33 16.16 16.26 76510700 16.062013
20141021 16.43 16.610001 16.309999 16.60 78287300 16.397873
20141022 16.59 16.700001 16.370001 16.40 85199800 16.200308
20141023 16.58 16.73 16.52 16.60 68436600 16.397873
20141024 16.629999 16.719999 16.559999 16.719999 41951400 16.516411
20141027 16.68 16.690001 16.50 16.59 51500000 16.387995
20141028 16.620001 16.799999 16.610001 16.799999 71580600 16.595437
20141029 16.77 17.02 16.709999 16.99 99875700 16.783124
20141030 16.959999 17.120001 16.84 17.030001 72579100 16.822638
20141031 17.17 17.219999 17.10 17.16 82788900 16.951054
20141103 17.18 17.35 17.10 17.27 64050700 17.059715
20141104 17.219999 17.299999 17.02 17.209999 53515400 17.000444
20141105 17.32 17.370001 17.209999 17.34 58608200 17.128863
20141106 17.34 17.40 17.280001 17.360001 57339200 17.148619
20141107 17.309999 17.379999 17.219999 17.360001 53907800 17.148619
20141110 17.360001 17.40 17.299999 17.370001 54261100 17.158498
20141111 17.370001 17.459999 17.299999 17.32 62236000 17.109106
20141112 17.24 17.299999 17.07 17.290001 48669100 17.079472
20141113 17.290001 17.299999 17.120001 17.219999 50586300 17.010323
20141114 17.17 17.25 17.10 17.139999 41144600 16.931297
20141117 17.059999 17.139999 16.969999 17.09 43393300 16.881907
20141118 17.07 17.219999 17.059999 17.139999 39490700 16.931297
20141119 17.15 17.15 17.01 17.059999 49441600 16.852271
20141120 16.959999 17.01 16.83 17.00 49652100 16.793002
20141121 17.15 17.190001 17.059999 17.120001 63000000 16.911542
20141124 17.16 17.280001 17.08 17.18 52785700 16.970811
20141125 17.23 17.26 17.08 17.10 44786300 16.891785
20141126 17.120001 17.15 17.040001 17.110001 27310300 16.901664
20141128 17.07 17.15 17.030001 17.040001 27834900 16.832516
20141201 16.92 16.940001 16.73 16.790001 61173100 16.58556
20141202 16.870001 17.15 16.860001 17.15 62301200 16.941175
20141203 17.10 17.299999 17.059999 17.290001 70104200 17.129411
20141204 17.24 17.34 17.129999 17.209999 49412800 17.050152
20141205 17.41 17.709999 17.35 17.68 131824000 17.515788
20141208 17.66 17.870001 17.51 17.66 101035100 17.495974
20141209 17.18 17.59 17.17 17.559999 95939400 17.396902
20141210 17.48 17.68 17.370001 17.379999 103611100 17.218574
20141211 17.440001 17.65 17.440001 17.469999 80173200 17.307738
20141212 17.469999 17.469999 17.129999 17.129999 88886700 16.970896
20141215 17.299999 17.309999 16.76 16.85 101305300 16.693497
20141216 16.74 17.190001 16.59 16.719999 96112000 16.564704
20141217 16.870001 17.27 16.82 17.26 92164100 17.099689
20141218 17.469999 17.530001 17.34 17.530001 79334000 17.367182
20141219 17.49 17.700001 17.49 17.620001 105588200 17.456346
20141222 17.65 17.73 17.549999 17.709999 70969300 17.545508
20141223 17.83 17.99 17.780001 17.93 94405200 17.763466
20141224 17.969999 18.10 17.92 17.98 35091300 17.813001
20141226 18.02 18.049999 17.950001 17.98 34362500 17.813001
20141229 17.969999 18.190001 17.91 18.110001 58370900 17.941795
20141230 18.040001 18.18 18.01 18.129999 41433500 17.961607
20141231 18.190001 18.209999 17.889999 17.889999 57819600 17.723837
20150102 17.99 18.030001 17.68 17.90 48951100 17.733744
20150105 17.790001 17.809999 17.290001 17.379999 105605500 17.218574
20150106 17.42 17.440001 16.780001 16.860001 144912400 16.703405
20150107 17.139999 17.18 16.870001 16.940001 104603800 16.782662
20150108 17.16 17.34 17.10 17.290001 73388500 17.129411
20150109 17.379999 17.379999 16.950001 16.98 84144600 16.822289
20150112 17.02 17.030001 16.66 16.68 92762500 16.525076
20150113 16.82 16.889999 16.32 16.450001 100845400 16.297213
20150114 16.00 16.219999 15.77 16.040001 164779800 15.891021
20150115 15.59 15.76 15.15 15.20 193241300 15.058822
20150116 15.16 15.40 14.97 15.38 149802000 15.23715
20150120 15.59 15.63 15.20 15.26 123402800 15.118265
20150121 15.28 15.57 15.15 15.41 101054200 15.266872
20150122 15.55 16.190001 15.43 16.09 183042100 15.940556
20150123 16.040001 16.190001 15.73 15.73 103376900 15.583899
20150126 15.72 15.93 15.70 15.85 69969300 15.702785
20150127 15.55 15.79 15.48 15.63 86184200 15.484828
20150128 15.72 15.73 15.18 15.20 105359800 15.058822
20150129 15.31 15.49 15.20 15.43 76095800 15.286686
20150130 15.23 15.47 15.15 15.15 99844600 15.009286
20150202 15.27 15.49 15.12 15.46 101586700 15.316407
20150203 15.62 15.93 15.61 15.89 105159400 15.742414
20150204 15.79 16.00 15.75 15.79 83848100 15.643342
20150205 15.98 16.09 15.90 15.97 92264700 15.821671
20150206 16.299999 16.75 16.219999 16.49 154352900 16.33684
20150209 16.35 16.50 16.25 16.35 95532900 16.198141
20150210 16.559999 16.620001 16.35 16.42 100322800 16.267491
20150211 16.33 16.450001 16.209999 16.360001 99924400 16.208049
20150212 16.41 16.73 16.370001 16.67 116394100 16.515169
20150213 16.73 16.790001 16.540001 16.610001 93632700 16.455727
20150217 16.52 16.68 16.370001 16.629999 93350600 16.47554
20150218 16.549999 16.559999 16.24 16.299999 84057400 16.148605
20150219 16.209999 16.379999 16.08 16.209999 83604300 16.05944
20150220 16.139999 16.43 16.01 16.379999 89763600 16.227862
20150223 16.32 16.32 16.10 16.200001 87623700 16.049535
20150224 16.27 16.549999 16.25 16.379999 74109600 16.227862
20150225 16.370001 16.50 16.32 16.49 57201000 16.33684
20150226 16.42 16.440001 15.90 16.040001 161100700 15.891021
20150227 15.78 15.88 15.62 15.81 130448200 15.663157
20150302 15.79 16.030001 15.72 16.01 71402400 15.861299
20150303 16.030001 16.15 15.96 16.040001 65689800 15.891021
20150304 15.96 15.98 15.76 15.84 78441600 15.74195
20150305 15.92 16.030001 15.75 16.00 69510000 15.900959
20150306 16.00 16.620001 16.00 16.219999 163207200 16.119597
20150309 16.309999 16.33 16.120001 16.17 72912700 16.069907
20150310 16.040001 16.129999 15.79 15.79 85633600 15.692259
20150311 15.92 16.16 15.87 16.110001 85910100 16.010279
20150312 16.049999 16.209999 15.90 16.09 126376300 15.990402
20150313 16.08 16.15 15.94 16.09 88581900 15.990402
20150316 16.110001 16.219999 15.85 16.129999 63406500 16.030153
20150317 16.07 16.120001 15.96 16.09 67315000 15.990402
20150318 16.01 16.10 15.91 15.98 86387600 15.881082
20150319 15.96 15.97 15.61 15.61 109169200 15.513373
20150320 15.70 15.93 15.64 15.84 99867700 15.74195
20150323 15.82 15.88 15.72 15.72 73773500 15.622692
20150324 15.73 15.80 15.61 15.61 77011000 15.513373
20150325 15.63 15.65 15.40 15.41 88541500 15.314611
20150326 15.39 15.54 15.26 15.42 76741500 15.324549
20150327 15.48 15.49 15.27 15.31 73140800 15.215231
20150330 15.42 15.61 15.40 15.52 70835300 15.423931
20150331 15.50 15.52 15.38 15.39 61381700 15.294735
20150401 15.42 15.46 15.25 15.41 73153900 15.314611
20150402 15.43 15.62 15.43 15.54 50443500 15.443806
20150406 15.39 15.60 15.34 15.51 51189500 15.413992
20150407 15.53 15.65 15.45 15.46 50057800 15.364302
20150408 15.51 15.74 15.50 15.61 71732500 15.513373
20150409 15.63 15.76 15.53 15.71 44935600 15.612754
20150410 15.69 15.79 15.60 15.72 43817700 15.622692
20150413 15.78 15.86 15.74 15.80 49191200 15.702197
20150414 15.88 15.95 15.71 15.82 84385400 15.722073
20150415 15.70 15.85 15.59 15.64 124479100 15.543188
20150416 15.64 15.94 15.58 15.79 105591000 15.692259
20150417 15.71 15.75 15.50 15.56 88994300 15.463683
20150420 15.62 15.69 15.56 15.57 53649400 15.47362
20150421 15.60 15.64 15.43 15.50 64033100 15.404054
20150422 15.55 15.83 15.49 15.74 73092800 15.642568
20150423 15.72 15.80 15.68 15.69 50292200 15.592878
20150424 15.71 15.75 15.61 15.64 40766100 15.543188
20150427 15.63 15.76 15.56 15.56 73523400 15.463683
20150428 15.58 15.71 15.50 15.65 58080100 15.553125
20150429 15.60 16.040001 15.57 15.98 134499400 15.881082
20150430 16.00 16.049999 15.80 15.93 78313900 15.831393
20150501 16.00 16.15 15.92 16.110001 78171400 16.010279
20150504 16.139999 16.450001 16.120001 16.440001 76592300 16.338236
20150505 16.42 16.610001 16.33 16.35 106148700 16.248793
20150506 16.360001 16.49 16.08 16.290001 96426500 16.189165
20150507 16.23 16.33 16.09 16.24 73794800 16.139473
20150508 16.32 16.459999 16.219999 16.450001 86333700 16.348174
20150511 16.450001 16.59 16.43 16.49 56246000 16.387926
20150512 16.459999 16.48 16.35 16.43 59627100 16.328298
20150513 16.440001 16.52 16.360001 16.469999 47330600 16.368049
20150514 16.530001 16.59 16.450001 16.52 55395700 16.417741
20150515 16.52 16.52 16.299999 16.35 54937800 16.248793
20150518 16.309999 16.540001 16.309999 16.51 51059900 16.407802
20150519 16.59 16.780001 16.58 16.77 89115500 16.666193
20150520 16.780001 16.85 16.629999 16.74 67684000 16.636378
20150521 16.709999 16.75 16.559999 16.73 52056600 16.62644
20150522 16.719999 16.799999 16.700001 16.75 47032900 16.646316
20150526 16.73 16.73 16.43 16.50 100048200 16.397864
20150527 16.559999 16.75 16.540001 16.74 70026700 16.636378
20150528 16.719999 16.73 16.58 16.67 60970000 16.566812
20150529 16.66 16.67 16.469999 16.50 74266200 16.397864
20150601 16.58 16.639999 16.469999 16.549999 62941600 16.447554
20150602 16.52 16.76 16.50 16.719999 65513200 16.616501
20150603 16.67 17.02 16.67 16.93 89614900 16.875668
20150604 16.870001 16.98 16.719999 16.780001 61025500 16.72615
20150605 17.040001 17.35 16.969999 17.190001 119087400 17.134834
20150608 17.27 17.33 17.049999 17.08 69749600 17.025186
20150609 17.049999 17.35 17.00 17.309999 82104900 17.254448
20150610 17.389999 17.620001 17.360001 17.59 102643100 17.53355
20150611 17.620001 17.68 17.440001 17.49 77191500 17.43387
20150612 17.450001 17.58 17.360001 17.49 53149400 17.43387
20150615 17.33 17.50 17.25 17.469999 68053400 17.413934
20150616 17.459999 17.559999 17.370001 17.549999 47291200 17.493677
20150617 17.59 17.60 17.299999 17.370001 88712100 17.314256
20150618 17.35 17.40 17.219999 17.379999 97599900 17.324223
20150619 17.280001 17.389999 17.120001 17.17 83395400 17.114898
20150622 17.360001 17.530001 17.35 17.469999 58477700 17.413934
20150623 17.559999 17.719999 17.559999 17.67 63865700 17.613293
20150624 17.530001 17.690001 17.450001 17.49 59079500 17.43387
20150625 17.57 17.620001 17.35 17.370001 59772200 17.314256
20150626 17.48 17.52 17.35 17.41 63080800 17.354127
20150629 17.129999 17.25 16.860001 16.889999 98604200 16.835795
20150630 17.08 17.129999 16.85 17.02 89039800 16.965379
20150701 17.25 17.309999 17.09 17.219999 62317400 17.164736
20150702 17.16 17.209999 16.889999 17.030001 64736500 16.975347
20150706 16.780001 17.01 16.709999 16.940001 58726900 16.885636
20150707 16.90 16.93 16.34 16.690001 115450500 16.636438
20150708 16.42 16.50 16.219999 16.25 83033000 16.19785
20150709 16.530001 16.719999 16.450001 16.48 81534400 16.427111
20150710 16.799999 16.84 16.66 16.700001 72965300 16.646407
20150713 16.969999 17.049999 16.90 17.02 67934300 16.965379
20150714 16.93 17.15 16.860001 17.129999 69999800 17.075025
20150715 17.530001 17.85 17.49 17.68 173099900 17.623261
20150716 17.91 18.07 17.860001 17.950001 117054300 17.892395
20150717 17.959999 18.16 17.889999 18.10 96894900 18.041913
20150720 18.15 18.23 18.08 18.120001 71980100 18.06185
20150721 18.110001 18.17 18.02 18.08 63732800 18.021977
20150722 18.030001 18.48 18.030001 18.450001 110327000 18.39079
20150723 18.389999 18.43 18.08 18.18 103650100 18.121656
20150724 18.18 18.23 17.84 17.90 86364300 17.842554
20150727 17.66 17.780001 17.50 17.67 93231900 17.613293
20150728 17.790001 17.889999 17.60 17.879999 82166800 17.822618
20150729 17.950001 18.200001 17.92 18.16 96388600 18.10172
20150730 18.200001 18.290001 18.049999 18.129999 65667900 18.071816
20150731 18.030001 18.059999 17.860001 17.879999 67176900 17.822618
20150803 17.91 17.969999 17.639999 17.77 62376800 17.712972
20150804 17.790001 17.93 17.709999 17.799999 69741500 17.742875
20150805 17.93 18.049999 17.799999 17.870001 65228600 17.812652
20150806 17.91 17.98 17.77 17.809999 47594700 17.752843
20150807 17.92 18.07 17.60 17.75 71020700 17.693036
20150810 17.870001 18.049999 17.860001 18.040001 65791200 17.982106
20150811 17.85 17.969999 17.719999 17.790001 65868600 17.732909
20150812 17.620001 17.65 17.02 17.52 141600100 17.463775
20150813 17.559999 17.690001 17.440001 17.620001 67456200 17.563454
20150814 17.57 17.700001 17.540001 17.700001 52710300 17.643197
20150817 17.610001 17.809999 17.559999 17.77 42310000 17.712972
20150818 17.719999 17.90 17.65 17.690001 50360700 17.633229
20150819 17.549999 17.690001 17.440001 17.459999 78540500 17.403966
20150820 17.190001 17.200001 16.719999 16.719999 149185400 16.666341
20150821 16.200001 16.66 16.10 16.10 148874300 16.048332
20150824 15.02 15.98 14.60 15.29 214649500 15.240931
20150825 16.200001 16.200001 15.25 15.26 194377000 15.211027
20150826 15.81 16.059999 15.34 16.059999 174208500 16.008459
20150827 16.379999 16.450001 16.09 16.440001 124185400 16.387241
20150828 16.40 16.440001 16.200001 16.360001 75899300 16.307498
20150831 16.33 16.379999 16.18 16.34 66695200 16.287561
20150901 15.95 16.049999 15.46 15.58 119064000 15.53
20150902 15.82 15.86 15.57 15.85 74820400 15.85
20150903 15.97 16.190001 15.87 15.94 77175800 15.94
20150904 15.79 15.86 15.50 15.65 104539500 15.65
20150908 15.96 16.16 15.90 16.16 73960200 16.16
20150909 16.370001 16.459999 15.83 15.90 70466100 15.90
20150910 15.87 16.110001 15.81 16.040001 71110200 16.040001
20150911 15.99 16.059999 15.90 16.040001 54287700 16.040001
20150914 15.97 16.07 15.90 15.96 50300000 15.96
20150915 16.040001 16.389999 16.01 16.309999 61441500 16.309999
20150916 16.35 16.389999 16.09 16.33 82103100 16.33
20150917 16.290001 16.48 15.78 15.86 116177500 15.86
20150918 15.68 15.71 15.50 15.56 135287300 15.56
20150921 15.67 15.75 15.57 15.70 60335300 15.70
20150922 15.49 15.58 15.45 15.57 91345800 15.57
20150923 15.60 15.85 15.58 15.72 77240300 15.72
20150924 15.54 15.62 15.40 15.55 97752800 15.55
20150925 15.88 16.02 15.81 15.89 88260000 15.89
