20130102 92.949997 94.440002 92.949997 93.50 11590000 86.985691
20130103 93.220001 94.989998 92.889999 94.400002 9329000 87.822988
20130104 94.57 94.919998 94.040001 94.919998 5658600 88.306756
20130107 94.57 95.669998 94.400002 95.209999 5368800 88.576552
20130108 94.669998 95.190002 93.57 94.00 5616100 87.450855
20130109 94.099998 94.769997 94.099998 94.440002 3546100 87.860202
20130110 95.110001 95.190002 94.230003 95.080002 4596400 88.455612
20130111 94.559998 95.389999 94.120003 95.190002 4288500 88.557948
20130114 95.32 95.480003 94.150002 94.629997 3685800 88.03696
20130115 94.209999 95.830002 94.18 95.669998 4789800 89.004502
20130116 95.099998 95.669998 94.830002 95.190002 3809700 88.557948
20130117 95.709999 96.290001 95.089996 95.699997 4824100 89.032411
20130118 96.43 97.620003 96.089996 97.620003 8330900 90.818646
20130122 96.389999 97.730003 96.050003 97.720001 8330100 90.911678
20130123 97.480003 97.720001 96.599998 96.849998 4971000 90.10229
20130124 96.00 97.739998 96.00 96.599998 5816300 89.869708
20130125 95.919998 96.279999 94.660004 95.580002 8902700 88.920776
20130128 98.059998 98.739998 96.43 97.449997 15997500 90.660485
20130129 97.919998 99.199997 97.720001 98.599998 6961900 91.730364
20130130 98.830002 98.959999 98.25 98.650002 5681000 91.776883
20130131 97.989998 98.709999 97.900002 98.389999 7154500 91.534996
20130201 99.00 99.699997 98.949997 99.489998 6138500 92.558356
20130204 98.760002 98.870003 97.910004 98.260002 5765000 91.414056
20130205 98.580002 99.099998 98.32 98.440002 4178000 91.581515
20130206 97.870003 98.75 97.360001 97.699997 4489600 90.893067
20130207 97.419998 98.160004 95.209999 96.110001 6210100 89.413849
20130208 96.099998 97.50 96.099998 96.849998 3934200 90.10229
20130211 96.959999 96.989998 96.300003 96.599998 2739200 89.869708
20130212 96.669998 97.410004 96.669998 97.220001 4149000 90.446514
20130213 97.089996 97.50 96.019997 96.379997 3718500 89.665034
20130214 96.059998 96.68 95.68 96.07 3586300 89.376635
20130215 96.260002 96.419998 95.290001 95.610001 4377200 88.948685
20130219 95.739998 96.370003 95.129997 95.599998 4368800 88.939379
20130220 95.00 95.099998 93.050003 93.220001 8570800 86.725201
20130221 92.760002 92.790001 90.57 91.529999 7193400 85.152944
20130222 91.989998 92.489998 91.050003 91.540001 5851800 85.162249
20130225 91.809998 92.220001 89.080002 89.160004 7540300 82.94807
20130226 89.589996 90.199997 88.50 89.949997 7114200 83.683023
20130227 90.059998 92.360001 90.059998 92.25 6147300 85.822781
20130228 92.489998 93.160004 92.230003 92.370003 5446500 85.934423
20130301 91.540001 91.959999 90.129997 91.360001 4924400 84.994789
20130304 90.610001 90.75 89.190002 89.75 6350500 83.49696
20130305 90.489998 91.279999 89.989998 90.209999 5352500 83.924911
20130306 90.970001 91.050003 89.410004 89.639999 7135900 83.394624
20130307 89.900002 90.400002 89.269997 89.650002 4738200 83.403929
20130308 90.43 90.720001 90.010002 90.510002 5084900 84.204012
20130311 90.489998 91.519997 90.099998 91.18 4846300 84.82733
20130312 91.160004 91.160004 89.400002 89.739998 6593300 83.487655
20130313 89.800003 89.910004 89.129997 89.279999 5836100 83.059705
20130314 89.470001 89.550003 88.169998 88.699997 7328500 82.520113
20130315 88.610001 89.25 88.110001 88.830002 7379400 82.64106
20130318 87.889999 90.019997 87.669998 89.360001 7159800 83.134133
20130319 89.400002 89.400002 87.440002 88.269997 7509300 82.120071
20130320 87.610001 87.879997 86.419998 86.940002 9389000 80.88274
20130321 86.43 87.32 86.43 86.830002 5449600 80.780404
20130322 87.010002 87.629997 86.970001 87.480003 5115500 81.385118
20130325 87.93 87.959999 86.050003 86.639999 6685300 80.603639
20130326 87.059998 87.389999 86.660004 87.00 4173000 80.938558
20130327 86.43 87.160004 85.800003 86.900002 4838700 80.845526
20130328 87.050003 87.980003 86.650002 86.970001 6213400 80.910649
20130401 86.860001 86.940002 85.410004 85.639999 5666900 79.673311
20130402 86.019997 86.019997 84.470001 84.879997 6514300 78.966259
20130403 83.910004 84.620003 83.599998 84.120003 9222400 78.259215
20130404 84.169998 84.730003 83.839996 84.629997 7646200 78.733677
20130405 83.410004 85.360001 83.050003 84.599998 8985600 78.705769
20130408 84.690002 85.349998 83.709999 84.190002 6722000 78.324338
20130409 84.379997 86.650002 84.050003 85.900002 10533700 79.915198
20130410 86.379997 86.879997 85.900002 86.57 6258700 80.538516
20130411 86.889999 87.00 85.300003 85.699997 6920000 79.729128
20130412 84.989998 85.330002 84.300003 85.050003 4934500 79.12442
20130415 84.239998 84.330002 81.910004 82.269997 10345400 76.538102
20130416 83.629997 83.730003 82.120003 82.610001 6566500 76.854417
20130417 81.540001 81.620003 80.620003 81.470001 9405300 75.793844
20130418 81.339996 81.339996 80.050003 80.459999 6886900 75.33505
20130419 80.949997 81.160004 80.010002 80.43 7009500 75.306962
20130422 81.239998 83.129997 79.489998 82.709999 18449600 77.441735
20130423 83.910004 84.720001 82.739998 84.099998 12932500 78.743198
20130424 84.279999 84.650002 83.290001 83.779999 7022000 78.443581
20130425 84.699997 85.019997 84.019997 84.510002 6556100 79.127086
20130426 84.349998 85.080002 84.25 84.68 6160700 79.286256
20130429 85.110001 85.50 84.07 84.800003 6065100 79.398615
20130430 84.809998 85.379997 83.360001 84.669998 6954300 79.276891
20130501 84.07 84.349998 82.660004 83.080002 11607000 77.78817
20130502 83.339996 84.559998 83.099998 84.260002 5798600 78.89301
20130503 85.589996 87.480003 85.480003 86.980003 11890000 81.439759
20130506 87.129997 87.949997 86.879997 87.589996 6381000 82.010898
20130507 88.110001 89.809998 87.910004 89.790001 10406900 84.070772
20130508 89.760002 90.400002 89.18 90.309998 7431000 84.557647
20130509 89.980003 90.690002 89.550003 89.949997 5166100 84.220577
20130510 89.959999 90.25 87.900002 88.620003 6967500 82.975298
20130513 88.190002 88.489998 87.75 88.07 5483600 82.460327
20130514 87.82 88.00 86.860001 87.550003 6856900 81.973452
20130515 86.970001 87.18 86.440002 87.00 6925400 81.458482
20130516 86.550003 87.650002 86.099998 86.779999 8192200 81.252494
20130517 87.389999 87.860001 87.099998 87.669998 6690800 82.085804
20130520 87.57 88.75 87.269997 88.330002 5603200 82.703769
20130521 88.650002 88.980003 87.730003 88.099998 4730000 82.488415
20130522 88.089996 89.089996 87.150002 87.699997 6479100 82.113892
20130523 86.029999 87.379997 85.779999 86.949997 6026800 81.411664
20130524 86.260002 86.720001 85.769997 86.209999 4637400 80.718801
20130528 87.040001 87.389999 85.900002 86.190002 5800400 80.700078
20130529 85.730003 86.660004 85.330002 86.489998 5110500 80.980965
20130530 86.470001 87.00 85.989998 86.410004 3568000 80.906066
20130531 86.230003 86.949997 85.800003 85.800003 5522300 80.33492
20130603 85.910004 86.300003 85.739998 86.129997 6092700 80.643895
20130604 85.949997 86.470001 85.440002 85.919998 5105500 80.447272
20130605 85.470001 85.730003 84.230003 84.419998 7359000 79.042815
20130606 84.300003 84.309998 83.300003 84.00 7009400 78.649569
20130607 84.650002 85.370003 83.639999 84.650002 5474100 79.258168
20130610 84.709999 84.769997 83.629997 83.800003 4965200 78.462311
20130611 83.029999 83.970001 82.629997 83.519997 5275900 78.20014
20130612 84.169998 84.379997 83.010002 83.209999 4748100 77.909887
20130613 83.32 85.279999 83.190002 85.139999 6352100 79.716955
20130614 85.010002 85.139999 83.400002 83.870003 5147500 78.527852
20130617 83.550003 84.43 83.419998 83.919998 4389500 78.574663
20130618 84.089996 84.870003 83.959999 84.550003 3723900 79.164539
20130619 84.50 85.290001 84.25 84.25 4711700 78.883645
20130620 83.190002 83.68 82.349998 83.199997 7628100 77.900522
20130621 84.019997 84.019997 81.93 83.120003 9736500 77.825624
20130624 82.059998 82.25 80.860001 81.519997 7525600 76.327531
20130625 82.339996 82.68 81.970001 82.330002 6249000 77.085942
20130626 82.919998 83.43 81.699997 82.099998 6950600 76.870589
20130627 82.550003 83.169998 82.550003 82.959999 4658000 77.675811
20130628 82.760002 83.190002 82.309998 82.489998 8448800 77.235747
20130701 83.040001 83.25 82.269997 82.720001 4676300 77.4511
20130702 82.769997 83.589996 82.040001 82.480003 3659900 77.226389
20130703 82.150002 82.50 81.559998 81.849998 2928200 76.636513
20130705 82.529999 82.629997 81.400002 82.139999 4819500 76.908042
20130708 82.400002 83.199997 82.25 83.199997 4879100 77.900522
20130709 84.07 86.25 83.720001 85.330002 7882100 79.894855
20130710 85.419998 85.769997 84.790001 84.959999 4216800 79.54842
20130711 86.459999 86.889999 86.099998 86.699997 5434500 81.177588
20130712 86.629997 87.269997 86.540001 87.169998 4876100 81.617652
20130715 87.239998 88.029999 87.190002 87.400002 4161800 81.833005
20130716 87.720001 88.529999 87.419998 88.169998 5432100 82.553956
20130717 88.449997 89.00 85.879997 86.669998 15077400 81.1495
20130718 85.879997 86.599998 85.419998 85.720001 7045900 80.819514
20130719 85.449997 85.889999 85.150002 85.650002 5086200 80.753516
20130722 85.379997 86.550003 85.379997 86.00 4835000 81.083505
20130723 85.489998 86.379997 85.120003 85.519997 6891800 80.630943
20130724 84.580002 85.279999 82.639999 83.440002 16602100 78.669859
20130725 82.050003 82.580002 81.349998 82.139999 9941300 77.444175
20130726 81.879997 82.080002 81.43 82.059998 5727000 77.368747
20130729 82.419998 83.349998 82.00 83.019997 9068800 78.273864
20130730 83.470001 83.75 82.660004 83.190002 5266000 78.434151
20130731 83.580002 83.900002 82.839996 82.910004 7012900 78.17016
20130801 83.620003 84.809998 83.110001 84.440002 6570400 79.612691
20130802 84.290001 84.68 83.50 84.300003 4864700 79.480695
20130805 84.110001 84.290001 83.50 83.559998 3758400 78.782994
20130806 83.309998 83.32 82.150002 82.529999 7223600 77.811879
20130807 82.379997 82.769997 81.800003 82.43 4292400 77.717597
20130808 82.949997 84.589996 82.919998 83.959999 6400600 79.160128
20130809 83.800003 84.790001 83.50 84.510002 5478600 79.678688
20130812 84.190002 86.449997 84.059998 86.32 8608300 81.385211
20130813 86.620003 87.43 86.449997 86.57 6710300 81.620919
20130814 86.860001 87.00 85.709999 85.82 4462900 80.913795
20130815 84.959999 86.529999 84.879997 85.860001 5138900 80.951509
20130816 85.849998 86.400002 85.139999 85.160004 4706500 80.29153
20130819 85.150002 85.50 83.949997 84.199997 3766000 79.386406
20130820 83.800003 84.459999 83.269997 83.860001 4690000 79.065847
20130821 83.519997 83.849998 82.830002 82.940002 5562600 78.198443
20130822 83.309998 84.489998 83.059998 84.169998 4739900 79.358122
20130823 84.379997 84.400002 83.400002 83.889999 4487200 79.09413
20130826 83.980003 84.779999 83.519997 83.559998 4123300 78.782994
20130827 82.879997 83.540001 82.480003 82.699997 5569900 77.972159
20130828 81.809998 82.660004 81.459999 82.449997 6762900 77.736451
20130829 82.50 83.059998 82.019997 82.529999 3706400 77.811879
20130830 82.589996 82.760002 82.209999 82.540001 4425700 77.821309
20130903 83.150002 83.540001 81.720001 82.510002 7544200 77.793026
20130904 82.75 83.739998 82.300003 83.540001 4482200 78.764141
20130905 83.370003 83.519997 82.709999 82.949997 3728400 78.207866
20130906 83.220001 84.220001 82.400002 83.389999 5566500 78.622715
20130909 84.040001 86.029999 84.019997 85.589996 6702200 80.696941
20130910 86.809998 86.889999 86.18 86.610001 6298400 81.658633
20130911 86.50 87.129997 86.260002 87.129997 4382900 82.148902
20130912 86.940002 87.220001 86.620003 86.839996 3980600 81.87548
20130913 87.099998 87.199997 86.379997 87.010002 3276000 82.035767
20130916 87.959999 88.220001 87.029999 87.18 4866600 82.196047
20130917 87.360001 87.449997 86.669998 87.07 3415400 82.092335
20130918 86.309998 88.010002 86.199997 87.839996 5564700 82.818312
20130919 88.040001 88.25 87.309998 87.75 4765200 82.73346
20130920 87.610001 87.650002 84.75 84.75 13435200 79.904966
20130923 85.00 85.389999 84.379997 85.029999 6048400 80.168958
20130924 85.129997 85.440002 84.529999 85.110001 3720900 80.244386
20130925 85.139999 85.550003 84.43 84.50 3824700 79.669258
20130926 84.589996 84.849998 83.900002 84.199997 3475100 79.386406
20130927 83.620003 83.919998 83.379997 83.800003 3017600 79.009279
20130930 82.949997 83.830002 82.830002 83.400002 5401500 78.632145
20131001 83.559998 84.300003 83.080002 83.760002 3866000 78.971565
20131002 83.519997 84.25 83.330002 84.07 3324900 79.26384
20131003 83.889999 84.269997 83.419998 83.970001 4223500 79.169559
20131004 83.970001 84.349998 83.540001 84.199997 3212000 79.386406
20131007 83.459999 84.160004 83.300003 83.529999 3364300 78.75471
20131008 83.540001 83.889999 82.629997 82.849998 5671300 78.113585
20131009 83.050003 83.889999 82.449997 83.519997 4577500 78.74528
20131010 84.440002 84.949997 84.07 84.730003 4317100 79.886112
20131011 84.639999 85.849998 84.349998 85.610001 4110300 80.715802
20131014 85.059998 86.419998 84.860001 86.239998 4689600 81.309783
20131015 86.239998 86.75 85.690002 85.75 4896500 80.847797
20131016 86.059998 86.489998 85.599998 86.269997 3549500 81.338067
20131017 85.330002 85.989998 84.949997 85.849998 3850700 81.508962
20131018 86.309998 87.760002 86.269997 87.339996 6752700 82.923618
20131021 87.720001 87.800003 87.190002 87.699997 3883500 83.265415
20131022 87.879997 89.169998 87.540001 89.169998 9152900 84.661085
20131023 84.150002 84.650002 83.050003 83.760002 20968800 79.524647
20131024 83.32 85.00 83.129997 84.529999 8368700 80.255709
20131025 84.32 84.779999 83.610001 84.769997 4886400 80.483571
20131028 84.50 84.730003 84.150002 84.279999 3979200 80.01835
20131029 83.910004 84.099998 83.290001 84.07 5324100 79.81897
20131030 84.169998 84.349998 83.209999 83.489998 4657000 79.268296
20131031 83.440002 84.269997 83.360001 83.360001 4651300 79.144872
20131101 83.779999 83.800003 82.800003 83.589996 5880200 79.363238
20131104 83.809998 83.989998 83.449997 83.889999 3892500 79.648071
20131105 83.610001 84.190002 83.360001 84.050003 4010900 79.799984
20131106 84.300003 84.360001 83.849998 84.220001 3664100 79.961386
20131107 83.949997 84.43 83.50 83.650002 5431600 79.420209
20131108 83.519997 84.32 83.50 84.239998 4557300 79.980372
20131111 84.190002 84.470001 83.82 84.150002 2522500 79.894926
20131112 83.980003 84.279999 83.540001 83.849998 3483000 79.610093
20131113 83.459999 84.25 83.00 84.199997 3952800 79.942394
20131114 84.00 84.199997 83.559998 83.760002 4496300 79.524647
20131115 84.00 84.110001 83.50 83.739998 4743900 79.505655
20131118 84.050003 84.970001 83.739998 84.040001 4803100 79.790488
20131119 84.110001 84.50 83.480003 83.669998 5010300 79.439194
20131120 83.18 83.709999 82.459999 82.68 7443000 78.499256
20131121 83.050003 83.089996 81.870003 82.120003 6208500 77.967575
20131122 82.220001 82.949997 82.00 82.879997 4403800 78.68914
20131125 84.400002 84.940002 83.870003 84.400002 8111400 80.132285
20131126 84.800003 84.830002 84.010002 84.360001 3834900 80.094307
20131127 84.43 84.93 84.330002 84.669998 3053600 80.388629
20131129 84.639999 85.18 84.529999 84.599998 2284400 80.322169
20131202 84.699997 85.089996 84.029999 84.25 4834700 79.989868
20131203 83.800003 83.949997 83.269997 83.870003 3924300 79.629086
20131204 83.75 84.379997 83.110001 83.970001 5246700 79.724028
20131205 83.919998 84.580002 83.699997 84.410004 5291900 80.141781
20131206 85.059998 85.580002 84.93 85.50 5759300 81.176662
20131209 85.699997 86.529999 85.559998 86.089996 6023400 81.736825
20131210 85.970001 86.870003 85.919998 86.419998 4987000 82.05014
20131211 86.029999 86.220001 85.120003 85.279999 5624100 80.967785
20131212 85.370003 85.699997 84.839996 85.57 4551700 81.243122
20131213 85.669998 86.230003 85.57 86.050003 4226200 81.698853
20131216 86.50 87.849998 86.440002 87.379997 6976200 82.961596
20131217 87.220001 87.650002 86.379997 86.919998 4764400 82.524857
20131218 87.010002 88.459999 86.650002 88.169998 6963200 83.71165
20131219 87.50 87.839996 87.260002 87.540001 4299700 83.113509
20131220 87.849998 89.110001 87.809998 88.93 7389700 84.433223
20131223 89.309998 90.07 89.269997 89.959999 5733300 85.411139
20131224 90.00 90.980003 89.989998 90.910004 2675700 86.313106
20131226 90.989998 91.669998 90.699997 91.150002 4790800 86.540969
20131227 91.139999 91.43 90.559998 90.870003 3373800 86.275128
20131230 90.849998 91.029999 90.279999 90.870003 2625000 86.275128
20131231 91.00 91.18 90.459999 90.809998 3098900 86.218157
20140102 90.410004 90.449997 89.330002 89.870003 4898000 85.325694
20140103 90.00 90.25 89.589996 89.82 3722000 85.278219
20140106 90.190002 90.300003 88.379997 88.639999 5233900 84.157886
20140107 88.769997 89.230003 88.75 88.93 3512100 84.433223
20140108 88.779999 89.82 88.669998 89.139999 4421600 84.632603
20140109 89.260002 89.800003 88.690002 89.709999 4466400 85.173781
20140110 89.410004 90.599998 89.290001 90.510002 5416000 85.933331
20140113 90.260002 91.260002 89.82 89.889999 5213600 85.344679
20140114 89.860001 90.709999 89.860001 90.559998 3712100 85.980799
20140115 90.879997 93.199997 90.879997 92.410004 10121900 87.737258
20140116 91.889999 92.860001 91.699997 92.010002 4771000 87.928385
20140117 92.150002 92.260002 91.010002 91.440002 6833400 87.383671
20140121 91.599998 91.849998 89.639999 90.599998 5544900 86.58093
20140122 90.589996 90.82 89.349998 89.639999 4787300 85.663517
20140123 88.699997 89.080002 88.050003 88.480003 5014800 84.554979
20140124 87.980003 87.989998 85.879997 86.169998 8087400 82.347447
20140127 91.769997 92.309998 89.07 91.290001 22202300 87.240324
20140128 91.400002 92.669998 91.349998 92.470001 9409600 88.367979
20140129 91.309998 91.959999 90.290001 90.620003 8145900 86.600047
20140130 91.529999 93.849998 90.730003 93.199997 14764700 89.065591
20140131 92.160004 94.690002 92.010002 93.910004 9697300 89.744102
20140203 93.739998 93.940002 91.949997 92.419998 9084100 88.320194
20140204 92.480003 92.650002 91.489998 92.50 6839700 88.396647
20140205 92.239998 92.510002 91.059998 91.959999 5134500 87.8806
20140206 91.940002 94.230003 91.790001 93.830002 6844200 89.667649
20140207 94.169998 95.239998 93.879997 94.870003 9140200 90.661515
20140210 94.970001 94.980003 93.629997 94.50 5933400 90.307925
20140211 94.620003 95.339996 94.279999 94.959999 6006100 90.747519
20140212 95.309998 96.639999 95.169998 96.169998 8002000 91.903841
20140213 95.290001 96.410004 95.110001 96.110001 4387000 91.846505
20140214 95.860001 96.68 95.839996 96.550003 4145300 92.266989
20140218 95.849998 96.940002 95.849998 96.559998 4871700 92.27654
20140219 96.190002 97.669998 96.110001 96.209999 5865200 91.942068
20140220 96.510002 97.519997 95.300003 96.919998 7718400 92.620571
20140221 97.110001 97.949997 96.919998 97.50 5554600 93.174844
20140224 97.550003 98.239998 97.18 97.32 4887800 93.002828
20140225 96.839996 96.980003 95.82 96.410004 5989200 92.1332
20140226 96.660004 97.910004 96.339996 97.199997 4753900 92.888149
20140227 97.209999 97.639999 96.519997 96.699997 4337700 92.410329
20140228 96.629997 97.519997 96.300003 96.970001 5411100 92.668356
20140303 96.32 96.669998 95.599998 96.309998 4859200 92.03763
20140304 97.199997 97.459999 96.559998 97.019997 6261300 92.716134
20140305 96.540001 96.900002 95.879997 96.370003 5384800 92.094974
20140306 96.949997 98.150002 96.660004 97.599998 6714300 93.270406
20140307 97.779999 97.870003 96.50 97.050003 5259200 92.744809
20140310 96.639999 96.800003 95.860001 96.75 4640300 92.458114
20140311 97.089996 97.910004 96.620003 96.839996 5731200 92.544118
20140312 96.300003 97.239998 96.300003 96.82 4448600 92.525009
20140313 97.199997 97.730003 95.059998 95.610001 8434600 91.368686
20140314 95.449997 96.25 95.199997 95.389999 5002000 91.158444
20140317 95.989998 96.449997 95.550003 95.669998 4697200 91.426022
20140318 96.120003 96.650002 95.699997 96.410004 4921300 92.1332
20140319 96.089996 96.720001 95.25 96.040001 5109200 91.779611
20140320 95.709999 96.239998 95.099998 96.209999 4396000 91.942068
20140321 97.07 97.629997 96.669998 97.389999 8339700 93.069723
20140324 97.599998 97.599998 96.419998 96.849998 4808600 92.553677
20140325 97.360001 99.339996 97.150002 98.589996 9070400 94.216487
20140326 99.279999 99.599998 97.800003 97.800003 5610200 93.461538
20140327 97.82 98.889999 97.290001 98.449997 4947700 94.082698
20140328 98.910004 99.620003 98.779999 99.389999 5821500 94.981002
20140331 100.00 100.629997 99.050003 99.370003 5772600 94.961892
20140401 98.940002 100.080002 98.940002 99.809998 4814300 95.382368
20140402 100.040001 102.760002 99.879997 102.629997 9358300 98.077271
20140403 101.919998 103.199997 101.610001 102.550003 8230200 98.000826
20140404 102.889999 103.379997 101.910004 102.169998 4889200 97.637678
20140407 101.610001 102.07 100.410004 101.110001 5215100 96.624703
20140408 100.980003 103.25 100.959999 102.389999 6626900 97.84792
20140409 102.650002 103.199997 101.849998 102.989998 4062000 98.421302
20140410 102.910004 103.720001 101.989998 102.260002 4538900 97.723689
20140411 101.099998 102.099998 100.970001 101.449997 5363900 96.949616
20140414 102.18 102.830002 100.949997 102.779999 4114100 98.220619
20140415 102.629997 103.089996 101.260002 102.50 6317900 97.953041
20140416 102.620003 103.150002 102.209999 102.93 3801400 98.943145
20140417 103.050003 103.440002 102.599998 102.830002 3556800 98.847019
20140421 102.900002 102.980003 101.550003 102.639999 3821400 98.664376
20140422 102.779999 104.139999 102.760002 103.690002 4528500 99.673709
20140423 103.559998 104.620003 103.18 103.379997 6427400 99.375711
20140424 106.019997 107.400002 104.790001 105.279999 8849200 101.202119
20140425 105.029999 105.279999 103.290001 104.690002 5731800 100.634975
20140428 104.989998 105.419998 103.25 104.260002 4036200 100.221631
20140429 104.790001 105.50 103.830002 105.300003 4975800 101.221348
20140430 105.230003 106.239998 104.989998 105.400002 5199300 101.317474
20140501 105.199997 105.790001 104.629997 105.07 2970800 101.000254
20140502 104.93 105.580002 104.730003 105.010002 2677000 100.94258
20140505 104.660004 104.800003 103.809998 104.519997 3166400 100.471555
20140506 104.209999 104.470001 103.599998 103.870003 2836300 99.846737
20140507 104.099998 104.660004 103.43 104.620003 3399800 100.567687
20140508 104.550003 105.019997 104.150002 104.940002 3118400 100.875292
20140509 104.959999 105.300003 104.300003 105.059998 2761800 100.990639
20140512 105.709999 106.50 105.650002 106.199997 3664200 102.086482
20140513 106.50 108.209999 105.82 107.150002 3951500 102.99969
20140514 106.849998 107.040001 106.300003 106.529999 3082300 102.403702
20140515 106.489998 106.739998 104.040001 104.989998 5151000 100.923351
20140516 105.050003 106.050003 104.169998 106.029999 4403300 101.923069
20140519 105.419998 105.529999 104.720001 105.389999 3924300 101.307859
20140520 104.790001 104.809998 100.720001 101.559998 9277600 97.626207
20140521 101.480003 103.00 101.480003 102.879997 5460200 98.895078
20140522 102.900002 103.879997 102.510002 103.080002 3112300 99.087336
20140523 103.150002 104.150002 103.150002 104.029999 2888600 100.000536
20140527 104.199997 104.480003 103.459999 103.68 3443400 99.664094
20140528 103.529999 103.860001 102.849998 102.910004 3353300 98.923922
20140529 103.279999 103.669998 102.559998 103.599998 3071200 99.587191
20140530 102.900002 102.980003 101.550003 102.230003 5939300 98.270261
20140602 102.419998 103.940002 102.010002 103.760002 3747000 99.740997
20140603 103.419998 104.57 103.050003 104.489998 3643600 100.442718
20140604 104.419998 105.099998 104.07 104.309998 2879900 100.269689
20140605 104.800003 107.120003 104.769997 106.959999 5389200 102.817047
20140606 107.080002 108.360001 106.980003 108.18 4299600 103.989793
20140609 107.739998 109.300003 107.660004 108.75 3900400 104.537714
20140610 108.50 109.50 108.400002 109.309998 4752700 105.076021
20140611 108.93 108.980003 108.330002 108.690002 2738800 104.480041
20140612 108.470001 108.50 106.440002 106.650002 3408600 102.519057
20140613 106.550003 107.230003 106.07 106.769997 2009100 102.634404
20140616 106.50 106.879997 105.730003 106.809998 2137200 102.672855
20140617 106.510002 107.00 106.00 106.669998 2138400 102.538279
20140618 106.629997 107.599998 106.050003 107.480003 2218700 103.316909
20140619 106.989998 107.419998 106.690002 107.25 2592400 103.095815
20140620 108.050003 109.529999 107.639999 109.379997 7762900 105.14331
20140623 109.25 109.849998 108.290001 108.779999 2839500 104.566551
20140624 108.559998 109.339996 107.00 107.809998 2864200 103.634122
20140625 107.480003 108.879997 107.349998 108.440002 2176200 104.239724
20140626 108.550003 108.800003 107.849998 108.519997 1522900 104.31662
20140627 108.339996 108.879997 107.730003 108.779999 3632100 104.566551
20140630 108.68 109.029999 107.970001 108.669998 2249200 104.460811
20140701 109.080002 109.75 109.010002 109.169998 2346300 104.941444
20140702 109.32 109.949997 109.300003 109.559998 1849000 105.316338
20140703 109.900002 111.160004 109.690002 111.080002 2876200 106.777467
20140707 110.18 110.449997 109.57 110.160004 2697100 105.893103
20140708 110.209999 110.379997 109.400002 109.459999 2450600 105.220213
20140709 109.790001 110.290001 109.419998 110.139999 2270600 105.873874
20140710 108.139999 109.57 107.800003 109.360001 2303600 105.124087
20140711 109.50 109.989998 108.650002 109.959999 1992300 105.700846
20140714 110.43 111.040001 110.089996 110.089996 2375100 105.825808
20140715 110.25 110.419998 109.400002 109.849998 3212900 105.595106
20140716 110.18 111.459999 109.919998 111.400002 3974100 107.085072
20140717 110.400002 110.669998 108.93 109.07 3164700 105.508299
20140718 109.43 110.169998 109.050003 110.169998 2424900 106.572377
20140721 110.00 110.550003 109.449997 110.230003 2075900 106.630423
20140722 110.839996 111.279999 109.800003 110.059998 2879400 106.465969
20140723 109.790001 109.980003 108.209999 108.379997 4471400 104.840829
20140724 105.599998 106.230003 104.089996 105.040001 8690300 101.609901
20140725 104.139999 105.349998 104.099998 104.849998 4126200 101.426103
20140728 104.779999 104.900002 103.169998 104.150002 4474300 100.748965
20140729 105.00 106.440002 104.690002 104.690002 7947100 101.271332
20140730 105.080002 105.32 103.029999 103.379997 5856900 100.004105
20140731 102.239998 102.690002 100.739998 100.75 6711400 97.459991
20140801 100.519997 100.849998 99.110001 100.519997 6011900 97.237498
20140804 100.360001 102.050003 100.099998 101.809998 5183900 98.485374
20140805 101.110001 102.470001 100.940002 101.50 5685400 98.185499
20140806 100.760002 101.849998 100.610001 101.489998 5526900 98.175824
20140807 102.660004 103.470001 101.879997 101.940002 5752800 98.611133
20140808 102.010002 103.440002 101.779999 103.279999 4690200 99.907372
20140811 104.610001 104.849998 103.93 104.50 5197900 101.087534
20140812 104.589996 105.160004 104.129997 104.330002 4200900 100.923087
20140813 104.330002 105.50 104.330002 105.160004 4664900 101.725985
20140814 105.510002 106.00 104.989998 105.660004 4178800 102.209657
20140815 106.010002 106.419998 105.129997 105.739998 4099200 102.287039
20140818 106.690002 107.099998 106.279999 106.980003 3478600 103.486552
20140819 107.260002 107.699997 106.870003 107.300003 3639200 103.796102
20140820 107.389999 108.150002 107.199997 107.699997 5341600 104.183034
20140821 108.169998 108.57 107.540001 107.970001 4118100 104.444221
20140822 107.580002 107.82 106.540001 107.309998 4603700 103.80577
20140825 107.959999 108.330002 107.730003 107.970001 3014100 104.444221
20140826 108.050003 108.639999 107.980003 108.059998 2865800 104.531279
20140827 108.129997 108.919998 108.080002 108.550003 3281900 105.005283
20140828 108.019997 108.82 107.800003 108.650002 3227800 105.102016
20140829 108.900002 109.099998 108.25 109.07 4437200 105.508299
20140902 109.029999 109.730003 108.830002 108.919998 4040200 105.363196
20140903 109.449997 109.660004 108.050003 108.459999 4669000 104.918218
20140904 108.300003 109.489998 108.160004 108.82 4604000 105.266463
20140905 109.00 109.18 108.190002 108.540001 4305000 104.995608
20140908 108.230003 108.459999 107.519997 107.910004 3496900 104.386183
20140909 107.82 108.199997 107.190002 107.400002 3578500 103.892835
20140910 105.610001 106.120003 105.379997 105.93 8154700 102.470837
20140911 105.660004 105.660004 104.589996 105.589996 5460100 102.141936
20140912 104.970001 105.089996 104.400002 105.019997 6904200 101.59055
20140915 104.32 104.900002 103.220001 104.860001 7051900 101.435778
20140916 104.209999 105.830002 103.769997 104.860001 5289700 101.435778
20140917 105.18 105.410004 103.879997 103.989998 5122200 100.594186
20140918 104.300003 104.550003 103.400002 104.339996 3915800 100.932755
20140919 104.849998 105.00 102.080002 102.510002 8285400 99.16252
20140922 102.099998 102.260002 100.82 100.900002 5093200 97.605094
20140923 100.860001 101.089996 99.879997 99.989998 5710300 96.724807
20140924 100.040001 101.489998 99.889999 101.199997 5797000 97.895293
20140925 101.00 101.199997 99.190002 99.510002 4960800 96.260485
20140926 99.440002 100.639999 99.239998 100.379997 2935900 97.10207
20140929 99.349998 100.099998 98.260002 99.830002 3156400 96.570035
20140930 100.029999 100.099998 98.800003 99.029999 3746100 95.796156
20141001 98.639999 99.00 97.269997 97.610001 4827300 94.422529
20141002 97.650002 97.980003 96.150002 97.410004 4460800 94.229063
20141003 98.040001 98.339996 97.029999 97.389999 3921900 94.209711
20141006 97.809998 98.129997 96.910004 98.00 3982400 94.799792
20141007 97.089996 97.510002 94.690002 94.699997 6479500 91.607552
20141008 94.580002 96.860001 93.639999 96.650002 6214200 93.493878
20141009 96.209999 96.519997 93.239998 93.50 6414500 90.446741
20141010 93.239998 94.57 91.610001 93.129997 6179100 90.08882
20141013 93.290001 94.059998 91.620003 91.68 5852400 88.686173
20141014 92.510002 95.010002 92.389999 92.800003 6791300 89.769602
20141015 91.43 92.75 90.050003 92.589996 9377600 89.566453
20141016 90.269997 94.150002 90.269997 93.239998 7439400 90.882318
20141017 94.199997 95.599998 93.980003 95.050003 7442600 92.646556
20141020 94.529999 95.300003 93.269997 94.029999 4270800 91.652343
20141021 95.040001 96.32 95.040001 95.889999 3990500 93.465312
20141022 95.529999 95.980003 94.050003 94.57 6211300 92.17869
20141023 97.599998 99.940002 97.339996 99.269997 11670100 96.759842
20141024 99.510002 99.68 98.370003 99.440002 4133800 96.925549
20141027 98.68 98.769997 97.150002 98.540001 4346100 96.048305
20141028 99.440002 101.160004 99.029999 101.160004 5053400 98.602058
20141029 101.529999 101.839996 99.839996 100.190002 4426400 97.656584
20141030 99.629997 100.580002 99.059998 100.160004 2648300 97.627344
20141031 101.349998 102.370003 100.839996 101.410004 5367700 98.845736
20141103 101.610001 101.760002 99.769997 100.220001 4434300 97.685824
20141104 99.75 100.00 98.040001 98.610001 4849000 96.116535
20141105 99.449997 99.639999 98.449997 99.410004 3515600 96.896309
20141106 99.510002 100.989998 99.239998 100.910004 3427700 98.358379
20141107 101.260002 101.830002 100.900002 101.760002 2708200 99.186885
20141110 101.860001 102.550003 101.860001 102.209999 3308100 99.625503
20141111 102.309998 102.800003 101.599998 102.529999 2464400 99.937411
20141112 102.169998 103.220001 101.519997 102.989998 2805400 100.385779
20141113 103.059998 103.18 100.68 101.110001 3924100 98.553319
20141114 101.00 101.699997 100.650002 101.339996 2660400 98.777499
20141117 101.25 102.080002 100.449997 101.699997 2477000 99.128397
20141118 101.699997 102.449997 101.309998 102.040001 2761200 99.459803
20141119 101.860001 102.300003 100.889999 101.300003 4679100 98.738517
20141120 100.330002 102.139999 100.07 102.089996 3052500 99.508535
20141121 104.300003 107.120003 104.199997 106.449997 8737800 103.758288
20141124 106.400002 106.470001 105.099998 105.959999 4108600 103.28068
20141125 106.099998 106.629997 105.330002 106.239998 3321500 103.553599
20141126 106.290001 106.440002 105.449997 105.790001 2463800 103.11498
20141128 104.389999 104.610001 100.120003 100.599998 5780900 98.056213
20141201 100.239998 100.470001 97.790001 99.00 7431800 96.496672
20141202 99.480003 99.959999 98.720001 99.510002 3899200 96.993778
20141203 100.040001 101.459999 99.959999 100.18 6930700 97.646835
20141204 99.690002 100.870003 99.510002 99.669998 3390100 97.149729
20141205 99.809998 99.959999 98.709999 98.779999 3605000 96.282234
20141208 98.660004 98.760002 95.199997 95.25 7192100 92.841495
20141209 94.169998 96.169998 93.800003 95.449997 6562900 93.036435
20141210 94.910004 95.019997 92.75 93.019997 6749600 90.66788
20141211 93.68 94.290001 92.529999 92.690002 4664900 90.34623
20141212 92.00 92.00 89.959999 90.50 10327200 88.211605
20141215 91.25 91.290001 89.389999 89.75 6924100 87.480569
20141216 89.230003 92.25 89.150002 89.339996 7649500 87.080933
20141217 89.400002 90.139999 88.029999 89.75 8671600 87.480569
20141218 91.889999 91.889999 90.550003 91.690002 8344400 89.371516
20141219 91.580002 91.980003 90.879997 91.709999 9689200 89.391007
20141222 92.459999 92.809998 91.849998 92.32 4577200 89.985583
20141223 92.989998 93.940002 92.650002 93.50 3554200 91.135746
20141224 93.639999 93.980003 93.269997 93.720001 1654200 91.350184
20141226 93.949997 94.660004 93.720001 94.230003 3120000 91.84729
20141229 94.199997 94.279999 93.589996 93.709999 2390500 91.340435
20141230 93.599998 93.629997 92.510002 92.589996 3197400 90.248753
20141231 92.889999 93.57 91.449997 91.529999 3251100 89.215559
20150102 91.769997 92.370003 90.660004 91.879997 3767900 89.556707
20150105 90.349998 90.419998 86.599998 87.029999 11301400 84.829346
20150106 87.279999 87.68 85.169998 86.470001 8660600 84.283509
20150107 87.370003 88.139999 86.419998 87.809998 6511100 85.589622
20150108 89.18 89.279999 87.839996 88.709999 7617800 86.466866
20150109 88.760002 88.889999 87.019997 87.650002 4852200 85.433671
20150112 87.730003 87.769997 86.07 86.889999 4351600 84.692887
20150113 87.68 87.900002 85.199997 86.370003 5070400 84.186039
20150114 84.889999 86.220001 84.269997 86.07 10366700 83.893622
20150115 85.370003 86.169998 84.300003 84.32 6683900 82.861781
20150116 84.239998 84.32 83.050003 83.860001 10424800 82.409737
20150120 84.419998 84.50 83.190002 83.970001 5937300 82.517835
20150121 83.589996 85.400002 83.589996 85.370003 6613100 83.893625
20150122 86.050003 87.360001 85.43 86.82 5567800 85.318546
20150123 86.790001 87.00 85.199997 85.610001 5027500 84.129472
20150126 85.360001 86.260002 84.900002 86.029999 8140500 84.542207
20150127 79.739998 81.349998 79.099998 79.849998 27489500 78.469083
20150128 80.400002 81.199997 79.959999 80.010002 14269300 78.62632
20150129 79.910004 80.18 78.809998 80.00 9157000 78.61649
20150130 79.510002 80.82 79.419998 79.970001 8150700 78.58701
20150202 80.080002 80.879997 79.489998 80.839996 7149000 79.44196
20150203 81.220001 84.110001 81.150002 83.919998 10895300 82.468697
20150204 82.779999 83.32 81.660004 81.949997 8806500 80.532764
20150205 82.400002 83.629997 81.870003 83.57 6640200 82.124751
20150206 83.599998 84.139999 82.800003 83.209999 5559300 81.770976
20150209 83.050003 84.870003 82.949997 84.669998 7693800 83.205726
20150210 85.00 85.00 83.459999 83.900002 6569100 82.449046
20150211 83.559998 83.669998 82.239998 83.410004 5722600 81.967522
20150212 84.080002 84.25 83.309998 83.529999 4623000 82.085442
20150213 84.110001 85.489998 84.029999 85.129997 5645500 83.65777
20150217 84.860001 85.580002 84.199997 85.379997 3924400 83.903447
20150218 84.919998 85.809998 84.580002 84.800003 3568600 83.333483
20150219 83.809998 84.00 82.209999 83.300003 5733500 81.859424
20150220 83.300003 84.620003 82.400002 84.440002 6029400 82.979708
20150223 83.900002 83.980003 83.139999 83.489998 5180000 82.046133
20150224 83.769997 84.690002 83.599998 84.50 3678700 83.038668
20150225 84.519997 85.360001 84.169998 85.150002 3449500 83.677428
20150226 85.099998 85.099998 83.559998 83.800003 4457000 82.350777
20150227 84.18 84.18 82.889999 82.900002 4370500 81.46634
20150302 82.900002 83.07 82.239998 83.00 4155000 81.564609
20150303 82.709999 83.790001 82.650002 82.839996 4331700 81.407372
20150304 82.57 82.610001 80.830002 81.730003 6863600 80.316575
20150305 81.730003 81.730003 80.059998 81.510002 7123500 80.100379
20150306 80.370003 81.209999 79.550003 80.059998 7913800 78.67545
20150309 80.169998 81.339996 80.099998 80.809998 4740500 79.41248
20150310 80.019997 80.760002 79.739998 79.910004 4850500 78.52805
20150311 80.150002 80.150002 79.260002 79.699997 4612200 78.321676
20150312 80.269997 80.480003 79.800003 80.190002 3612500 78.803207
20150313 79.900002 79.910004 78.190002 79.230003 7272700 77.85981
20150316 79.57 80.00 79.059998 79.970001 3598500 78.58701
20150317 79.349998 79.349998 78.25 78.449997 6979900 77.093293
20150318 78.25 81.440002 78.25 81.330002 12154300 79.923491
20150319 80.50 80.50 79.559998 80.089996 5236200 78.70493
20150320 80.620003 81.25 80.190002 81.190002 8216600 79.785913
20150323 81.190002 81.919998 81.019997 81.089996 4704000 79.687636
20150324 81.150002 81.199997 80.199997 80.480003 3978700 79.088193
20150325 81.029999 81.040001 79.830002 79.860001 4803000 78.478912
20150326 79.639999 80.800003 79.510002 79.879997 4238500 78.498563
20150327 79.459999 79.879997 78.760002 79.669998 6336900 78.292196
20150330 80.010002 81.519997 80.00 81.370003 4621200 79.9628
20150331 80.510002 80.650002 79.809998 80.029999 4848600 78.64597
20150401 80.029999 80.519997 79.389999 79.639999 4446200 78.262716
20150402 79.599998 80.50 79.400002 80.239998 3555300 78.852338
20150406 80.349998 82.00 79.980003 81.489998 4495400 80.08072
20150407 81.220001 81.43 80.50 80.540001 3526300 79.147153
20150408 80.839996 81.239998 79.919998 80.440002 4196200 79.048883
20150409 80.50 81.209999 80.279999 80.68 4291900 79.284731
20150410 81.099998 82.800003 80.739998 82.599998 6831900 81.171525
20150413 82.599998 82.610001 81.599998 82.139999 5293900 80.719481
20150414 82.550003 83.239998 81.540001 83.00 5898700 81.564609
20150415 83.290001 85.730003 83.00 85.160004 9643800 83.687258
20150416 84.400002 84.900002 84.00 84.339996 5692300 83.568348
20150417 83.50 83.589996 82.660004 83.279999 5314000 82.518049
20150420 83.959999 84.75 83.879997 84.599998 3914600 83.825972
20150421 84.660004 84.970001 83.610001 83.919998 5620900 83.152193
20150422 84.129997 84.940002 83.089996 84.870003 6520700 84.093506
20150423 86.849998 87.50 83.849998 84.790001 18917600 84.014236
20150424 84.699997 85.169998 84.019997 84.599998 5848100 83.825972
20150427 84.769997 85.940002 84.400002 85.330002 5912000 84.549296
20150428 85.419998 86.220001 84.50 86.199997 5736500 85.411331
20150429 85.690002 87.919998 85.459999 87.50 7021800 86.69944
20150430 86.849998 87.300003 86.230003 86.879997 5460100 86.08511
20150501 87.690002 88.279999 86.760002 87.370003 4850100 86.570632
20150504 87.730003 87.959999 87.169998 87.300003 2754500 86.501273
20150505 87.57 88.220001 86.699997 87.00 4623700 86.204015
20150506 87.75 87.940002 86.419998 86.989998 4464700 86.194104
20150507 86.650002 86.879997 85.889999 86.43 3892800 85.63923
20150508 87.779999 87.839996 86.699997 87.309998 3577100 86.511176
20150511 88.400002 89.440002 88.089996 88.769997 6882600 87.957817
20150512 88.190002 88.339996 87.260002 88.160004 4066400 87.353405
20150513 88.589996 89.07 88.209999 88.440002 3178300 87.630842
20150514 88.779999 89.589996 88.650002 88.739998 3228400 87.928093
20150515 88.50 88.559998 87.599998 88.43 3205000 87.620932
20150518 88.389999 88.50 87.650002 88.290001 3074400 87.482213
20150519 87.889999 87.910004 86.510002 87.239998 5676800 86.441817
20150520 87.629997 88.129997 87.129997 87.93 3841500 87.125506
20150521 88.230003 89.620003 87.940002 89.330002 8155500 88.512699
20150522 89.18 89.50 88.629997 88.629997 3483800 87.819099
20150526 88.129997 88.150002 87.290001 87.839996 3149600 87.036326
20150527 87.989998 88.82 87.650002 87.919998 4517100 87.115596
20150528 87.330002 87.449997 85.730003 86.010002 5899100 85.223075
20150529 85.739998 86.330002 85.110001 85.32 4685700 84.539385
20150601 86.059998 86.370003 84.699997 85.529999 3976900 84.747463
20150602 85.209999 86.68 85.07 86.169998 2817800 85.381607
20150603 86.599998 87.059998 85.809998 86.230003 2841800 85.441063
20150604 85.50 86.400002 85.32 85.470001 3775200 84.688015
20150605 85.010002 86.50 84.910004 86.050003 3937600 85.26271
20150608 85.800003 86.480003 85.779999 86.150002 3355800 85.361793
20150609 86.459999 87.620003 86.419998 86.730003 3984900 85.936489
20150610 87.449997 88.709999 87.360001 88.480003 4717100 87.670477
20150611 88.620003 88.760002 87.919998 88.169998 2872900 87.363309
20150612 87.949997 88.410004 87.57 87.849998 2212800 87.046237
20150615 87.139999 87.389999 86.349998 87.129997 2721000 86.332823
20150616 86.790001 87.019997 86.239998 86.589996 2895000 85.797763
20150617 86.889999 87.550003 86.32 87.25 3402800 86.451728
20150618 86.830002 87.739998 86.830002 87.440002 3372600 86.639992
20150619 87.269997 87.959999 87.150002 87.519997 3910900 86.719254
20150622 87.970001 88.32 87.709999 88.269997 3648600 87.462392
20150623 88.419998 88.620003 88.010002 88.449997 2539000 87.640746
20150624 88.790001 88.809998 88.07 88.169998 3413600 87.363309
20150625 88.220001 88.330002 86.660004 86.720001 3239100 85.926578
20150626 86.50 86.949997 85.809998 86.82 4387300 86.025662
20150629 86.220001 86.739998 85.099998 85.300003 4747300 84.519572
20150630 86.089996 86.25 84.800003 84.82 4077900 84.04396
20150701 85.389999 85.449997 83.540001 83.949997 5296200 83.181917
20150702 84.529999 84.779999 83.849998 84.379997 2582200 83.607983
20150706 83.650002 84.150002 82.730003 83.150002 4896600 82.389241
20150707 82.989998 84.120003 81.849998 83.989998 5192000 83.221552
20150708 83.050003 83.230003 81.760002 82.269997 4325100 81.517288
20150709 83.43 83.699997 81.459999 81.690002 4570700 80.9426
20150710 82.639999 82.910004 81.870003 82.150002 3495000 81.39839
20150713 82.870003 84.029999 82.68 83.639999 4228500 82.874756
20150714 83.529999 84.68 83.519997 84.459999 3797700 83.687253
20150715 84.550003 84.860001 83.75 84.160004 3661700 83.390002
20150716 84.75 84.889999 83.410004 83.760002 3686000 83.760002
20150717 83.550003 83.650002 82.760002 83.160004 2931500 83.160004
20150720 83.059998 83.290001 82.139999 82.25 4291400 82.25
20150721 81.800003 82.889999 81.25 82.220001 4691900 82.220001
20150722 81.00 81.120003 79.150002 79.760002 10180700 79.760002
20150723 77.699997 79.040001 76.650002 76.879997 13909900 76.879997
20150724 76.910004 77.089996 75.849998 76.099998 9175900 76.099998
20150727 75.18 75.720001 74.769997 75.32 10250000 75.32
20150728 75.919998 78.150002 75.790001 77.779999 13233100 77.779999
20150729 77.300003 77.459999 76.510002 77.330002 11778800 77.330002
20150730 76.980003 78.370003 76.68 78.349998 6070100 78.349998
20150731 78.599998 79.040001 78.150002 78.629997 5193500 78.629997
20150803 78.419998 78.43 76.75 77.260002 4832000 77.260002
20150804 77.330002 77.860001 76.32 76.599998 4097000 76.599998
20150805 77.50 77.919998 76.720001 76.879997 4162000 76.879997
20150806 76.980003 77.650002 76.18 77.459999 5609500 77.459999
20150807 77.519997 78.150002 76.940002 77.290001 6150200 77.290001
20150810 78.040001 80.309998 77.900002 80.160004 7206000 80.160004
20150811 78.730003 78.93 77.230003 78.040001 8617900 78.040001
20150812 77.309998 79.120003 76.919998 78.919998 7236800 78.919998
20150813 78.550003 78.580002 77.699997 77.760002 5226200 77.760002
20150814 77.660004 78.730003 77.599998 78.489998 3801400 78.489998
20150817 78.129997 78.639999 77.209999 78.540001 4693800 78.540001
20150818 78.510002 79.00 78.18 78.82 5128100 78.82
20150819 78.25 78.540001 77.050003 77.410004 5854700 77.410004
20150820 77.279999 77.830002 76.410004 76.410004 7266600 76.410004
20150821 75.940002 76.300003 74.959999 75.00 11770900 75.00
20150824 71.82 74.879997 70.230003 72.82 15156700 72.82
20150825 75.220001 75.489998 72.029999 72.059998 9259200 72.059998
20150826 73.82 74.080002 72.529999 73.870003 8268200 73.870003
20150827 75.040001 76.220001 74.230003 75.660004 8480100 75.660004
20150828 75.190002 76.019997 74.629997 75.949997 6626000 75.949997
20150831 75.32 76.769997 74.900002 76.440002 6925000 76.440002
20150901 74.50 75.940002 74.459999 74.900002 9046200 74.900002
20150902 75.900002 76.160004 74.949997 76.099998 5307700 76.099998
20150903 75.949997 76.010002 73.779999 74.449997 11060400 74.449997
20150904 73.00 73.660004 72.349998 73.099998 12007300 73.099998
20150908 74.580002 74.620003 73.559998 74.300003 5626400 74.300003
20150909 75.00 75.199997 72.779999 72.959999 5837200 72.959999
20150910 72.889999 73.309998 72.029999 72.419998 6090700 72.419998
20150911 72.230003 72.919998 71.879997 72.629997 4410100 72.629997
20150914 72.349998 72.889999 72.010002 72.769997 4231800 72.769997
20150915 73.019997 74.739998 72.650002 74.580002 5095000 74.580002
20150916 74.849998 75.870003 74.580002 75.639999 5214600 75.639999
20150917 75.400002 75.68 73.910004 74.059998 7712400 74.059998
20150918 73.330002 73.50 71.610001 71.860001 9164900 71.860001
20150921 72.300003 72.839996 71.910004 72.160004 6042100 72.160004
20150922 71.120003 71.800003 70.639999 71.68 5687200 71.68
20150923 71.669998 71.809998 70.160004 70.199997 4741600 70.199997
20150924 66.199997 66.699997 64.650002 65.800003 22497500 65.800003
20150925 65.00 65.769997 64.739998 64.980003 12346700 64.980003
