20130102 20.120001 20.34 20.01 20.34 40304500 18.854991
20130103 20.459999 20.50 20.299999 20.450001 50603500 18.95696
20130104 20.41 20.68 20.389999 20.48 36378900 18.984769
20130107 20.379999 20.42 20.16 20.290001 30790700 18.808642
20130108 20.18 20.34 20.08 20.309999 33218100 18.82718
20130109 20.26 20.540001 20.25 20.299999 30380100 18.81791
20130110 20.35 20.49 20.290001 20.440001 31419200 18.94769
20130111 20.40 20.51 20.33 20.48 23423800 18.984769
20130114 20.68 20.99 20.65 20.969999 55156900 19.438994
20130115 20.92 20.99 20.780001 20.98 29550900 19.448264
20130116 20.91 21.18 20.879999 21.030001 39685100 19.494615
20130117 20.790001 21.030001 20.780001 20.950001 41951400 19.420456
20130118 20.85 21.040001 20.809999 21.02 42835000 19.485345
20130122 20.950001 21.00 20.610001 20.870001 35955400 19.346296
20130123 20.889999 20.889999 20.610001 20.620001 37130100 19.114549
20130124 20.85 21.10 20.82 21.02 47256000 19.485345
20130125 21.10 21.25 21.049999 21.15 28354800 19.605853
20130128 21.209999 21.26 21.049999 21.059999 30431400 19.522423
20130129 20.98 20.99 20.65 20.780001 35300200 19.262867
20130130 20.860001 20.870001 20.40 20.58 35260400 19.077468
20130131 20.620001 20.90 20.559999 20.57 29992500 19.068198
20130201 20.73 20.91 20.60 20.83 25754100 19.309216
20130204 20.870001 21.129999 20.790001 20.82 32053300 19.299946
20130205 20.879999 21.200001 20.879999 21.08 24952600 19.540964
20130206 21.049999 21.219999 20.98 21.190001 27848400 19.642933
20130207 21.209999 21.26 21.00 21.10 34442900 19.559504
20130208 21.17 21.299999 21.129999 21.16 23056900 19.615123
20130211 21.24 21.34 21.15 21.27 33552000 19.717092
20130212 21.25 21.27 20.940001 20.969999 46463500 19.438994
20130213 21.00 21.139999 20.93 21.139999 63608700 19.596583
20130214 20.879999 21.00 20.51 20.99 67172100 19.457534
20130215 20.940001 21.07 20.92 20.99 44439700 19.457534
20130219 21.01 21.48 20.950001 21.459999 45590500 19.893219
20130220 21.49 21.67 21.07 21.110001 47494700 19.568774
20130221 21.00 21.02 20.709999 20.76 33007100 19.244327
20130222 20.809999 20.93 20.719999 20.90 20483300 19.374105
20130225 21.00 21.200001 20.65 20.66 37391400 19.151627
20130226 20.540001 20.780001 20.50 20.610001 34254700 19.105279
20130227 20.60 21.02 20.440001 20.889999 25190900 19.364835
20130228 20.889999 21.049999 20.74 20.860001 30337500 19.337026
20130301 20.709999 20.90 20.549999 20.83 24174800 19.309216
20130304 20.74 20.780001 20.58 20.74 22634600 19.225787
20130305 20.83 21.25 20.83 21.219999 32829500 19.670742
20130306 21.299999 21.790001 21.24 21.719999 45966600 20.134237
20130307 21.719999 21.969999 21.68 21.799999 37379500 20.208396
20130308 21.84 21.969999 21.77 21.83 23839100 20.236207
20130311 21.77 21.98 21.65 21.879999 29120000 20.282555
20130312 21.76 21.84 21.540001 21.700001 25987300 20.115699
20130313 21.65 21.799999 21.51 21.58 30188200 20.004459
20130314 21.700001 21.860001 21.450001 21.59 40479600 20.013729
20130315 21.57 21.950001 21.379999 21.93 59804200 20.328906
20130318 21.74 21.950001 21.610001 21.67 30222300 20.087888
20130319 21.709999 21.75 21.299999 21.52 27264100 19.94884
20130320 21.629999 21.74 21.58 21.67 24571600 20.087888
20130321 21.00 21.18 20.719999 20.84 64437700 19.318486
20130322 20.93 21.07 20.690001 20.75 39902900 19.235057
20130325 20.879999 20.99 20.709999 20.85 36429100 19.327756
20130326 20.940001 20.959999 20.690001 20.85 27627800 19.327756
20130327 20.68 20.90 20.610001 20.83 27760900 19.309216
20130328 20.84 20.940001 20.77 20.90 28323200 19.374105
20130401 21.040001 21.379999 20.780001 20.83 40009200 19.309216
20130402 20.959999 21.290001 20.90 21.219999 34098100 19.670742
20130403 21.280001 21.370001 21.110001 21.200001 30101400 19.652203
20130404 21.01 21.09 20.959999 21.040001 25075100 19.661548
20130405 20.25 20.700001 20.00 20.610001 54767100 19.25972
20130408 20.690001 20.73 20.469999 20.57 22968600 19.222339
20130409 20.639999 21.049999 20.58 20.969999 27529500 19.596133
20130410 21.07 21.60 21.02 21.469999 39308100 20.063375
20130411 21.33 21.700001 21.27 21.690001 35992200 20.268962
20130412 21.67 21.700001 21.120001 21.540001 31584600 20.12879
20130415 21.450001 21.639999 21.049999 21.049999 27961000 19.670891
20130416 21.15 21.17 20.950001 21.16 32745100 19.773685
20130417 20.950001 21.02 20.59 20.629999 30873000 19.278408
20130418 20.74 20.85 20.450001 20.58 35401400 19.231684
20130419 20.200001 20.549999 19.98 20.459999 51142000 19.119546
20130422 20.530001 20.65 20.27 20.59 31452800 19.241029
20130423 20.75 21.10 20.73 20.91 34873500 19.540064
20130424 20.469999 20.530001 20.26 20.389999 55759200 19.054132
20130425 20.50 20.77 20.389999 20.639999 40488500 19.287753
20130426 20.610001 20.709999 20.51 20.67 33713500 19.315788
20130429 20.65 21.07 20.469999 20.98 29476200 19.605478
20130430 20.99 21.25 20.799999 20.92 37777300 19.549409
20130501 20.83 20.90 20.35 20.379999 44773400 19.044787
20130502 20.469999 20.75 20.440001 20.73 54869800 19.371857
20130503 20.93 20.959999 20.76 20.83 41962700 19.465305
20130506 20.870001 20.92 20.74 20.809999 31315900 19.446615
20130507 20.68 20.709999 20.290001 20.379999 55003400 19.044787
20130508 20.40 20.76 20.40 20.719999 37412500 19.362512
20130509 20.719999 20.950001 20.620001 20.83 25790200 19.465305
20130510 20.83 21.10 20.82 21.10 26926900 19.717617
20130513 21.139999 21.280001 21.049999 21.27 35347200 19.876479
20130514 21.209999 21.42 21.15 21.27 38494300 19.876479
20130515 21.25 21.290001 21.120001 21.209999 55412900 19.820409
20130516 23.51 24.24 23.360001 23.889999 201626500 22.324827
20130517 23.85 24.25 23.700001 24.24 78569900 22.651896
20130520 23.90 23.969999 23.639999 23.950001 54632000 22.380897
20130521 23.889999 24.059999 23.59 24.01 48135200 22.436965
20130522 24.00 24.02 23.25 23.34 46836300 21.810861
20130523 23.120001 23.610001 23.059999 23.51 44376600 21.969723
20130524 23.389999 23.66 23.309999 23.530001 25036200 21.988413
20130528 23.809999 24.120001 23.690001 23.889999 40023900 22.324827
20130529 23.709999 24.24 23.700001 24.120001 37314000 22.539759
20130530 24.15 24.68 24.02 24.370001 45162100 22.77338
20130531 24.200001 24.530001 24.08 24.120001 40885800 22.539759
20130603 24.26 24.50 24.030001 24.379999 30815300 22.782724
20130604 24.27 24.60 24.030001 24.360001 30628500 22.764035
20130605 24.27 24.639999 24.209999 24.32 45742100 22.726655
20130606 24.48 24.690001 24.24 24.549999 44830200 22.941586
20130607 24.620001 24.780001 24.379999 24.49 42729400 22.885517
20130610 24.57 24.67 24.280001 24.360001 33779400 22.764035
20130611 24.129999 24.450001 24.049999 24.07 28060200 22.493034
20130612 24.219999 24.309999 23.98 23.99 29980300 22.418275
20130613 23.93 24.40 23.879999 24.35 27238900 22.75469
20130614 24.309999 24.50 24.08 24.09 29841100 22.511724
20130617 24.26 24.959999 24.23 24.700001 46042800 23.08176
20130618 24.719999 24.98 24.700001 24.82 34939200 23.193897
20130619 24.780001 24.959999 24.68 24.68 29472900 23.06307
20130620 24.48 24.73 24.299999 24.440001 47759000 22.838794
20130621 24.379999 24.620001 24.209999 24.48 62052200 22.876172
20130624 24.32 24.469999 24.040001 24.059999 35972700 22.483689
20130625 24.309999 24.440001 23.99 24.01 41334800 22.436965
20130626 24.299999 24.450001 24.18 24.389999 32721400 22.792069
20130627 24.469999 24.709999 24.459999 24.629999 27115400 23.016345
20130628 24.43 24.610001 24.299999 24.34 35574300 22.745345
20130701 24.42 24.83 24.309999 24.34 33674000 22.905325
20130702 24.24 24.639999 24.219999 24.32 31098600 22.886504
20130703 24.360001 24.84 24.27 24.59 24775000 23.140589
20130705 24.639999 24.66 24.25 24.57 19984900 23.121768
20130708 24.66 24.75 24.389999 24.629999 34669400 23.178231
20130709 24.76 25.200001 24.74 25.16 46103900 23.676992
20130710 25.07 25.559999 25.059999 25.41 37757800 23.912256
20130711 25.620001 25.93 25.57 25.870001 45944600 24.345143
20130712 25.85 25.950001 25.66 25.940001 28410100 24.411017
20130715 25.780001 25.99 25.639999 25.93 26879600 24.401606
20130716 25.860001 25.99 25.629999 25.709999 26336200 24.194572
20130717 25.799999 25.860001 25.60 25.719999 22080800 24.203983
20130718 25.870001 26.15 25.73 25.860001 32996900 24.335732
20130719 25.860001 26.00 25.620001 25.82 39224200 24.298089
20130722 26.00 26.040001 25.48 25.719999 30419600 24.203983
20130723 25.700001 25.77 25.49 25.559999 27954800 24.053414
20130724 25.84 25.99 25.450001 25.59 27330800 24.081646
20130725 25.60 25.620001 25.309999 25.50 31482600 23.996951
20130726 25.25 25.50 25.23 25.50 19946400 23.996951
20130729 25.360001 25.469999 25.23 25.33 17839400 23.836971
20130730 25.459999 26.040001 25.41 25.67 45348500 24.156931
20130731 25.799999 25.889999 25.549999 25.59 30709400 24.081646
20130801 25.790001 25.93 25.65 25.889999 23330000 24.363963
20130802 25.799999 26.190001 25.73 26.190001 26496700 24.646281
20130805 26.110001 26.42 26.110001 26.309999 28701800 24.759207
20130806 26.41 26.41 26.059999 26.209999 26093500 24.665101
20130807 26.309999 26.49 26.120001 26.120001 33489600 24.580407
20130808 26.27 26.32 26.18 26.26 20512100 24.712155
20130809 26.299999 26.35 25.860001 26.049999 27309000 24.514532
20130812 25.860001 26.450001 25.85 26.34 32103600 24.787439
20130813 26.450001 26.48 26.07 26.32 36466000 24.768618
20130814 26.450001 26.450001 25.969999 26.379999 77049400 24.82508
20130815 24.389999 24.83 24.280001 24.48 130110100 23.037073
20130816 24.530001 24.66 24.25 24.27 42426200 22.839452
20130819 24.32 24.66 24.25 24.27 39630400 22.839452
20130820 24.280001 24.559999 24.219999 24.32 43650200 22.886504
20130821 24.360001 24.48 24.049999 24.07 33392900 22.651239
20130822 24.07 24.219999 23.959999 24.01 24327000 22.594777
20130823 24.07 24.16 23.84 23.860001 41268600 22.453618
20130826 23.84 24.049999 23.76 23.83 35708500 22.425386
20130827 23.719999 23.790001 23.440001 23.48 39768700 22.096016
20130828 23.549999 23.58 23.379999 23.450001 28035900 22.067785
20130829 23.469999 23.75 23.450001 23.450001 26605500 22.067785
20130830 23.459999 23.549999 23.219999 23.309999 35248400 21.936036
20130903 23.58 23.77 23.459999 23.48 31875000 22.096016
20130904 23.52 23.92 23.50 23.77 27443900 22.368923
20130905 23.809999 23.84 23.540001 23.690001 23926000 22.293639
20130906 23.82 23.84 23.389999 23.549999 28615800 22.161889
20130909 23.610001 23.98 23.58 23.92 22744700 22.510081
20130910 24.030001 24.25 24.00 24.16 29302400 22.735935
20130911 24.200001 24.41 24.18 24.379999 25153200 22.942967
20130912 24.42 24.450001 24.24 24.290001 22340000 22.858273
20130913 24.33 24.41 24.200001 24.32 18509900 22.886504
20130916 24.43 24.469999 24.129999 24.379999 32119900 22.942967
20130917 24.389999 24.549999 24.299999 24.370001 19999500 22.933558
20130918 24.33 24.799999 24.299999 24.799999 29541300 23.338211
20130919 24.50 24.75 24.41 24.610001 40090900 23.159411
20130920 24.73 24.75 24.43 24.51 37420400 23.065305
20130923 24.379999 24.450001 24.110001 24.27 26910300 22.839452
20130924 24.139999 24.32 23.940001 24.139999 29762400 22.717113
20130925 24.190001 24.549999 24.120001 24.43 26563800 22.990021
20130926 24.299999 24.360001 23.690001 23.77 54577900 22.368923
20130927 23.35 23.549999 23.049999 23.33 82455500 21.954858
20130930 23.120001 23.530001 23.02 23.43 40335700 22.048964
20131001 23.33 23.48 23.200001 23.24 30137600 22.030003
20131002 23.10 23.360001 23.00 23.32 40084700 22.105838
20131003 23.24 23.35 22.940001 23.01 38161100 21.811979
20131004 22.959999 23.09 22.85 23.02 33607800 21.821458
20131007 22.76 23.040001 22.629999 22.889999 29575900 21.698226
20131008 22.969999 22.969999 22.620001 22.639999 31865700 21.461242
20131009 22.66 22.76 22.290001 22.50 45438300 21.328532
20131010 22.700001 23.08 22.60 23.01 38817500 21.811979
20131011 23.02 23.379999 22.969999 23.280001 27773800 22.067922
20131014 23.16 23.360001 23.07 23.34 29103100 22.124797
20131015 23.360001 23.42 23.17 23.18 26201200 21.973128
20131016 23.219999 23.299999 22.809999 23.00 40483000 21.802499
20131017 22.799999 22.879999 22.42 22.780001 69366300 21.593954
20131018 22.860001 23.139999 22.76 22.959999 44486600 21.764581
20131021 23.110001 23.110001 22.809999 22.93 34594600 21.736144
20131022 22.99 23.00 22.42 22.65 64553000 21.470722
20131023 22.610001 22.639999 22.200001 22.26 49021400 21.101028
20131024 22.34 22.43 22.10 22.370001 50130300 21.205301
20131025 22.59 22.629999 22.35 22.459999 34253400 21.290614
20131028 22.40 22.549999 22.309999 22.549999 24072100 21.375928
20131029 22.66 22.93 22.559999 22.83 30074200 21.64135
20131030 22.870001 22.940001 22.66 22.709999 30465600 21.527597
20131031 22.639999 22.709999 22.440001 22.559999 34497400 21.385407
20131101 22.66 22.68 22.40 22.57 33328700 21.394887
20131104 22.549999 22.639999 22.42 22.58 28617000 21.404367
20131105 22.610001 23.25 22.42 23.07 46343600 21.868854
20131106 23.209999 23.370001 23.02 23.280001 48257800 22.067922
20131107 23.41 23.559999 23.07 23.110001 35502900 21.906773
20131108 23.280001 23.52 23.09 23.51 30884100 22.285946
20131111 23.50 23.58 23.40 23.450001 22694900 22.229071
20131112 23.43 23.84 23.43 23.73 38031100 22.494491
20131113 23.60 24.00 23.51 24.00 75234900 22.750434
20131114 20.940001 21.440001 20.77 21.370001 243255400 20.257366
20131115 21.459999 21.690001 21.26 21.540001 85506000 20.418515
20131118 21.60 21.719999 21.200001 21.290001 66008900 20.181532
20131119 21.309999 21.540001 21.120001 21.42 57309700 20.304762
20131120 21.469999 21.469999 21.219999 21.23 44299700 20.124654
20131121 21.360001 21.49 21.25 21.469999 40695500 20.352158
20131122 21.41 21.50 21.309999 21.459999 41105000 20.342679
20131125 21.450001 21.52 21.27 21.27 37566000 20.162572
20131126 21.299999 21.41 21.08 21.209999 48629300 20.105695
20131127 21.290001 21.35 21.15 21.27 40021100 20.162572
20131129 21.389999 21.440001 21.200001 21.25 25043700 20.143613
20131202 21.290001 21.299999 21.059999 21.09 35385200 19.991944
20131203 21.049999 21.26 21.02 21.26 52496700 20.153093
20131204 21.09 21.35 21.07 21.25 44535000 20.143613
20131205 21.200001 21.299999 20.889999 20.91 61782100 19.821315
20131206 21.120001 21.32 21.07 21.280001 51266300 20.172052
20131209 21.299999 21.33 21.200001 21.219999 41430000 20.115175
20131210 21.26 21.34 21.15 21.209999 45957600 20.105695
20131211 20.99 21.01 20.65 20.879999 66075000 19.792877
20131212 20.82 20.83 20.26 20.51 69575100 19.442142
20131213 20.58 20.58 20.219999 20.24 51883000 19.186199
20131216 20.35 20.75 20.25 20.68 54485600 19.603291
20131217 20.74 21.129999 20.68 20.92 45343300 19.830795
20131218 20.879999 21.040001 20.52 21.00 55495300 19.90663
20131219 21.07 21.08 20.77 21.07 36678100 19.972985
20131220 21.059999 21.25 20.959999 21.129999 64140500 20.02986
20131223 21.25 21.629999 21.219999 21.57 41245900 20.446952
20131224 21.459999 21.76 21.440001 21.690001 18372000 20.560705
20131226 21.719999 21.879999 21.719999 21.799999 17064400 20.664977
20131227 21.790001 22.049999 21.780001 22.02 24098500 20.873524
20131230 22.00 22.33 22.00 22.25 27711600 21.091548
20131231 22.25 22.469999 22.15 22.43 33240500 21.262177
20140102 22.17 22.290001 21.91 22.00 44377000 21.013831
20140103 22.09 22.120001 21.83 21.98 36328200 20.994727
20140106 21.959999 22.23 21.93 22.01 34150300 21.023383
20140107 22.26 22.41 22.15 22.309999 37368800 21.309935
20140108 22.290001 22.360001 22.15 22.290001 38362700 21.290833
20140109 22.290001 22.309999 21.92 22.09 31794000 21.099797
20140110 22.23 22.280001 21.99 22.219999 30318600 21.223969
20140113 22.389999 22.82 22.139999 22.190001 59600000 21.195315
20140114 22.33 22.52 22.200001 22.41 44300800 21.405453
20140115 22.50 23.00 22.42 22.780001 61767800 21.758868
20140116 22.85 22.91 22.629999 22.780001 38918100 21.758868
20140117 22.58 22.780001 22.58 22.74 44349100 21.72066
20140121 22.91 22.950001 22.639999 22.83 33423000 21.806626
20140122 22.91 22.950001 22.780001 22.84 30700100 21.816178
20140123 22.690001 22.85 22.459999 22.559999 37013600 21.548728
20140124 22.40 22.540001 22.17 22.200001 40917300 21.204867
20140127 21.77 22.110001 21.76 22.00 60510000 21.013831
20140128 21.879999 22.00 21.700001 21.75 41431800 20.775038
20140129 21.620001 21.84 21.60 21.65 35406500 20.67952
20140130 21.77 21.99 21.629999 21.98 42883000 20.994727
20140131 21.610001 21.99 21.610001 21.91 43325300 20.927865
20140203 21.93 21.950001 21.459999 21.549999 60693300 20.584002
20140204 21.58 21.82 21.40 21.799999 46626500 20.822796
20140205 21.690001 22.07 21.58 21.98 46291400 20.994727
20140206 22.040001 22.58 21.969999 22.49 49584300 21.481866
20140207 22.52 22.719999 22.299999 22.67 54109200 21.653798
20140210 22.639999 22.879999 22.559999 22.83 45300500 21.806626
20140211 22.780001 22.879999 22.67 22.709999 45804800 21.692004
20140212 22.610001 22.92 22.52 22.85 69832400 21.82573
20140213 21.99 22.27 21.68 22.27 153739400 21.271729
20140214 22.219999 22.77 22.200001 22.559999 64513500 21.548728
20140218 22.49 22.540001 22.33 22.41 31014400 21.405453
20140219 22.33 22.559999 22.219999 22.280001 29309100 21.281281
20140220 22.24 22.40 22.16 22.299999 26215000 21.300383
20140221 22.370001 22.450001 22.129999 22.129999 31483000 21.138003
20140224 22.190001 22.34 22.00 22.120001 41858000 21.128453
20140225 22.15 22.219999 21.76 21.84 45303600 20.861004
20140226 21.84 22.02 21.549999 21.93 43574600 20.946969
20140227 21.879999 22.049999 21.860001 21.92 25804000 20.937417
20140228 21.969999 22.110001 21.700001 21.799999 40863200 20.822796
20140303 21.57 21.82 21.440001 21.57 37292900 20.603106
20140304 21.780001 21.889999 21.700001 21.82 35673900 20.8419
20140305 21.90 22.049999 21.809999 21.870001 28203400 20.889659
20140306 21.879999 21.98 21.75 21.82 23567000 20.8419
20140307 21.92 21.940001 21.66 21.73 33180000 20.755934
20140310 21.629999 21.82 21.60 21.690001 26163300 20.717728
20140311 21.860001 21.93 21.58 21.610001 34642200 20.641314
20140312 21.530001 21.92 21.530001 21.82 31854300 20.8419
20140313 21.889999 21.92 21.50 21.52 42144400 20.555348
20140314 21.549999 21.65 21.280001 21.35 38256700 20.392968
20140317 21.35 21.620001 21.27 21.51 33221900 20.545796
20140318 21.34 21.709999 21.290001 21.629999 45849600 20.660416
20140319 21.690001 21.799999 21.559999 21.629999 32674300 20.660416
20140320 21.59 22.00 21.59 21.83 34952800 20.851452
20140321 21.940001 22.10 21.58 21.639999 97372900 20.669968
20140324 21.68 21.790001 21.469999 21.57 32782100 20.603106
20140325 21.690001 22.360001 21.65 22.34 53374300 21.338591
20140326 22.440001 22.690001 22.32 22.32 67098900 21.319487
20140327 22.129999 22.389999 21.940001 22.02 52152300 21.032935
20140328 22.09 22.540001 22.049999 22.33 49289400 21.329039
20140331 22.49 22.639999 22.40 22.42 32887800 21.415004
20140401 22.33 23.309999 22.299999 23.10 80106400 22.253109
20140402 23.110001 23.129999 22.76 22.99 38363700 22.147141
20140403 23.049999 23.299999 23.00 23.09 30311200 22.243475
20140404 23.280001 23.35 22.60 22.709999 49355400 21.877405
20140407 22.60 23.07 22.50 22.85 55317100 22.012274
20140408 22.639999 22.969999 22.60 22.940001 37373900 22.098975
20140409 23.00 23.32 22.889999 23.120001 37888600 22.272376
20140410 23.17 23.26 22.50 22.65 53927000 21.819606
20140411 22.549999 22.99 22.43 22.459999 47253900 21.636571
20140414 22.629999 22.940001 22.48 22.85 35804300 22.012274
20140415 22.84 23.00 22.610001 22.889999 29845400 22.050807
20140416 23.030001 23.15 22.83 23.030001 31451900 22.185675
20140417 23.01 23.290001 22.780001 23.209999 47813400 22.359075
20140421 23.219999 23.59 23.18 23.40 38795200 22.542109
20140422 23.43 23.610001 23.40 23.52 28725000 22.657711
20140423 23.52 23.57 23.24 23.50 29972800 22.638443
20140424 23.639999 23.639999 23.24 23.33 33976700 22.474676
20140425 23.27 23.32 22.879999 23.00 25087300 22.156774
20140428 23.15 23.24 22.790001 23.02 36817100 22.176042
20140429 23.200001 23.209999 23.059999 23.16 14582400 22.310908
20140430 23.08 23.139999 22.92 23.110001 23948500 22.262742
20140501 23.139999 23.15 22.91 23.01 17463700 22.166408
20140502 23.110001 23.120001 22.90 22.940001 18757000 22.098975
20140505 22.90 23.00 22.719999 22.959999 17859200 22.11824
20140506 22.84 22.889999 22.629999 22.719999 21815200 21.887039
20140507 22.719999 22.90 22.43 22.870001 38895200 22.031541
20140508 22.90 23.17 22.76 23.02 32181400 22.176042
20140509 22.959999 23.110001 22.92 23.02 22593900 22.176042
20140512 23.040001 23.34 23.00 23.190001 40216100 22.339809
20140513 23.139999 23.209999 22.76 22.860001 57933100 22.021908
20140514 22.92 23.049999 22.629999 22.809999 59330100 21.97374
20140515 24.27 24.690001 24.120001 24.18 120944500 23.293514
20140516 24.139999 24.450001 24.059999 24.370001 40477000 23.476548
20140519 24.24 24.450001 24.120001 24.35 39388900 23.457281
20140520 24.26 24.389999 24.02 24.120001 56321600 23.235714
20140521 24.219999 24.65 24.17 24.48 65262600 23.582514
20140522 24.42 24.540001 24.290001 24.379999 26751000 23.48618
20140523 24.379999 24.57 24.35 24.52 27778000 23.621049
20140527 24.74 24.879999 24.629999 24.709999 32365700 23.804082
20140528 24.629999 24.93 24.629999 24.82 28650600 23.910049
20140529 24.85 24.92 24.559999 24.68 21642000 23.775183
20140530 24.709999 24.75 24.48 24.620001 29381600 23.717383
20140602 24.639999 24.799999 24.559999 24.780001 20393300 23.871517
20140603 24.75 24.82 24.450001 24.68 23339100 23.775183
20140604 24.610001 24.65 24.40 24.50 20635100 23.601781
20140605 24.620001 24.74 24.41 24.700001 23320300 23.79445
20140606 24.73 24.950001 24.709999 24.83 22485100 23.919683
20140609 24.790001 24.950001 24.719999 24.799999 18818400 23.890782
20140610 24.73 25.10 24.60 25.00 36582000 24.08345
20140611 24.85 25.17 24.790001 25.040001 36170300 24.121985
20140612 24.950001 25.01 24.620001 24.66 26900400 23.755915
20140613 24.67 24.780001 24.60 24.700001 20947600 23.79445
20140616 24.52 24.73 24.450001 24.530001 19251300 23.630682
20140617 24.49 24.620001 24.41 24.50 17972800 23.601781
20140618 24.700001 24.75 24.459999 24.629999 24723700 23.727015
20140619 24.620001 24.709999 24.450001 24.709999 20646800 23.804082
20140620 24.629999 24.90 24.610001 24.83 39707300 23.919683
20140623 24.809999 24.90 24.65 24.700001 18751100 23.79445
20140624 24.620001 24.74 24.52 24.530001 24302000 23.630682
20140625 24.549999 24.780001 24.41 24.719999 22579500 23.813715
20140626 24.66 24.809999 24.48 24.65 19134400 23.746282
20140627 24.60 24.780001 24.48 24.700001 34999300 23.79445
20140630 24.67 24.90 24.620001 24.85 23992100 23.93895
20140701 24.99 25.110001 24.77 25.08 34613200 24.160517
20140702 24.969999 25.139999 24.870001 25.030001 30197200 24.296416
20140703 25.15 25.25 25.129999 25.190001 19598800 24.451727
20140707 25.00 25.25 24.969999 25.23 21293500 24.490554
20140708 25.209999 25.309999 25.059999 25.07 34622900 24.335243
20140709 25.219999 25.50 25.139999 25.440001 35610300 24.6944
20140710 25.25 25.52 25.219999 25.440001 27278600 24.6944
20140711 25.52 25.65 25.440001 25.52 20945900 24.772055
20140714 25.610001 25.65 25.40 25.440001 19243600 24.6944
20140715 25.379999 25.68 25.360001 25.67 29468800 24.917659
20140716 25.73 26.049999 25.73 25.98 40476700 25.218573
20140717 25.84 26.00 25.58 25.629999 29568000 24.87883
20140718 25.700001 25.959999 25.67 25.91 25465300 25.150624
20140721 25.889999 25.950001 25.719999 25.85 20825400 25.092383
20140722 25.950001 26.08 25.91 25.950001 28734800 25.189453
20140723 25.719999 25.790001 25.549999 25.68 28759200 24.927366
20140724 25.780001 25.90 25.68 25.83 21876300 25.072969
20140725 25.799999 26.02 25.68 25.969999 28640100 25.208865
20140728 25.73 26.00 25.57 25.92 27686400 25.160332
20140729 25.879999 26.01 25.690001 25.709999 22441500 24.956485
20140730 25.83 25.84 25.469999 25.629999 26119900 24.87883
20140731 25.48 25.50 25.17 25.23 28219900 24.490554
20140801 25.139999 25.209999 24.799999 25.00 28609200 24.267295
20140804 24.940001 25.219999 24.860001 25.17 17252200 24.432313
20140805 25.02 25.120001 24.870001 24.969999 21176500 24.238174
20140806 24.93 25.209999 24.85 24.93 20990600 24.199347
20140807 25.01 25.110001 24.690001 24.860001 24123500 24.131399
20140808 24.870001 25.059999 24.74 25.030001 21648600 24.296416
20140811 25.09 25.370001 25.01 25.23 25946200 24.490554
20140812 25.209999 25.27 25.00 25.15 21928200 24.412898
20140813 25.17 25.27 24.93 25.200001 43708600 24.461434
20140814 24.940001 24.940001 24.32 24.540001 63790200 23.820778
20140815 24.66 24.66 24.27 24.43 33624000 23.714001
20140818 24.49 24.66 24.43 24.629999 27666900 23.908138
20140819 24.629999 24.690001 24.60 24.639999 20347000 23.917845
20140820 24.549999 24.75 24.52 24.709999 20228900 23.985793
20140821 24.75 24.91 24.719999 24.889999 20880800 24.160518
20140822 24.870001 24.969999 24.639999 24.65 22453700 23.927553
20140825 24.700001 24.84 24.690001 24.700001 19355800 23.976088
20140826 24.700001 24.93 24.67 24.809999 17053400 24.082863
20140827 24.790001 24.860001 24.709999 24.799999 15748800 24.073156
20140828 24.700001 24.90 24.639999 24.85 15506400 24.121692
20140829 24.90 24.99 24.76 24.99 17972300 24.257588
20140902 24.940001 25.00 24.75 24.879999 19836000 24.150811
20140903 24.940001 25.129999 24.92 25.040001 22043200 24.306124
20140904 25.08 25.139999 24.83 24.91 20268900 24.179933
20140905 24.860001 25.07 24.860001 25.00 19865200 24.267295
20140908 24.93 25.09 24.809999 24.950001 14188500 24.218761
20140909 24.879999 24.969999 24.60 24.860001 19075800 24.131399
20140910 24.84 25.00 24.84 24.93 15738500 24.199347
20140911 24.92 25.200001 24.85 25.18 22105400 24.44202
20140912 25.16 25.26 25.07 25.16 33197300 24.422606
20140915 24.950001 25.09 24.870001 25.059999 33411400 24.325536
20140916 25.00 25.42 24.98 25.219999 31902300 24.480847
20140917 25.139999 25.309999 25.07 25.209999 25703300 24.471139
20140918 25.17 25.27 25.15 25.219999 15939900 24.480847
20140919 25.209999 25.299999 25.01 25.200001 47343700 24.461434
20140922 25.190001 25.190001 24.860001 24.969999 21346700 24.238174
20140923 24.870001 25.030001 24.67 24.700001 20747900 23.976088
20140924 24.73 25.040001 24.629999 24.98 19700400 24.247881
20140925 24.959999 24.959999 24.50 24.540001 27242000 23.820778
20140926 24.50 25.09 24.459999 25.00 29863700 24.267295
20140929 24.73 25.200001 24.73 25.120001 28707700 24.383779
20140930 24.90 25.25 24.85 25.17 36919300 24.618519
20141001 25.200001 25.25 24.940001 25.030001 44916200 24.481587
20141002 25.049999 25.110001 24.75 25.059999 28334000 24.510929
20141003 25.209999 25.370001 25.040001 25.309999 29038300 24.755451
20141006 25.35 25.42 24.959999 25.01 23952600 24.462025
20141007 25.01 25.25 24.59 24.639999 29309600 24.100131
20141008 24.57 24.68 24.18 24.66 40348300 24.119693
20141009 24.51 24.639999 24.18 24.190001 29341200 23.659992
20141010 23.91 24.01 23.34 23.34 48313600 22.828615
20141013 23.24 23.450001 22.93 22.93 33227700 22.427598
20141014 23.059999 23.35 22.959999 23.059999 29317500 22.554749
20141015 22.790001 23.15 22.49 22.959999 40079600 22.45694
20141016 22.65 23.08 22.559999 22.82 30929300 22.320008
20141017 22.98 23.33 22.92 23.25 28485000 22.740587
20141020 22.90 23.08 22.690001 22.93 34386900 22.427598
20141021 23.10 23.60 22.959999 23.51 33712700 22.99489
20141022 23.67 23.68 23.24 23.26 25172900 22.750368
20141023 23.610001 23.76 23.42 23.57 21669900 23.053575
20141024 23.60 23.799999 23.459999 23.780001 19942900 23.258975
20141027 23.620001 23.809999 23.60 23.76 16862700 23.239413
20141028 23.82 24.07 23.82 24.07 17765300 23.54262
20141029 24.01 24.299999 23.92 24.10 18885500 23.571963
20141030 24.00 24.15 23.879999 24.08 32212000 23.552401
20141031 24.59 24.639999 24.18 24.469999 30379100 23.933856
20141103 24.450001 24.59 24.450001 24.58 16383400 24.041446
20141104 24.60 24.91 24.58 24.879999 24620900 24.334872
20141105 24.969999 25.17 24.84 25.15 21979600 24.598957
20141106 25.10 25.280001 25.02 25.26 18373700 24.706547
20141107 25.299999 25.40 25.16 25.33 34001900 24.775013
20141110 25.040001 25.23 24.879999 25.15 32152700 24.598957
20141111 25.200001 25.209999 25.02 25.15 19801700 24.598957
20141112 24.91 25.190001 24.879999 25.110001 42258800 24.559834
20141113 24.93 25.889999 24.879999 25.68 57131700 25.117345
20141114 25.76 26.34 25.65 26.32 48663000 25.743322
20141117 26.110001 26.549999 26.00 26.469999 33224000 25.890035
20141118 26.50 26.74 26.40 26.60 27223100 26.017188
20141119 26.58 26.620001 26.299999 26.59 19881900 26.007407
20141120 26.49 26.84 26.35 26.809999 23439000 26.222586
20141121 26.950001 27.049999 26.67 26.879999 31912100 26.291052
20141124 26.879999 27.120001 26.879999 27.030001 26994800 26.437767
20141125 27.030001 27.299999 27.030001 27.280001 28110100 26.682289
20141126 27.299999 27.459999 27.139999 27.43 19466000 26.829002
20141128 27.52 27.780001 27.360001 27.639999 18138900 27.0344
20141201 27.50 27.610001 27.33 27.59 19670200 26.985496
20141202 27.60 27.959999 27.60 27.82 28202300 27.210457
20141203 27.709999 27.99 27.51 27.950001 27858600 27.337609
20141204 27.92 27.99 27.58 27.77 23797800 27.161553
20141205 27.790001 27.85 27.40 27.50 26722300 26.897468
20141208 27.42 27.530001 27.15 27.23 24275900 26.633383
20141209 26.950001 27.48 26.83 27.42 25885900 26.819221
20141210 27.26 27.360001 26.790001 26.870001 31773400 26.281272
20141211 26.969999 27.360001 26.940001 26.99 22902400 26.398642
20141212 26.709999 27.15 26.700001 26.860001 27032000 26.271491
20141215 26.889999 27.17 26.48 26.68 27503200 26.095435
20141216 26.50 27.17 26.15 26.59 36622000 26.007407
20141217 26.620001 26.90 26.469999 26.809999 36617700 26.222586
20141218 27.040001 27.66 27.040001 27.65 34927700 27.044181
20141219 27.65 27.85 27.549999 27.77 59644100 27.161553
20141222 27.799999 28.290001 27.75 28.219999 28858600 27.601692
20141223 28.219999 28.50 28.190001 28.25 23538600 27.631035
20141224 28.290001 28.59 28.290001 28.299999 11411200 27.679939
20141226 28.50 28.50 28.280001 28.35 9739600 27.728845
20141229 28.35 28.57 28.32 28.459999 13445600 27.836433
20141230 28.440001 28.48 28.309999 28.360001 15487700 27.738626
20141231 28.280001 28.41 27.809999 27.82 21478700 27.210457
20150102 27.860001 28.120001 27.379999 27.610001 22926500 27.190761
20150105 27.32 27.450001 27.00 27.059999 29460600 26.649111
20150106 27.139999 27.68 27.040001 27.049999 47297600 26.639263
20150107 27.139999 27.40 26.98 27.299999 27570800 26.885467
20150108 27.540001 28.09 27.469999 27.51 40907000 27.092279
20150109 27.67 28.07 27.450001 27.790001 33619600 27.368028
20150112 28.00 28.200001 27.82 28.049999 38648400 27.624078
20150113 28.209999 28.700001 27.90 28.10 36074200 27.67332
20150114 27.84 28.049999 27.639999 27.92 29494400 27.496053
20150115 28.09 28.200001 27.35 27.41 29521100 26.993797
20150116 27.360001 27.77 27.209999 27.68 26655100 27.259698
20150120 27.76 28.27 27.66 28.07 33684200 27.643775
20150121 28.059999 28.190001 27.700001 27.84 29298500 27.417268
20150122 27.549999 28.51 27.219999 28.50 49494700 28.067246
20150123 28.360001 28.50 28.139999 28.209999 21802500 27.781649
20150126 28.219999 28.23 27.700001 27.969999 18370100 27.545293
20150127 27.52 27.59 26.66 26.90 46110500 26.491541
20150128 27.389999 27.60 26.799999 26.809999 32381700 26.402907
20150129 26.74 27.309999 26.639999 27.219999 28095400 26.806682
20150130 26.879999 27.110001 26.32 26.370001 38419100 25.96959
20150202 26.389999 26.870001 25.92 26.83 29417000 26.422604
20150203 26.90 27.120001 26.690001 27.120001 28044300 26.708201
20150204 27.059999 27.219999 26.610001 26.690001 27696300 26.28473
20150205 26.75 27.299999 26.58 27.26 20548400 26.846075
20150206 27.370001 27.66 27.139999 27.24 25288800 26.826378
20150209 27.209999 27.41 27.059999 27.120001 23681000 26.708201
20150210 27.16 27.540001 27.15 27.49 22250300 27.072582
20150211 27.65 27.65 26.90 26.93 46213500 26.521086
20150212 28.99 29.58 28.84 29.459999 117439100 29.012668
20150213 29.379999 29.50 29.110001 29.43 50656700 28.983125
20150217 29.26 29.35 29.030001 29.309999 34217200 28.864946
20150218 29.190001 29.549999 29.120001 29.49 24503700 29.042214
20150219 29.309999 29.389999 29.129999 29.309999 21477800 28.864946
20150220 29.35 29.66 29.16 29.610001 25985600 29.160392
20150223 29.629999 29.65 29.42 29.629999 24026800 29.180087
20150224 29.559999 29.709999 29.43 29.629999 18479500 29.180087
20150225 29.440001 29.57 29.32 29.49 17368100 29.042214
20150226 29.52 29.99 29.52 29.91 28305200 29.455836
20150227 29.889999 29.91 29.379999 29.51 29135500 29.06191
20150302 29.360001 30.309999 29.34 30.190001 35981900 29.731585
20150303 30.10 30.120001 29.469999 29.540001 32990300 29.091455
20150304 29.35 29.52 29.110001 29.33 32866900 28.884643
20150305 29.469999 29.49 29.120001 29.299999 17985000 28.855098
20150306 29.110001 29.27 28.799999 28.93 27035000 28.490717
20150309 28.90 29.450001 28.76 29.360001 23007700 28.914188
20150310 29.15 29.17 28.66 28.66 26542300 28.224817
20150311 28.68 28.76 28.209999 28.26 25160200 27.830891
20150312 28.049999 28.540001 28.049999 28.24 22978700 27.811194
20150313 28.02 28.26 27.57 27.940001 36511000 27.51575
20150316 28.10 28.379999 28.040001 28.299999 25358900 27.870282
20150317 28.190001 28.280001 27.950001 28.15 21895700 27.72256
20150318 27.879999 28.34 27.719999 28.15 34910900 27.72256
20150319 28.10 28.540001 28.030001 28.26 27980400 27.830891
20150320 28.450001 28.620001 28.32 28.440001 37628700 28.008158
20150323 28.440001 28.690001 28.360001 28.41 23478600 27.978613
20150324 28.290001 28.57 27.99 28.00 23263600 27.574838
20150325 27.92 28.09 27.459999 27.459999 27158700 27.043037
20150326 27.190001 27.309999 26.620001 27.09 48928100 26.678656
20150327 27.07 27.209999 26.940001 27.129999 20464500 26.718048
20150330 27.219999 27.75 27.219999 27.65 29056300 27.230153
20150331 27.34 27.690001 27.280001 27.530001 29258300 27.319465
20150401 27.309999 27.639999 27.10 27.25 22420500 27.041605
20150402 27.219999 27.50 27.129999 27.129999 19527200 26.922522
20150406 26.959999 27.32 26.84 27.219999 20004000 27.011834
20150407 27.200001 27.559999 27.129999 27.389999 16861800 27.180534
20150408 27.370001 27.66 27.370001 27.549999 19076400 27.33931
20150409 27.59 27.74 27.42 27.629999 16684500 27.418698
20150410 27.58 28.08 27.559999 28.040001 24634600 27.825565
20150413 27.99 28.280001 27.940001 27.98 22769600 27.766022
20150414 28.00 28.059999 27.68 27.809999 19296300 27.597322
20150415 28.10 28.42 27.969999 28.25 31160900 28.033958
20150416 28.190001 28.639999 28.10 28.60 29863500 28.381281
20150417 28.26 28.40 27.90 27.92 36904700 27.706481
20150420 28.16 28.629999 28.16 28.48 21921800 28.262198
20150421 28.719999 28.92 28.66 28.690001 23956900 28.470593
20150422 28.67 28.790001 28.42 28.620001 19111700 28.401129
20150423 28.40 28.82 28.200001 28.68 22230100 28.46067
20150424 29.190001 29.280001 28.67 28.82 27145600 28.599598
20150427 28.879999 29.030001 28.709999 28.889999 22952000 28.669063
20150428 28.799999 29.33 28.76 29.32 24315300 29.095775
20150429 29.059999 29.25 28.90 29.049999 22463700 28.827839
20150430 28.85 29.02 28.68 28.83 26514500 28.609522
20150501 28.809999 29.200001 28.780001 29.129999 18936000 28.907227
20150504 29.08 29.360001 29.07 29.17 16484100 28.946922
20150505 29.17 29.209999 28.84 28.889999 22463800 28.669063
20150506 28.90 29.08 28.690001 28.969999 23572000 28.748451
20150507 28.99 29.120001 28.74 28.809999 22643800 28.589675
20150508 28.99 29.370001 28.99 29.23 22572400 29.006463
20150511 29.50 29.790001 29.200001 29.209999 27045200 28.986615
20150512 29.07 29.440001 28.799999 29.23 31761000 29.006463
20150513 29.139999 29.469999 29.129999 29.35 38264000 29.125546
20150514 29.290001 29.66 28.969999 29.049999 56696300 28.827839
20150515 29.24 29.82 29.16 29.549999 37677300 29.324015
20150518 29.42 29.90 29.42 29.76 23953000 29.53241
20150519 29.870001 29.90 29.629999 29.74 18926300 29.512563
20150520 29.799999 29.85 29.530001 29.620001 19410900 29.393481
20150521 29.610001 29.77 29.43 29.43 20806900 29.204934
20150522 29.389999 29.450001 29.26 29.26 20079700 29.036234
20150526 29.190001 29.25 28.75 28.950001 25877100 28.728605
20150527 29.059999 29.48 29.02 29.309999 23959900 29.085851
20150528 29.34 29.559999 29.16 29.35 18219600 29.125546
20150529 29.32 29.59 29.190001 29.309999 26018100 29.085851
20150601 29.60 29.620001 29.049999 29.18 23799400 28.956846
20150602 29.09 29.27 28.950001 29.08 15995600 28.85761
20150603 29.209999 29.299999 29.049999 29.09 20536900 28.867534
20150604 28.90 29.10 28.540001 28.610001 26774500 28.391205
20150605 28.549999 28.709999 28.49 28.58 25357900 28.361434
20150608 28.67 28.700001 28.23 28.280001 19011700 28.063729
20150609 28.27 28.42 28.01 28.24 15527500 28.024034
20150610 28.469999 28.91 28.27 28.66 26223300 28.440822
20150611 28.75 29.219999 28.75 28.860001 24387100 28.639293
20150612 28.66 28.67 28.309999 28.540001 21919500 28.321741
20150615 28.23 28.52 28.110001 28.48 25722100 28.262198
20150616 28.35 28.790001 28.280001 28.709999 16920300 28.490439
20150617 28.84 29.040001 28.66 28.93 20959000 28.708758
20150618 28.85 29.35 28.82 29.209999 24156100 28.986615
20150619 29.24 29.32 28.940001 29.030001 31970100 28.807993
20150622 29.10 29.219999 28.82 28.940001 20160000 28.718681
20150623 29.00 29.040001 28.620001 28.790001 21041300 28.569829
20150624 28.790001 28.85 28.49 28.51 20978800 28.29197
20150625 28.559999 28.65 28.379999 28.40 14606100 28.18281
20150626 28.49 28.49 28.01 28.280001 28087800 28.063729
20150629 27.99 28.110001 27.50 27.540001 31838300 27.329388
20150630 27.83 27.83 27.33 27.459999 31236800 27.249998
20150701 27.42 27.50 27.07 27.35 24461300 27.35
20150702 27.370001 27.57 27.290001 27.33 15635500 27.33
20150706 27.00 27.26 26.889999 27.219999 22858200 27.219999
20150707 27.219999 27.450001 26.889999 27.360001 25436700 27.360001
20150708 27.08 27.16 26.84 26.99 27863400 26.99
20150709 27.379999 27.450001 26.90 26.91 20129700 26.91
20150710 27.27 27.360001 27.040001 27.280001 16079300 27.280001
20150713 27.49 27.799999 27.42 27.790001 20623100 27.790001
20150714 27.870001 28.040001 27.700001 28.030001 20659400 28.030001
20150715 27.860001 28.24 27.809999 28.110001 23321200 28.110001
20150716 28.24 28.42 28.209999 28.32 20771000 28.32
20150717 28.27 28.309999 27.969999 28.18 24119600 28.18
20150720 28.129999 28.16 27.879999 28.030001 18584200 28.030001
20150721 27.959999 28.25 27.790001 27.84 23706600 27.84
20150722 27.83 28.059999 27.440001 27.530001 26622900 27.530001
20150723 27.700001 28.25 27.58 28.01 34008400 28.01
20150724 28.450001 28.77 28.379999 28.40 38865700 28.40
20150727 28.309999 28.559999 28.190001 28.209999 30830700 28.209999
20150728 28.34 28.35 27.85 28.209999 23483300 28.209999
20150729 28.200001 28.52 28.02 28.40 21310700 28.40
20150730 28.219999 28.459999 28.200001 28.299999 17359100 28.299999
20150731 28.389999 28.559999 28.16 28.42 20154900 28.42
20150803 28.41 28.59 28.110001 28.360001 17257600 28.360001
20150804 28.219999 28.459999 27.889999 28.030001 18475000 28.030001
20150805 28.110001 28.60 28.10 28.27 19052400 28.27
20150806 28.370001 28.67 28.00 28.209999 20143800 28.209999
20150807 28.17 28.23 27.90 28.15 15983600 28.15
20150810 28.48 28.700001 28.27 28.59 23633100 28.59
20150811 28.24 28.389999 27.85 28.02 25193800 28.02
20150812 27.799999 28.10 27.41 27.90 41085000 27.90
20150813 28.780001 29.209999 28.690001 28.700001 61067500 28.700001
20150814 28.780001 29.049999 28.75 29.030001 24814500 29.030001
20150817 28.65 28.969999 28.51 28.83 21181900 28.83
20150818 28.709999 28.719999 28.18 28.25 32102400 28.25
20150819 28.10 28.24 27.719999 27.799999 29990100 27.799999
20150820 27.559999 27.75 27.040001 27.040001 37429900 27.040001
20150821 26.879999 27.34 26.469999 26.469999 48010700 26.469999
20150824 24.889999 26.08 23.030001 25.190001 58946800 25.190001
20150825 25.940001 25.99 24.60 24.620001 39952200 24.620001
20150826 25.280001 25.74 24.709999 25.68 54330600 25.68
20150827 26.00 26.190001 25.610001 26.17 36097100 26.17
20150828 25.91 26.049999 25.82 26.00 26870800 26.00
20150831 25.940001 26.110001 25.74 25.879999 32281600 25.879999
20150901 25.219999 25.620001 25.01 25.120001 32366000 25.120001
20150902 25.59 25.66 25.08 25.65 27772100 25.65
20150903 25.879999 26.15 25.73 25.90 27727400 25.90
20150904 25.42 25.65 25.35 25.52 26903500 25.52
20150908 25.98 26.33 25.91 26.299999 20816700 26.299999
20150909 26.50 26.73 25.879999 25.940001 24880500 25.940001
20150910 25.90 26.49 25.85 26.26 26291000 26.26
20150911 26.00 26.18 25.809999 26.02 21407300 26.02
20150914 26.15 26.17 25.66 25.700001 18636000 25.700001
20150915 25.559999 26.08 25.559999 25.98 20007100 25.98
20150916 26.07 26.10 25.85 26.07 21178200 26.07
20150917 25.959999 26.280001 25.809999 25.879999 24952100 25.879999
20150918 25.57 25.74 25.25 25.540001 39334700 25.540001
20150921 25.450001 25.82 25.35 25.540001 21880700 25.540001
20150922 25.059999 25.209999 24.969999 25.139999 20747600 25.139999
20150923 25.219999 25.309999 25.01 25.280001 18755200 25.280001
20150924 25.09 25.50 24.92 25.41 35462500 25.41
20150925 25.809999 26.299999 25.799999 26.030001 37485500 26.030001
