20130102 110.269997 110.419998 108.739998 110.389999 6144100 99.922199
20130103 110.139999 110.919998 109.510002 109.919998 6817000 99.496766
20130104 109.989998 110.620003 109.900002 110.50 4414500 100.021768
20130107 110.019997 110.089996 109.190002 109.75 4861000 99.342888
20130108 109.480003 109.690002 109.099998 109.260002 6325400 98.899354
20130109 109.720001 110.080002 109.199997 109.540001 4558600 99.152802
20130110 110.190002 110.760002 110.089996 110.470001 5276400 99.994614
20130111 111.199997 112.080002 110.800003 111.730003 5456300 101.135136
20130114 111.379997 112.949997 111.349998 112.849998 6373900 102.148927
20130115 112.260002 113.470001 112.150002 113.440002 5637600 102.682983
20130116 113.309998 114.330002 113.169998 113.970001 6148500 103.162725
20130117 114.730003 115.860001 114.589996 114.739998 6966000 103.859706
20130118 115.230003 115.239998 114.059998 115.239998 8538000 104.312293
20130122 115.110001 115.940002 114.529999 115.910004 5398000 104.918765
20130123 115.349998 115.900002 114.93 115.010002 5031800 104.104107
20130124 115.489998 116.370003 115.279999 115.50 4895800 104.54764
20130125 115.519997 116.379997 115.150002 116.199997 4745400 105.18126
20130128 116.559998 116.580002 115.410004 116.040001 4520500 105.036435
20130129 116.279999 117.400002 116.25 117.209999 4370100 106.095488
20130130 117.07 117.50 116.260002 116.449997 5168200 105.407553
20130131 116.220001 116.900002 115.150002 115.150002 7777900 104.230831
20130201 115.839996 116.690002 115.050003 116.50 6415900 105.452815
20130204 115.019997 115.889999 114.290001 115.199997 6397600 104.276085
20130205 115.739998 116.379997 115.510002 115.809998 5067800 104.828242
20130206 115.43 115.919998 114.849998 115.910004 4459800 104.918765
20130207 115.989998 116.00 114.330002 115.019997 5423900 104.113154
20130208 114.93 115.779999 114.900002 115.639999 4457200 104.674364
20130211 115.68 115.839996 115.010002 115.639999 3766300 104.674364
20130212 115.720001 116.839996 115.510002 116.50 4530600 105.452815
20130213 115.43 115.839996 114.910004 115.529999 4111000 105.388962
20130214 115.160004 116.260002 115.07 115.709999 5226400 105.553162
20130215 115.50 115.699997 114.029999 114.959999 6353200 104.868996
20130219 115.190002 116.260002 115.190002 115.919998 5023300 105.744727
20130220 115.93 116.099998 114.839996 114.989998 5447000 104.896361
20130221 114.790001 115.300003 114.089996 114.989998 4795100 104.896361
20130222 115.510002 116.230003 114.82 115.959999 5207200 105.781217
20130225 116.50 117.339996 113.50 113.540001 7522800 103.573642
20130226 114.470001 115.169998 113.75 114.959999 6113100 104.868996
20130227 114.709999 116.949997 114.709999 116.650002 4540600 106.410652
20130228 116.57 117.889999 116.349998 117.150002 5953600 106.866763
20130301 116.730003 117.239998 115.949997 116.900002 5570300 106.638708
20130304 116.779999 117.809998 116.080002 117.489998 5046700 107.176915
20130305 117.970001 118.25 117.669998 117.93 6356000 107.578295
20130306 118.300003 118.779999 118.029999 118.470001 5362200 108.070895
20130307 118.620003 118.889999 118.209999 118.559998 4378700 108.152992
20130308 118.949997 119.110001 117.989998 118.57 4992000 108.162116
20130311 118.629997 118.800003 118.099998 118.730003 4528400 108.308075
20130312 118.879997 119.300003 118.160004 118.25 4625000 107.870205
20130313 118.379997 118.699997 118.059998 118.360001 5393300 107.97055
20130314 118.730003 120.260002 118.599998 120.00 7476700 109.466593
20130315 119.589996 119.919998 118.910004 119.68 10215600 109.174683
20130318 118.779999 119.900002 118.699997 119.129997 4828700 108.672958
20130319 119.389999 119.809998 118.650002 119.459999 5244200 108.973993
20130320 119.980003 120.879997 119.860001 120.349998 5945300 109.785869
20130321 120.00 120.989998 119.809998 120.339996 6168500 109.776745
20130322 120.660004 121.400002 120.480003 121.18 5190700 110.543015
20130325 121.50 121.559998 119.559998 120.18 6345300 109.630793
20130326 120.739998 121.129997 120.32 120.980003 4256400 110.360574
20130327 120.50 120.709999 119.699997 120.190002 4329600 109.639918
20130328 120.440002 120.730003 118.760002 118.82 8280100 108.390171
20130401 118.989998 119.860001 118.760002 119.610001 4322200 109.110827
20130402 119.839996 119.949997 118.660004 119.00 4813900 108.554372
20130403 119.18 119.25 117.349998 117.779999 7175000 107.44146
20130404 117.93 118.68 117.169998 118.07 5409700 107.706005
20130405 116.639999 117.639999 116.169998 117.519997 5029900 107.204281
20130408 117.449997 117.870003 116.650002 117.809998 4117400 107.468826
20130409 117.989998 118.870003 117.629997 118.639999 4849700 108.225971
20130410 118.889999 119.830002 118.510002 119.639999 5452000 109.138193
20130411 119.959999 121.150002 119.519997 120.949997 6092300 110.333201
20130412 120.459999 120.900002 119.50 119.940002 6391700 109.411862
20130415 118.809998 118.900002 116.50 116.57 9766800 106.337673
20130416 117.339996 117.50 116.209999 117.010002 6511400 106.739053
20130417 116.400002 116.400002 114.120003 114.809998 8291200 104.732161
20130418 114.879997 116.120003 114.599998 115.589996 6451600 105.443693
20130419 116.360001 116.949997 115.830002 115.900002 7573200 105.726486
20130422 116.389999 117.099998 115.889999 116.57 5435700 106.337673
20130423 116.989998 118.089996 115.900002 117.480003 6745200 107.167798
20130424 118.040001 118.68 117.980003 118.279999 4559000 107.897571
20130425 119.07 120.00 118.300003 118.510002 5602800 108.107385
20130426 119.00 120.410004 118.68 120.040001 6012200 109.503083
20130429 120.440002 121.599998 120.040001 121.32 5158500 110.670726
20130430 121.050003 122.010002 120.120003 122.010002 6907400 111.300161
20130501 121.25 121.57 120.050003 120.269997 6082100 109.71289
20130502 121.00 122.330002 120.629997 122.040001 5066100 111.327526
20130503 122.690002 123.910004 122.459999 123.489998 6384300 112.650245
20130506 123.32 123.779999 122.709999 123.25 4668700 112.431313
20130507 123.349998 123.720001 122.540001 123.040001 4412600 112.239748
20130508 122.980003 123.599998 122.849998 123.360001 4479800 112.531658
20130509 123.459999 123.949997 122.959999 123.639999 9237500 112.787079
20130510 123.379997 123.709999 122.110001 123.230003 10581700 112.413072
20130513 122.900002 123.099998 122.169998 122.849998 16870100 112.066423
20130514 122.919998 125.00 122.910004 125.00 6965800 114.027701
20130515 123.730003 123.730003 122.599998 123.010002 7950400 113.117316
20130516 122.739998 123.370003 122.50 122.760002 5549800 112.887421
20130517 122.739998 123.419998 122.269997 123.419998 6850200 113.494339
20130520 123.43 124.839996 123.18 124.779999 5298200 114.744966
20130521 124.839996 126.199997 124.75 125.940002 6699300 115.81168
20130522 125.910004 126.980003 124.599998 124.93 9350100 114.882904
20130523 124.209999 125.830002 124.209999 125.400002 8096100 115.315107
20130524 124.50 125.559998 124.330002 125.449997 5593200 115.361082
20130528 126.389999 127.400002 125.860001 126.43 6598500 116.262271
20130529 126.07 126.730003 124.809998 125.489998 6422400 115.397866
20130530 125.230003 125.970001 124.510002 125.110001 4353400 115.048428
20130531 124.639999 125.300003 122.75 122.75 7905000 112.878223
20130603 122.349998 124.120003 122.349998 124.089996 7256900 114.110455
20130604 122.82 123.650002 122.139999 122.959999 7675500 113.071334
20130605 122.339996 123.099998 121.309998 121.57 7745600 111.793121
20130606 121.269997 121.489998 118.660004 120.589996 10141500 110.891931
20130607 121.220001 121.970001 120.139999 121.699997 6089800 111.912663
20130610 122.940002 122.980003 121.800003 122.690002 5585600 112.823051
20130611 121.870003 122.760002 121.260002 121.449997 4548000 111.682769
20130612 122.32 122.730003 119.610001 119.970001 5489200 110.321797
20130613 119.900002 121.830002 119.809998 121.660004 4656700 111.875887
20130614 121.129997 121.68 120.099998 120.279999 4415300 110.606864
20130617 120.449997 121.779999 120.279999 121.220001 4046900 111.47127
20130618 121.029999 121.720001 120.860001 121.519997 4544800 111.747139
20130619 121.800003 122.379997 120.410004 120.50 4634300 110.809172
20130620 119.540001 119.660004 117.57 117.949997 7624100 108.464245
20130621 119.239998 119.540001 117.260002 118.93 10692100 109.365435
20130624 117.709999 118.029999 116.019997 116.82 6785700 107.425124
20130625 117.75 117.870003 116.919998 117.449997 5983100 108.004456
20130626 118.339996 118.540001 117.00 118.150002 4820700 108.648165
20130627 118.519997 119.540001 118.489998 118.709999 4459400 109.163127
20130628 118.790001 119.559998 118.139999 118.339996 6504400 108.82288
20130701 118.349998 120.010002 118.00 119.080002 5053000 109.503373
20130702 119.089996 120.330002 118.589996 119.150002 4912000 109.567743
20130703 119.239998 119.300003 118.610001 119.080002 3034800 109.503373
20130705 119.690002 120.860001 119.099998 120.510002 4386200 110.81837
20130708 121.290001 122.309998 120.980003 121.239998 4964400 111.489658
20130709 122.389999 123.739998 122.050003 123.269997 6252900 113.356401
20130710 123.449997 124.540001 122.709999 122.900002 5549600 113.016162
20130711 123.949997 124.110001 122.510002 123.769997 7235100 113.81619
20130712 123.519997 124.150002 123.040001 124.059998 5615000 114.082869
20130715 124.110001 125.139999 124.059998 124.68 4062000 114.65301
20130716 124.709999 125.239998 123.550003 124.120003 4002900 114.138048
20130717 124.650002 125.00 124.290001 124.349998 3634600 114.349547
20130718 124.68 125.650002 124.639999 125.470001 4324100 115.379477
20130719 125.790001 126.910004 125.169998 126.910004 5929900 116.703672
20130722 126.709999 127.610001 126.650002 127.029999 4056100 116.814017
20130723 127.07 127.650002 126.699997 127.260002 3763300 117.025523
20130724 127.25 127.629997 125.900002 126.370003 4527800 116.207099
20130725 126.139999 127.830002 125.790001 127.760002 4466400 117.485312
20130726 127.029999 127.620003 126.089996 127.559998 4829900 117.301392
20130729 127.370003 127.370003 125.889999 126.169998 4028900 116.023179
20130730 126.199997 126.959999 125.190002 125.779999 4589500 115.664544
20130731 126.019997 126.910004 125.459999 125.889999 5394300 115.765698
20130801 126.489998 126.660004 125.639999 126.440002 5757100 116.271469
20130802 124.870003 125.099998 123.300003 124.949997 7472700 114.901293
20130805 124.720001 124.75 123.760002 123.989998 3733700 114.018498
20130806 123.970001 124.160004 123.010002 123.139999 4677700 113.236858
20130807 123.029999 123.919998 122.800003 123.330002 3898500 113.41158
20130808 123.879997 124.209999 121.910004 123.07 5639200 113.172488
20130809 123.120003 123.120003 121.68 122.50 5739400 112.648329
20130812 122.00 122.07 120.910004 121.800003 6014800 112.004627
20130813 121.93 123.230003 121.400002 122.50 4461000 112.648329
20130814 122.760002 122.959999 121.540001 122.050003 6884900 112.234521
20130815 120.68 121.00 120.00 120.25 4247800 111.492785
20130816 119.889999 120.190002 119.050003 119.879997 5652500 111.149728
20130819 119.690002 120.00 118.519997 118.660004 4308900 110.01858
20130820 118.589996 119.300003 118.290001 118.290001 4490700 109.675523
20130821 118.379997 118.50 117.220001 117.699997 5648600 109.128486
20130822 117.940002 119.190002 117.43 118.290001 4028600 109.675523
20130823 118.690002 119.730003 118.120003 119.529999 4675900 110.825218
20130826 119.739998 119.919998 118.519997 118.839996 3783400 110.185465
20130827 118.239998 119.669998 118.07 118.809998 5185600 110.157651
20130828 119.459999 122.360001 119.459999 121.809998 7615400 112.939175
20130829 121.150002 121.559998 120.059998 120.370003 5488800 111.604048
20130830 120.519997 120.879997 120.07 120.43 4696100 111.659677
20130903 121.339996 121.480003 120.00 120.550003 4154300 111.77094
20130904 120.349998 121.269997 119.940002 120.860001 3671200 112.058362
20130905 121.080002 121.669998 120.910004 121.370003 3337300 112.531223
20130906 121.529999 122.75 119.010002 121.209999 5690200 112.382872
20130909 121.209999 122.470001 121.209999 122.220001 4482000 113.319321
20130910 122.82 123.010002 121.209999 123.010002 6000800 114.05179
20130911 123.050003 124.00 122.790001 123.919998 4995800 114.895515
20130912 124.050003 124.620003 123.639999 123.889999 4529700 114.867701
20130913 123.980003 124.830002 123.809998 124.139999 3094000 115.099495
20130916 124.980003 125.190002 123.980003 124.080002 4277800 115.043866
20130917 124.099998 125.190002 124.080002 124.339996 5458200 115.284927
20130918 124.360001 126.43 123.82 125.82 6296900 116.657149
20130919 125.860001 126.120003 125.25 125.440002 4440800 116.304825
20130920 125.660004 126.230003 124.739998 124.919998 10264700 115.82269
20130923 124.620003 125.620003 124.57 125.519997 5450600 116.378994
20130924 125.339996 125.839996 124.410004 124.489998 6097900 115.424005
20130925 124.769997 125.029999 124.07 124.07 4498900 115.034593
20130926 124.099998 124.440002 123.019997 123.489998 5022600 114.49683
20130927 123.230003 123.260002 122.510002 122.639999 4518800 113.708732
20130930 121.599998 122.019997 120.50 121.50 6421800 112.651753
20131001 121.269997 121.739998 120.839996 121.32 4702300 112.484862
20131002 121.040001 121.18 119.760002 120.830002 5899800 112.030548
20131003 120.620003 120.660004 117.93 118.25 10203700 109.638435
20131004 118.50 118.540001 117.519997 118.129997 6538500 109.527171
20131007 117.43 118.50 117.209999 117.870003 5677400 109.286111
20131008 117.889999 118.089996 116.709999 116.730003 6744200 108.229132
20131009 116.550003 116.800003 115.32 116.129997 8861700 107.672822
20131010 115.239998 116.379997 114.440002 116.379997 11133000 107.904615
20131011 116.57 117.709999 115.93 117.669998 6535800 109.100672
20131014 117.330002 118.75 116.32 118.580002 4789800 109.944404
20131015 118.559998 119.07 117.769997 118.150002 6414700 109.545719
20131016 119.419998 119.720001 118.339996 119.160004 5614200 110.482168
20131017 119.099998 119.610001 118.669998 119.519997 5254800 110.815944
20131018 119.610001 119.849998 119.129997 119.650002 6231100 110.936481
20131021 119.629997 120.190002 119.309998 119.82 4360700 111.094099
20131022 120.139999 120.790001 119.709999 120.639999 6444900 111.854382
20131023 120.290001 120.639999 119.839996 120.129997 4961900 111.381521
20131024 120.669998 121.00 119.910004 120.559998 4188100 111.780207
20131025 120.589996 121.220001 120.269997 120.589996 4273300 111.808021
20131028 120.559998 121.150002 120.089996 120.910004 5497700 112.104724
20131029 121.330002 122.010002 121.160004 121.50 4241700 112.651753
20131030 121.540001 121.959999 119.910004 120.300003 4999100 111.539146
20131031 120.150002 121.330002 119.830002 119.959999 7752500 111.223903
20131101 119.040001 119.440002 117.00 118.010002 9344200 109.415915
20131104 118.589996 118.599998 117.32 118.099998 6670300 109.499357
20131105 117.599998 118.900002 117.07 118.449997 6623300 109.823867
20131106 119.300003 121.410004 118.82 121.139999 8373200 112.31797
20131107 121.599998 121.879997 119.419998 119.910004 10131200 111.177549
20131108 119.669998 121.209999 119.580002 121.190002 11331000 112.364332
20131111 121.18 121.50 120.709999 121.080002 3427600 112.262342
20131112 121.029999 121.25 119.629997 120.00 6914200 111.260991
20131113 119.580002 120.150002 119.190002 120.089996 6212000 111.344433
20131114 119.580002 119.93 119.32 119.559998 5470900 111.783866
20131115 119.779999 120.269997 119.129997 120.059998 6008000 112.251346
20131118 120.709999 120.889999 120.07 120.559998 4788700 112.718827
20131119 120.550003 122.379997 120.269997 122.059998 5891800 114.121267
20131120 122.160004 122.75 121.599998 122.00 4571300 114.065172
20131121 122.360001 123.599998 122.360001 123.459999 4884300 115.430213
20131122 123.540001 124.190002 122.419998 124.029999 3887400 115.96314
20131125 123.769997 124.099998 123.220001 123.739998 3925300 115.692001
20131126 123.410004 123.699997 122.650002 122.779999 4597500 114.79444
20131127 122.620003 122.739998 121.639999 122.419998 3906700 114.457854
20131129 122.830002 123.300003 122.00 122.440002 3721000 114.476557
20131202 122.870003 123.059998 122.050003 122.339996 5384000 114.383055
20131203 122.309998 122.900002 121.870003 122.519997 5410200 114.551348
20131204 122.099998 122.830002 121.190002 121.769997 4391800 113.850128
20131205 121.269997 122.00 120.709999 121.099998 4706800 113.223706
20131206 122.050003 122.360001 121.650002 122.290001 4179100 114.336311
20131209 122.269997 123.879997 122.160004 123.339996 7706500 115.318015
20131210 123.790001 123.940002 122.699997 123.660004 5602700 115.61721
20131211 123.82 123.889999 121.800003 122.099998 7309900 114.158666
20131212 121.779999 122.099998 120.57 120.989998 7221200 113.12086
20131213 120.440002 121.139999 119.379997 119.900002 5268100 112.101756
20131216 120.459999 120.699997 119.809998 120.220001 7304500 112.400943
20131217 120.120003 120.230003 118.25 118.739998 6824000 111.017199
20131218 119.330002 121.769997 119.209999 121.599998 8206400 113.691186
20131219 121.57 123.400002 121.059998 123.220001 6540600 115.205825
20131220 122.82 123.790001 122.400002 122.779999 9455200 114.79444
20131223 123.410004 123.589996 122.629997 122.800003 4062400 114.813143
20131224 122.769997 123.550003 122.699997 123.510002 1587800 115.476964
20131226 123.599998 124.989998 123.550003 124.809998 3415200 116.692408
20131227 125.00 125.650002 124.690002 125.230003 3455300 117.085097
20131230 124.790001 125.209999 123.900002 124.230003 4688500 116.150137
20131231 124.68 125.169998 123.93 124.910004 3475600 116.78591
20140102 124.459999 124.879997 123.709999 124.139999 4540300 116.065987
20140103 124.599998 124.889999 123.860001 124.349998 3506000 116.262327
20140106 124.589996 124.800003 123.519997 124.019997 4252300 115.953789
20140107 124.419998 125.32 123.650002 125.07 4563300 116.9355
20140108 124.440002 124.459999 122.75 123.290001 8282500 115.271272
20140109 123.419998 123.419998 122.019997 123.290001 5643500 115.271272
20140110 122.50 122.839996 120.370003 121.010002 8127500 113.139563
20140113 120.809998 120.900002 119.010002 119.25 6504200 111.494031
20140114 119.400002 119.75 118.800003 119.57 6904600 111.793218
20140115 119.690002 120.07 119.050003 119.18 5829300 111.428584
20140116 119.110001 119.290001 118.190002 118.830002 5041100 111.101349
20140117 119.029999 120.379997 118.739998 119.290001 7199700 111.53143
20140121 120.739998 120.889999 119.510002 120.360001 5602300 112.531837
20140122 120.510002 120.760002 119.970001 120.43 4977500 112.597284
20140123 119.839996 119.849998 118.260002 118.389999 6205800 110.689964
20140124 117.870003 118.139999 116.260002 116.290001 7094900 108.726549
20140127 116.260002 117.25 115.879997 116.43 6179500 108.857443
20140128 116.720001 117.029999 116.07 116.839996 4303700 109.240773
20140129 116.139999 116.889999 115.709999 116.00 5522100 108.455409
20140130 116.309998 116.959999 115.18 116.449997 5538700 108.876139
20140131 113.900002 113.900002 111.110001 111.629997 15523500 104.36963
20140203 112.349998 112.459999 110.540001 111.139999 11275300 103.911501
20140204 111.860001 112.040001 110.489998 110.830002 9717200 103.621666
20140205 111.00 111.00 109.269997 109.519997 10562900 102.396863
20140206 110.110001 111.349998 109.910004 111.269997 7983300 104.033043
20140207 111.910004 112.120003 110.389999 112.050003 7071800 104.762318
20140210 112.470001 112.470001 111.080002 111.690002 9251300 104.425732
20140211 112.029999 113.870003 111.949997 113.580002 6874700 106.192807
20140212 112.889999 112.889999 111.809998 112.029999 6422100 105.674006
20140213 111.730003 112.739998 111.18 112.510002 5061600 106.126776
20140214 112.580002 113.830002 111.589996 113.480003 6776400 107.041745
20140218 113.860001 114.110001 112.599998 112.709999 6106600 106.315427
20140219 112.550003 115.050003 112.470001 113.599998 7989900 107.154932
20140220 113.510002 115.330002 113.099998 114.599998 8406900 108.098197
20140221 114.720001 114.739998 112.599998 112.68 9221100 106.28713
20140224 113.370003 115.00 113.050003 114.150002 7337900 107.673731
20140225 114.370003 115.440002 114.239998 114.970001 5976100 108.447208
20140226 114.82 115.860001 114.400002 115.510002 6113800 108.956572
20140227 115.660004 115.82 114.559998 115.690002 4922600 109.12636
20140228 115.870003 116.739998 114.809998 115.330002 6944600 108.786784
20140303 114.790001 116.190002 114.260002 114.839996 6046200 108.324579
20140304 115.889999 116.269997 115.260002 115.32 5611500 108.777349
20140305 115.080002 115.260002 114.010002 114.43 6703700 107.937844
20140306 114.709999 115.150002 114.349998 114.849998 5179600 108.334014
20140307 115.07 115.949997 114.639999 115.080002 5055600 108.550968
20140310 115.449997 115.940002 114.120003 115.839996 6203000 109.267844
20140311 115.900002 116.230003 114.239998 114.510002 6274300 108.013307
20140312 114.139999 116.360001 114.129997 115.650002 6812900 109.088629
20140313 115.599998 115.75 114.120003 114.449997 5405100 107.956706
20140314 114.360001 114.900002 113.68 114.099998 6280000 107.626565
20140317 114.260002 115.290001 114.129997 115.07 5894500 108.541533
20140318 115.620003 116.559998 115.199997 116.239998 6329600 109.645152
20140319 115.879997 116.739998 114.660004 115.199997 5569600 108.664155
20140320 114.849998 116.080002 114.32 115.510002 5280600 108.956572
20140321 116.290001 118.00 115.580002 115.629997 14893600 109.069759
20140324 116.00 116.690002 115.650002 115.849998 5386900 109.277279
20140325 116.230003 117.190002 116.209999 117.089996 5573000 110.446926
20140326 117.800003 118.279999 117.360001 117.709999 5971600 111.031753
20140327 117.75 117.989998 116.830002 117.669998 5224600 110.994021
20140328 118.129997 118.550003 117.699997 118.50 5875100 111.776933
20140331 118.790001 119.620003 118.489998 118.910004 5482700 112.163675
20140401 119.150002 119.610001 118.839996 119.00 5391400 112.248566
20140402 118.519997 119.540001 118.519997 119.349998 4505600 112.578707
20140403 119.779999 119.790001 118.889999 119.040001 4446400 112.286297
20140404 119.75 119.75 118.589996 118.800003 5301300 112.059916
20140407 118.32 118.82 117.339996 117.339996 5241300 110.682742
20140408 117.660004 118.309998 117.18 117.800003 4706100 111.11665
20140409 117.830002 119.25 117.589996 119.099998 5376500 112.342891
20140410 117.199997 118.059998 116.550003 116.690002 8769200 110.069625
20140411 116.50 117.730003 116.50 117.029999 7028800 110.390332
20140414 117.839996 118.830002 117.339996 118.699997 6817700 111.965583
20140415 118.709999 120.309998 118.339996 120.300003 7681900 113.474814
20140416 120.900002 122.120003 120.900002 121.830002 7277000 114.918008
20140417 121.720001 123.849998 121.720001 123.68 8604900 116.663048
20140421 123.050003 124.400002 123.050003 124.239998 6351100 117.191274
20140422 123.870003 124.349998 123.610001 124.00 5849200 116.964892
20140423 124.190002 124.959999 124.190002 124.690002 5596300 117.615747
20140424 124.839996 124.919998 124.139999 124.300003 5185300 117.247875
20140425 124.230003 124.699997 123.580002 123.989998 5776300 116.955457
20140428 124.260002 126.059998 124.25 125.730003 7687800 118.596744
20140429 125.919998 127.269997 125.760002 125.970001 6666800 118.823126
20140430 125.760002 125.980003 125.309998 125.519997 6123500 118.398652
20140501 125.660004 125.760002 124.279999 124.940002 6379600 117.851564
20140502 123.900002 125.800003 123.580002 124.720001 5406100 117.644044
20140505 124.82 125.849998 124.339996 125.360001 4224400 118.247733
20140506 125.00 125.690002 124.519997 124.970001 5600000 117.879861
20140507 125.949997 126.779999 125.639999 126.230003 5436000 119.068377
20140508 125.699997 126.129997 124.870003 125.089996 5009800 117.993048
20140509 125.389999 126.07 124.639999 125.029999 4826100 117.936454
20140512 125.57 125.57 124.629997 125.239998 4914700 118.134539
20140513 125.57 125.989998 124.970001 125.849998 4415200 118.709931
20140514 126.139999 126.779999 125.760002 126.419998 4961400 119.247592
20140515 125.169998 125.50 123.550003 123.809998 5939500 117.782564
20140516 123.959999 124.349998 122.889999 123.18 6435100 117.183237
20140519 122.949997 123.419998 122.849998 122.949997 4042300 116.964431
20140520 122.949997 123.099998 122.239998 122.50 4044400 116.536341
20140521 123.00 124.360001 122.940002 124.160004 4758700 118.115531
20140522 124.099998 124.410004 123.559998 123.629997 3262700 117.611327
20140523 124.099998 124.360001 123.330002 123.370003 3808100 117.36399
20140527 123.760002 123.989998 122.75 122.839996 4283300 116.859786
20140528 122.900002 123.309998 122.519997 122.519997 4702900 116.555364
20140529 122.889999 122.900002 121.650002 122.32 6255000 116.365104
20140530 122.239998 122.879997 122.010002 122.790001 5174700 116.812224
20140602 122.93 123.040001 122.010002 122.209999 3689800 116.260458
20140603 122.389999 122.82 121.720001 122.550003 3563800 116.58391
20140604 122.32 122.68 122.00 122.349998 3285500 116.393642
20140605 122.529999 123.779999 122.459999 123.519997 4220600 117.506682
20140606 123.699997 124.699997 123.540001 124.190002 4295400 118.144069
20140609 124.010002 124.639999 123.879997 124.370003 3657700 118.315307
20140610 124.980003 125.370003 124.150002 125.339996 5869400 119.238078
20140611 125.129997 125.470001 124.620003 125.18 4570900 119.085871
20140612 125.730003 126.230003 125.419998 126.110001 6815800 119.970597
20140613 125.940002 127.260002 125.900002 127.260002 5573600 121.064613
20140616 127.150002 128.809998 127.139999 128.539993 7065300 122.28229
20140617 127.900002 129.039993 127.57 128.830002 6720700 122.55818
20140618 128.960007 130.50 128.360001 130.279999 7697700 123.937587
20140619 130.289993 132.00 129.910004 131.990005 7419900 125.564346
20140620 131.949997 132.399994 130.880005 132.339996 11348300 125.897298
20140623 132.520004 133.570007 132.419998 132.979996 11006900 126.50614
20140624 132.740005 133.460007 131.710007 131.770004 8581100 125.355055
20140625 131.339996 132.360001 131.009995 131.229996 6714200 124.841335
20140626 131.210007 131.220001 129.529999 130.919998 6111400 124.546429
20140627 130.729996 130.949997 129.300003 130.360001 8674700 124.013694
20140630 130.149994 130.630005 129.369995 130.550003 5698900 124.194447
20140701 130.940002 131.419998 130.460007 130.539993 4000500 124.184924
20140702 130.529999 130.919998 129.990005 130.229996 5136800 123.890018
20140703 131.440002 131.589996 130.720001 131.190002 3514000 124.803289
20140707 130.440002 130.639999 130.020004 130.470001 3660000 124.11834
20140708 129.699997 130.380005 129.520004 129.899994 4687600 123.576082
20140709 130.270004 131.690002 129.990005 131.389999 5200800 124.993549
20140710 130.479996 130.860001 129.899994 130.25 4404800 123.909049
20140711 129.130005 129.889999 128.029999 128.470001 5242700 122.215705
20140714 128.800003 129.50 128.380005 129.259995 4135800 122.967239
20140715 129.070007 129.50 128.610001 129.259995 4845000 122.967239
20140716 129.889999 130.940002 129.690002 130.889999 4491800 124.517891
20140717 130.639999 131.50 129.880005 130.080002 4953600 123.747326
20140718 130.639999 130.729996 129.580002 130.389999 4339400 124.042232
20140721 130.110001 131.339996 130.009995 131.289993 3714000 124.898412
20140722 131.550003 133.199997 131.550003 132.580002 4391700 126.125619
20140723 132.699997 133.929993 132.479996 133.880005 4589500 127.362334
20140724 134.029999 135.100006 133.690002 134.850006 5337900 128.285113
20140725 134.580002 134.610001 133.059998 133.570007 3702000 127.067428
20140728 133.559998 133.800003 132.889999 133.240005 4625000 126.753492
20140729 132.899994 133.720001 132.419998 132.419998 4189100 125.973405
20140730 132.970001 133.690002 131.50 132.529999 4601800 126.07805
20140731 131.729996 131.970001 129.100006 129.240005 7973700 122.948224
20140801 127.760002 128.960007 126.360001 127.900002 7377800 121.673455
20140804 127.690002 128.360001 126.029999 128.169998 7360000 121.930307
20140805 127.809998 127.809998 124.580002 124.959999 8066700 118.87658
20140806 124.900002 126.970001 124.800003 125.730003 5134900 119.609099
20140807 126.190002 126.730003 124.830002 125.650002 4650700 119.532992
20140808 126.07 127.959999 125.910004 127.860001 4730700 121.635401
20140811 128.160004 128.669998 127.540001 127.709999 3466500 121.492702
20140812 127.139999 127.279999 126.260002 127.089996 4944100 120.902883
20140813 127.639999 128.240005 126.870003 127.599998 3518200 121.388057
20140814 127.68 127.699997 126.529999 126.959999 4524000 120.779215
20140815 126.419998 126.790001 125.68 126.099998 5754300 120.980684
20140818 126.269997 126.589996 125.629997 126.300003 4630000 121.172569
20140819 126.720001 127.699997 126.550003 127.629997 3887800 122.448569
20140820 127.25 127.599998 126.779999 127.489998 3230300 122.314253
20140821 127.68 128.179993 127.18 127.93 2668100 122.736393
20140822 127.019997 127.50 126.470001 127.110001 3236900 121.949683
20140825 127.57 128.070007 127.379997 127.839996 2645700 122.650043
20140826 128.059998 128.710007 127.940002 128.25 2832400 123.043401
20140827 128.410004 128.820007 128.190002 128.639999 2767000 123.417568
20140828 128.279999 128.899994 128.25 128.75 2409000 123.523103
20140829 129.00 129.529999 128.50 129.449997 3519000 124.194682
20140902 129.199997 129.380005 127.059998 127.540001 4744500 122.362226
20140903 128.449997 128.880005 127.669998 127.860001 3846300 122.669235
20140904 128.210007 128.460007 126.199997 126.800003 5191200 121.65227
20140905 127.150002 127.440002 126.160004 127.400002 5035500 122.227911
20140908 126.68 126.75 125.690002 126.209999 4200800 121.086219
20140909 124.489998 125.790001 124.260002 125.18 6721600 120.098035
20140910 124.459999 124.739998 123.010002 124.279999 10941800 119.234571
20140911 123.279999 124.07 122.410004 123.830002 6569600 118.802843
20140912 123.540001 123.660004 122.209999 122.660004 4915600 117.680344
20140915 122.349998 124.779999 122.059998 124.239998 5437600 119.196194
20140916 124.059998 125.68 123.610001 124.959999 6587200 119.886966
20140917 125.129997 125.489998 124.449997 124.720001 4583500 119.656711
20140918 124.849998 125.040001 123.849998 124.139999 4683200 119.100256
20140919 124.940002 125.699997 124.650002 124.800003 10090000 119.733465
20140922 124.599998 124.919998 123.470001 123.489998 5850500 118.476642
20140923 123.529999 123.980003 122.860001 123.059998 5620700 118.064099
20140924 123.07 123.07 120.849998 122.400002 8005900 117.430897
20140925 122.199997 122.610001 120.68 120.68 6466300 115.780723
20140926 120.550003 122.040001 120.019997 121.470001 5500500 116.538652
20140929 120.720001 120.739998 119.139999 120.550003 6791500 115.656003
20140930 120.510002 120.510002 118.660004 119.32 8385700 114.475935
20141001 118.800003 119.349998 117.379997 117.650002 8027900 112.873734
20141002 117.389999 117.900002 116.129997 117.110001 8171200 112.355655
20141003 118.160004 118.160004 116.400002 117.709999 6298300 112.931296
20141006 117.910004 119.050003 117.279999 118.089996 5409500 113.295866
20141007 117.470001 118.43 116.00 116.019997 7303800 111.309903
20141008 115.830002 118.25 115.150002 117.949997 9517400 113.16155
20141009 117.019997 117.080002 114.239998 114.510002 11489200 109.86121
20141010 114.699997 115.730003 112.879997 113.889999 9253100 109.266377
20141013 113.550003 114.589996 111.849998 112.029999 7799100 107.481888
20141014 112.599998 113.050003 109.099998 109.779999 11541500 105.323232
20141015 108.57 109.50 106.650002 109.269997 15278400 104.833934
20141016 107.959999 111.32 107.199997 111.059998 11908400 106.551266
20141017 111.779999 112.739998 110.730003 111.800003 10895500 107.261229
20141020 111.529999 112.279999 110.970001 111.489998 8823800 106.963809
20141021 113.18 115.169998 112.910004 115.089996 8899700 110.417658
20141022 115.199997 116.239998 113.910004 114.00 7211600 109.371912
20141023 116.00 117.32 114.949997 116.190002 7195500 111.473007
20141024 116.190002 116.260002 114.529999 115.910004 5507900 111.204375
20141027 114.379997 115.370003 113.459999 115.019997 6714600 110.3505
20141028 116.169998 117.269997 115.160004 117.129997 7272600 112.37484
20141029 118.00 118.93 116.099998 117.139999 6873700 112.384436
20141030 116.18 117.25 115.57 117.199997 5174300 112.441998
20141031 118.349998 120.169998 116.389999 119.949997 10669500 115.080356
20141103 119.830002 119.970001 116.459999 116.779999 10343300 112.039051
20141104 115.989998 116.019997 114.800003 115.370003 9585800 110.686297
20141105 117.269997 117.300003 114.860001 117.050003 6603300 112.298094
20141106 116.900002 118.550003 116.360001 118.529999 6383800 113.718006
20141107 118.75 119.730003 118.360001 118.800003 7366600 113.977048
20141110 119.580002 119.669998 117.309998 117.919998 6114600 113.132769
20141111 117.949997 118.669998 117.300003 118.440002 3957000 113.631663
20141112 117.860001 118.709999 117.379997 117.650002 4923400 112.873734
20141113 117.089996 117.470001 115.639999 116.449997 11019000 111.722446
20141114 115.699997 116.349998 115.419998 116.32 4891600 112.632654
20141117 115.959999 116.150002 115.269997 115.75 5713700 112.080723
20141118 115.970001 116.629997 115.25 115.470001 5672800 111.8096
20141119 115.970001 116.68 115.07 116.470001 4270300 112.7779
20141120 116.160004 117.470001 116.160004 117.309998 5263000 113.591269
20141121 118.790001 118.910004 117.730003 118.580002 7361400 114.821014
20141124 118.129997 118.580002 117.150002 117.589996 5807300 113.862392
20141125 117.800003 117.82 115.629997 116.150002 6665000 112.468045
20141126 116.07 116.349998 115.019997 115.110001 6715100 111.461012
20141128 111.589996 111.690002 108.43 108.870003 11935600 105.418822
20141201 109.379997 112.489998 108.68 111.730003 13400100 108.188161
20141202 111.269997 114.559998 110.889999 114.019997 8513500 110.405561
20141203 114.739998 114.82 113.150002 113.709999 8049800 110.10539
20141204 113.080002 113.080002 111.010002 112.279999 8100700 108.720721
20141205 111.790001 112.290001 110.709999 110.870003 7663400 107.355422
20141208 109.889999 109.940002 106.410004 106.800003 13809000 103.414441
20141209 106.169998 108.150002 106.129997 107.010002 11053000 103.617783
20141210 106.220001 106.25 103.07 104.860001 15073400 101.535937
20141211 104.970001 107.269997 104.300003 104.910004 10293600 101.584355
20141212 103.760002 104.349998 102.370003 102.379997 12013600 99.13455
20141215 103.129997 103.910004 100.419998 100.860001 13144200 97.662737
20141216 100.50 104.470001 100.150002 101.699997 12722200 98.476106
20141217 102.18 106.589996 102.010002 106.019997 13354000 102.659161
20141218 108.010002 109.029999 105.489998 109.029999 13533000 105.573746
20141219 109.529999 112.959999 108.50 112.93 15723300 109.350118
20141222 112.360001 112.989998 111.07 112.029999 9433500 108.478646
20141223 112.760002 114.449997 112.32 113.949997 8092000 110.33778
20141224 113.660004 114.139999 112.07 113.470001 4536500 109.873
20141226 113.93 114.349998 112.82 113.25 4380400 109.659973
20141229 113.440002 114.379997 112.779999 113.32 6043000 109.727754
20141230 112.93 113.650002 112.150002 113.110001 5659500 109.524412
20141231 111.650002 113.309998 111.529999 112.18 6411800 108.623893
20150102 111.629997 113.00 110.849998 112.580002 5898800 109.011214
20150105 110.959999 111.199997 107.440002 108.080002 11758100 104.653864
20150106 107.870003 109.019997 106.480003 108.029999 11591600 104.605446
20150107 109.25 109.730003 107.510002 107.940002 10353800 104.518303
20150108 109.190002 110.440002 108.599998 110.410004 8650800 106.910005
20150109 110.139999 110.220001 107.669998 108.209999 9584500 104.77974
20150112 107.470001 107.470001 105.559998 105.879997 8912300 102.5236
20150113 106.919998 107.660004 103.190002 104.199997 13277700 100.896855
20150114 103.199997 104.410004 101.830002 103.900002 14116900 100.60637
20150115 103.900002 104.940002 102.529999 102.669998 9664600 99.415358
20150116 102.470001 105.139999 102.470001 105.120003 12604600 101.787697
20150120 104.559998 106.580002 103.809998 106.470001 10406800 103.094901
20150121 106.790001 108.269997 106.349998 108.160004 8271000 104.73133
20150122 108.760002 109.120003 106.989998 108.919998 7471100 105.467233
20150123 108.220001 108.75 106.730003 106.849998 7984400 103.462852
20150126 107.220001 109.349998 106.32 108.879997 7670500 105.4285
20150127 108.110001 108.809998 107.629997 108.260002 6388700 104.828158
20150128 108.160004 108.169998 103.419998 103.709999 10526500 100.422391
20150129 104.239998 104.629997 101.660004 103.00 13994400 99.734898
20150130 101.599998 103.279999 98.879997 102.529999 20584700 99.279796
20150202 103.980003 106.129997 102.970001 106.059998 11537600 102.697894
20150203 107.699997 110.110001 107.669998 109.529999 14266700 106.057896
20150204 108.489998 109.279999 107.389999 108.349998 10176000 104.915302
20150205 109.57 110.110001 108.57 109.309998 7533300 105.844869
20150206 109.660004 110.459999 109.110001 109.610001 7579100 106.135362
20150209 109.839996 111.50 109.650002 110.43 6403000 106.929368
20150210 110.519997 110.620003 108.089996 110.18 7033700 106.687293
20150211 108.980003 110.18 108.290001 109.980003 8662000 106.493636
20150212 110.279999 111.050003 109.82 110.860001 6618000 108.40037
20150213 111.349998 112.839996 111.099998 112.779999 7494400 110.27777
20150217 112.309998 112.93 111.519997 112.400002 7097300 109.906203
20150218 111.25 111.650002 110.370003 110.440002 6920300 107.98969
20150219 108.199997 109.580002 107.239998 108.349998 9721100 105.946057
20150220 108.43 108.870003 107.50 108.599998 7610600 106.19051
20150223 107.790001 108.50 107.349998 107.860001 6724000 105.466931
20150224 107.889999 108.239998 107.339996 107.959999 5708400 105.56471
20150225 108.120003 108.779999 107.760002 108.580002 4806500 106.170957
20150226 107.889999 107.919998 106.599998 107.059998 5903100 104.684677
20150227 107.519997 107.730003 106.57 106.68 6396500 104.313111
20150302 106.32 106.339996 104.93 105.900002 7343700 103.550418
20150303 105.879997 106.220001 104.809998 105.160004 6901200 102.826838
20150304 105.639999 105.639999 104.440002 105.160004 5784900 102.826838
20150305 105.010002 105.309998 104.330002 104.730003 5156900 102.406378
20150306 104.220001 104.519997 103.169998 103.550003 7213300 101.252558
20150309 103.599998 105.629997 103.50 103.949997 7506200 101.643678
20150310 103.790001 104.550003 102.330002 102.910004 10679000 100.626758
20150311 103.519997 103.889999 102.449997 103.540001 8440700 101.242778
20150312 104.220001 104.510002 102.300003 102.419998 5900600 100.147625
20150313 101.839996 101.839996 100.660004 101.620003 8345200 99.365378
20150316 101.440002 103.269997 101.00 103.129997 6780200 100.841871
20150317 102.300003 103.550003 102.099998 103.169998 7097500 100.880984
20150318 102.610001 106.879997 102.370003 106.699997 11059700 104.332664
20150319 105.099998 105.400002 104.650002 104.75 7841900 102.425931
20150320 105.290001 107.260002 105.110001 107.029999 14064900 104.655344
20150323 107.510002 107.690002 105.919998 105.919998 6807700 103.569971
20150324 105.919998 106.190002 104.160004 104.199997 6677800 101.888131
20150325 104.660004 106.199997 104.330002 105.669998 9169400 103.325517
20150326 106.279999 106.519997 104.160004 105.25 7276900 102.914838
20150327 104.989998 104.989998 103.669998 104.279999 5830300 101.966358
20150330 104.970001 107.209999 104.970001 106.900002 7172400 104.528231
20150331 105.620003 106.07 104.879997 104.980003 7254100 102.650831
20150401 105.769997 106.220001 104.50 104.790001 7347200 102.465044
20150402 104.449997 105.68 104.080002 105.279999 5123900 102.944171
20150406 106.029999 107.860001 105.220001 106.919998 6724000 104.547784
20150407 106.970001 109.089996 106.620003 108.540001 8536000 106.131844
20150408 108.860001 108.919998 106.519997 106.660004 7894800 104.293558
20150409 106.800003 107.239998 106.18 106.949997 5760500 104.577117
20150410 107.470001 107.660004 106.809998 106.910004 5012200 104.538011
20150413 107.349998 107.900002 106.440002 106.50 4307200 104.137104
20150414 107.699997 109.089996 107.260002 108.839996 7262700 106.425183
20150415 109.589996 110.690002 109.379997 110.410004 6704000 107.960357
20150416 109.900002 110.940002 109.00 110.160004 5904200 107.715904
20150417 109.360001 109.690002 108.260002 109.110001 6548700 106.689197
20150420 109.57 111.709999 109.550003 110.290001 7148800 107.843017
20150421 110.050003 110.739998 109.309998 109.730003 5674900 107.295444
20150422 110.050003 110.440002 109.209999 109.50 5643100 107.070544
20150423 110.00 110.650002 109.599998 109.970001 6940000 107.530117
20150424 109.669998 110.040001 109.029999 109.870003 4995000 107.432337
20150427 110.339996 110.739998 109.540001 109.699997 4858700 107.266103
20150428 110.050003 111.239998 109.650002 111.120003 5321600 108.654604
20150429 110.82 111.989998 110.68 111.730003 5665800 109.25107
20150430 112.040001 112.199997 110.440002 111.059998 6666800 108.59593
20150501 110.279999 110.800003 108.339996 109.040001 10362700 106.620751
20150504 109.379997 109.410004 107.989998 108.32 7660100 105.916724
20150505 109.239998 109.93 108.00 108.00 6463300 105.603824
20150506 109.239998 109.529999 107.300003 107.949997 5820400 105.55493
20150507 107.690002 108.199997 106.690002 107.57 5798300 105.183364
20150508 108.290001 108.800003 107.400002 108.650002 7078900 106.239404
20150511 108.650002 108.690002 107.300003 107.360001 6003600 104.978024
20150512 107.440002 108.00 107.099998 107.559998 5026500 105.173584
20150513 107.980003 108.470001 107.300003 107.699997 5517600 105.310477
20150514 108.019997 109.300003 108.019997 108.449997 9751700 106.043837
20150515 107.209999 108.330002 106.940002 108.029999 5641600 106.685749
20150518 107.50 107.510002 106.580002 106.650002 6390600 105.322923
20150519 106.050003 106.309998 105.00 105.019997 7927600 103.713201
20150520 105.419998 105.900002 104.760002 105.25 6521200 103.940342
20150521 105.970001 106.269997 105.300003 105.489998 6549300 104.177354
20150522 105.089996 105.550003 104.860001 104.889999 4717200 103.584821
20150526 104.220001 104.440002 102.93 103.290001 8010200 102.004732
20150527 103.199997 103.779999 102.730003 103.110001 5857500 101.826972
20150528 102.959999 103.419998 102.379997 103.239998 5099900 101.955351
20150529 103.139999 103.57 102.669998 103.00 6673400 101.71834
20150601 103.470001 103.75 102.489998 102.629997 5412400 101.352941
20150602 102.650002 103.110001 102.110001 102.580002 5040000 101.303568
20150603 102.400002 103.379997 102.120003 102.169998 5175700 100.898666
20150604 101.889999 102.370003 100.980003 101.389999 6896400 100.128373
20150605 101.18 103.099998 100.989998 101.589996 6080900 100.325881
20150608 101.290001 101.389999 99.949997 100.419998 8213900 99.170442
20150609 100.699997 101.25 100.220001 100.419998 7157000 99.170442
20150610 102.519997 102.580002 101.519997 101.830002 7588400 100.5629
20150611 101.870003 102.199997 100.940002 101.120003 5582900 99.861736
20150612 100.519997 100.690002 99.629997 99.870003 6475500 98.62729
20150615 99.449997 100.059998 99.129997 99.290001 6178100 98.054505
20150616 99.199997 100.449997 98.809998 100.040001 8763700 98.795173
20150617 100.830002 101.169998 99.519997 99.760002 8231100 98.518658
20150618 100.260002 100.900002 100.150002 100.25 7168000 99.002559
20150619 99.720001 100.169998 99.459999 99.470001 10512000 98.232266
20150622 99.830002 100.370003 99.370003 100.290001 6416100 99.042062
20150623 99.959999 100.43 99.540001 100.089996 5697900 98.844546
20150624 99.980003 100.68 99.269997 99.269997 7451900 98.03475
20150625 99.449997 99.660004 98.290001 98.339996 6062800 97.116322
20150626 98.239998 98.690002 97.809998 98.599998 10015500 97.373089
20150629 97.50 97.959999 96.599998 96.690002 8764600 95.486859
20150630 97.449997 97.660004 96.220001 96.470001 9925400 95.269596
20150701 96.300003 96.620003 95.550003 96.089996 7295300 94.894319
20150702 96.360001 96.669998 95.720001 95.870003 6419100 94.677063
20150706 95.059998 95.559998 94.480003 94.769997 8341600 93.590745
20150707 94.410004 95.480003 93.50 95.269997 11774900 94.084523
20150708 94.589996 95.089996 93.260002 93.559998 7719100 92.395802
20150709 94.900002 95.209999 93.760002 93.779999 7909000 92.613066
20150710 94.529999 94.949997 94.07 94.410004 5631900 93.235231
20150713 94.309998 94.889999 94.150002 94.599998 5038800 93.422862
20150714 94.400002 95.790001 94.389999 95.550003 5218600 94.361045
20150715 95.040001 95.699997 93.889999 94.239998 6490400 93.067341
20150716 94.279999 94.730003 93.900002 94.480003 6422700 93.30436
20150717 94.230003 94.389999 92.900002 93.150002 8214200 91.990908
20150720 93.300003 93.489998 92.589996 92.940002 6006900 91.783522
20150721 93.00 94.139999 93.00 93.900002 7043100 92.731575
20150722 93.510002 94.330002 93.290001 93.510002 9327500 92.346429
20150723 93.57 94.07 92.699997 92.940002 7360700 91.783522
20150724 92.779999 92.779999 90.349998 90.599998 11158400 89.472635
20150727 89.860001 90.089996 88.739998 89.139999 10342700 88.030803
20150728 89.449997 92.690002 89.43 92.400002 11536900 91.25024
20150729 91.980003 93.400002 91.440002 93.25 9821500 92.089662
20150730 93.449997 93.809998 92.75 93.029999 6435700 91.872398
20150731 91.519997 91.75 88.010002 88.480003 19063400 87.37902
20150803 87.279999 87.330002 85.32 85.599998 14142200 84.534852
20150804 85.739998 86.900002 84.68 85.209999 8537200 84.149705
20150805 85.440002 86.00 83.870003 84.029999 11254600 82.984388
20150806 83.559998 85.580002 82.889999 85.190002 9805000 84.129957
20150807 84.709999 85.260002 83.43 83.75 7422000 82.707873
20150810 84.199997 86.099998 83.879997 85.889999 8342000 84.821244
20150811 84.379997 85.980003 83.599998 85.779999 9797400 84.712612
20150812 85.00 87.110001 84.919998 86.790001 11316300 85.710047
20150813 86.029999 86.339996 85.449997 85.849998 9562400 84.781741
20150814 85.779999 86.419998 85.290001 85.989998 7748900 84.919998
20150817 84.459999 84.510002 83.110001 83.230003 12584400 83.230003
20150818 83.080002 83.769997 82.82 83.440002 9090300 83.440002
20150819 82.870003 82.910004 80.669998 80.910004 13009800 80.910004
20150820 80.660004 81.290001 79.239998 79.239998 11819100 79.239998
20150821 78.870003 79.589996 75.709999 75.760002 18329500 75.760002
20150824 70.550003 75.379997 69.580002 72.120003 23786300 72.120003
20150825 74.93 75.019997 69.839996 70.019997 20850600 70.019997
20150826 71.720001 73.099998 70.949997 73.089996 17179000 73.089996
20150827 75.00 78.120003 74.559998 77.639999 21126000 77.639999
20150828 77.720001 81.199997 77.580002 80.43 23606200 80.43
20150831 80.010002 81.080002 77.919998 80.989998 16861300 80.989998
20150901 78.760002 79.389999 77.519997 78.190002 17922500 78.190002
20150902 79.75 79.75 77.230003 78.059998 14217600 78.059998
20150903 78.699997 79.419998 77.690002 78.260002 12257600 78.260002
20150904 77.300003 77.629997 76.449997 76.669998 11207100 76.669998
20150908 77.529999 77.559998 76.239998 76.839996 9191200 76.839996
20150909 77.43 78.199997 74.75 74.919998 11243000 74.919998
20150910 75.730003 75.800003 74.309998 75.660004 11465900 75.660004
20150911 75.940002 76.25 75.089996 75.790001 11005500 75.790001
20150914 75.519997 76.00 74.959999 75.769997 10193500 75.769997
20150915 76.43 77.690002 76.209999 77.169998 11609500 77.169998
20150916 77.82 79.209999 77.769997 79.019997 12499100 79.019997
20150917 79.120003 80.470001 78.599998 79.410004 12225600 79.410004
20150918 77.910004 78.699997 76.970001 77.739998 18337200 77.739998
20150921 78.300003 78.730003 77.839996 78.089996 8173600 78.089996
20150922 76.839996 77.690002 76.489998 77.25 9661400 77.25
20150923 77.400002 77.529999 75.760002 76.120003 9038400 76.120003
20150924 75.449997 77.309998 75.099998 76.889999 10173800 76.889999
20150925 77.870003 78.160004 76.919998 77.699997 10840300 77.699997
