20130102 45.949998 46.279996 45.549997 45.869998 7251300 40.236449
20130103 46.249998 46.299996 45.110001 45.290001 7213500 39.727685
20130104 45.389997 45.82 45.339999 45.729998 5519800 40.113643
20130107 45.630002 45.88 45.409997 45.80 4544100 40.175048
20130108 46.02 46.150002 45.470001 46.049998 5390200 40.394343
20130109 46.18 46.469999 46.099996 46.439997 5297100 40.736443
20130110 46.639997 46.769999 45.669998 46.20 6297900 40.525922
20130111 46.24 46.299996 45.669998 46.150002 5272700 40.482065
20130114 46.469999 46.689999 46.209998 46.269998 5583200 40.587324
20130115 46.169998 46.429999 46.109998 46.249998 3930800 40.56978
20130116 45.990002 46.029998 45.619999 45.970002 5723900 40.324171
20130117 46.269998 46.489999 46.189998 46.36 5111800 40.666272
20130118 46.500001 47.019997 46.400001 46.989999 9073200 41.218897
20130122 47.200002 47.950001 46.869999 47.819998 10603500 41.94696
20130123 47.55 47.939999 47.319998 47.499998 8035900 41.66626
20130124 47.61 48.369997 47.61 48.069997 7252600 42.166254
20130125 48.189997 48.399999 47.930001 48.330001 5811000 42.394326
20130128 48.259999 48.319999 47.869996 48.150001 5534900 42.236433
20130129 48.009997 48.199999 47.919998 47.959999 4991000 42.069766
20130130 47.839998 48.090001 47.519998 47.63 7277100 41.780296
20130131 47.49 47.879998 47.25 47.45 6177000 41.622403
20130201 47.679998 48.079999 47.43 47.979999 5448600 42.087309
20130204 47.599998 47.799998 47.39 47.439998 4347800 41.613629
20130205 47.719998 47.899998 47.55 47.599998 4063800 41.753979
20130206 47.479998 47.619998 47.299998 47.439998 4507100 41.613629
20130207 47.439998 47.49 46.819997 47.29 5154500 41.482053
20130208 47.479998 47.59 47.339998 47.499998 11904400 41.66626
20130211 47.499998 47.799998 47.439998 47.759998 10082400 41.894328
20130212 47.539998 47.999999 47.499998 47.979999 7442200 42.087309
20130213 47.63 47.930001 47.499998 47.580002 4610700 42.11387
20130214 47.459998 47.509996 47.129999 47.23 5071700 41.804077
20130215 47.439998 47.479998 46.569999 46.939997 7712500 41.547391
20130219 47.109999 47.349996 47.060001 47.179998 5228600 41.759819
20130220 47.23 47.23 46.36 46.540001 8400300 41.193347
20130221 46.400001 46.680001 46.02 46.520001 7714600 41.175645
20130222 46.709999 47.369996 46.599997 47.240002 6970200 41.81293
20130225 47.419998 47.669996 46.429999 46.429999 6661600 41.095982
20130226 46.489999 47.060001 46.479997 46.969999 5460600 41.573946
20130227 46.900001 47.689996 46.869999 47.509996 5051100 42.051907
20130228 47.599998 48.219999 47.45 47.899998 7043800 42.397104
20130301 47.560002 48.279999 47.279998 48.090001 7116200 42.565279
20130304 48.019999 48.399999 47.759998 48.310001 4391200 42.760005
20130305 48.72 49.06 48.559999 48.679999 5342700 43.087497
20130306 48.990002 49.06 48.549997 48.74 4613200 43.140604
20130307 48.810002 48.970002 48.619999 48.679999 4090400 43.087497
20130308 49.00 49.249998 48.98 49.150002 4944900 43.503504
20130311 49.22 49.439996 48.990002 49.330002 3536800 43.662825
20130312 49.189998 49.809999 49.14 49.709999 5927300 43.999167
20130313 49.700001 49.900001 49.459996 49.589999 5370000 43.892952
20130314 49.779997 49.989999 49.689999 49.919997 4783400 44.18504
20130315 49.939997 50.200001 49.639997 49.900001 8716900 44.167341
20130318 49.36 49.880001 49.229998 49.709999 6083200 43.999167
20130319 49.759997 49.949999 49.289998 49.649999 7470700 43.94606
20130320 49.759997 49.949999 49.540001 49.839997 5878300 44.11423
20130321 49.549999 49.740001 49.259996 49.36 4771800 43.689377
20130322 49.520001 49.779997 49.129998 49.269998 5218700 43.609715
20130325 49.279996 49.500001 48.86 49.109998 5925000 43.468096
20130326 49.089998 49.20 48.519999 48.970002 5576300 43.344183
20130327 48.769998 49.08 48.559999 48.889998 5157600 43.27337
20130328 48.90 49.32 48.90 49.16 4972400 43.512353
20130401 48.88 49.20 48.80 49.009998 4864100 43.379584
20130402 49.32 49.32 48.849998 49.029998 6000300 43.397286
20130403 48.939996 49.150002 48.549997 48.790002 6843300 43.184861
20130404 48.88 49.249998 48.559999 49.04 6120200 43.406139
20130405 48.499999 48.790002 48.299999 48.689997 6239600 43.096346
20130408 48.669997 48.849998 48.209997 48.80 5541300 43.193711
20130409 48.909998 49.419996 48.749998 49.229998 5685300 43.57431
20130410 49.409998 49.849999 49.289998 49.740001 7308300 44.025722
20130411 49.779997 50.47 49.759997 50.29 8556500 44.512535
20130412 50.149999 50.279998 49.32 49.819997 6260100 44.096528
20130415 49.540001 49.720001 48.74 48.779996 8931400 43.176005
20130416 49.229998 49.789999 49.22 49.599997 6506400 43.901802
20130417 49.22 49.279996 48.589997 49.150002 6183300 43.503504
20130418 49.229998 49.540001 48.229997 48.589997 8909300 43.007834
20130419 48.90 49.299996 48.74 49.189998 10896500 43.538905
20130422 49.409998 50.740002 49.279996 50.41 15564900 44.618749
20130423 50.699998 52.540001 50.109999 52.489998 15801200 46.459792
20130424 52.50 52.949999 52.249998 52.749999 8271000 46.689922
20130425 52.749999 53.519998 52.609999 53.29 9382500 47.167886
20130426 53.109999 53.169995 52.560001 52.900001 5987900 46.822692
20130429 53.069999 54.110001 52.929999 54.099999 8025100 47.88483
20130430 53.999998 54.729997 53.81 54.509997 9577400 48.247727
20130501 54.119999 54.349997 53.299998 53.369996 7808000 47.238692
20130502 53.169995 53.979998 52.569999 53.509996 7601900 47.362609
20130503 54.139999 54.439999 53.899998 53.939998 5649000 47.743211
20130506 53.93 54.159999 53.73 53.889996 3424500 47.698954
20130507 54.009996 54.830002 53.999998 54.650001 5951100 48.371647
20130508 54.569997 54.84 54.359999 54.699999 5075400 48.415901
20130509 54.719999 55.469998 54.639999 55.38 23270900 49.017781
20130510 55.14 55.700001 55.00 55.459996 22986400 49.088587
20130513 55.00 55.00 54.429997 54.450001 6318800 48.58887
20130514 54.499999 55.249998 54.419995 55.16 6263500 49.222443
20130515 55.009998 55.639997 54.970002 55.549998 4752600 49.570461
20130516 55.509998 55.809999 55.249998 55.489998 4978500 49.516919
20130517 55.639997 55.949999 55.249998 55.889999 5089000 49.873863
20130520 55.880001 56.289999 55.659997 55.929999 4198900 49.909557
20130521 56.069999 56.479998 55.829999 56.380002 5246600 50.31112
20130522 56.289999 56.779998 55.330002 55.569998 6829400 49.588308
20130523 54.379999 55.549998 53.81 55.349998 7094400 49.391989
20130524 55.069998 55.479996 54.559999 55.349998 3237400 49.391989
20130528 55.999997 56.169995 55.649999 55.889999 5392100 49.873863
20130529 55.599997 56.220001 55.330002 56.019997 4785100 49.989867
20130530 56.080001 56.63 55.789999 56.299997 3964100 50.239728
20130531 56.060001 57.249997 55.789999 55.789999 6168100 49.784627
20130603 55.839997 56.149999 55.419996 56.129999 4665400 50.088029
20130604 56.129999 56.47 55.389998 55.789999 3853800 49.784627
20130605 55.619997 55.779997 54.459999 54.610001 7309500 48.731647
20130606 54.659999 54.84 53.879998 54.790001 4277700 48.892272
20130607 55.18 55.720001 54.929998 55.439996 3833700 49.472299
20130610 55.659997 55.720001 54.949998 55.52 4647100 49.543692
20130611 54.98 55.36 54.509997 54.849998 4102000 48.94581
20130612 55.429998 55.639997 54.179999 54.229997 5020600 48.392547
20130613 53.459998 54.490001 53.359998 53.879998 10617300 48.080223
20130614 53.089999 53.699998 52.16 52.680001 11879700 47.009396
20130617 52.979997 53.939998 52.969999 53.699998 7871800 47.919599
20130618 53.97 54.069997 53.699998 54.019998 5614200 48.205154
20130619 53.97 54.299999 53.459998 53.47 6717100 47.714358
20130620 52.759997 53.129999 52.36 52.589999 9391300 46.929082
20130621 53.049999 53.129999 52.279996 52.909999 12803600 47.214637
20130624 52.520001 53.009995 52.02 52.659997 8370400 46.991546
20130625 53.099997 53.119997 52.389998 52.880001 5125700 47.187868
20130626 53.259997 53.669996 52.729999 53.529996 4943800 47.767896
20130627 53.849996 54.099999 53.39 53.57 4406400 47.803594
20130628 53.47 53.539998 52.489998 52.50 8161300 46.848772
20130701 52.24 53.319998 52.04 52.720001 4574900 47.045091
20130702 52.689999 53.040001 52.279996 52.540001 3704900 46.884466
20130703 52.569999 52.589999 52.189998 52.40 2414700 46.759536
20130705 52.639997 53.049999 52.459996 52.999997 3626800 47.294948
20130708 53.49 53.869996 53.419998 53.759998 3392800 47.97314
20130709 53.889996 53.999998 53.61 53.91 4855600 48.106996
20130710 53.97 54.179999 53.63 53.919998 4533700 48.115918
20130711 54.619999 54.790001 54.130001 54.539999 4565800 48.66918
20130712 54.569997 54.619999 54.059999 54.409997 3446000 48.553172
20130715 54.470001 54.830002 54.359999 54.630001 3074700 48.749494
20130716 54.679999 54.739999 54.099999 54.379999 3618400 48.526403
20130717 54.709997 57.679999 54.679999 57.249997 18253000 51.087467
20130718 56.939998 57.879999 56.93 57.470001 10968800 51.283789
20130719 57.389997 57.389997 56.899998 57.139999 5808900 50.989309
20130722 56.979998 57.450001 56.91 57.169997 5745000 51.016078
20130723 59.719998 60.399999 56.999998 57.119998 15577500 50.971462
20130724 56.93 57.499999 56.499998 57.379999 6427700 51.203475
20130725 57.029996 57.689997 57.009996 57.589997 4355300 51.390869
20130726 57.389997 57.679999 57.11 57.659999 3947000 51.453336
20130729 57.330001 57.659999 57.119998 57.539999 3365700 51.346253
20130730 57.709997 57.810001 57.159999 57.679999 4537200 51.471183
20130731 57.849997 58.740001 57.610001 57.689997 6229300 51.480105
20130801 58.229998 58.609998 58.099996 58.449998 4707500 52.158297
20130802 59.839998 60.179998 59.339997 59.919998 12654800 53.470063
20130805 59.719998 59.95 59.299997 59.59 5077000 53.175586
20130806 59.580002 59.73 59.040001 59.200001 4117800 52.827568
20130807 59.139997 59.779998 59.049999 59.599998 4289600 53.184508
20130808 59.91 60.15 59.309999 59.759998 4075700 53.327285
20130809 59.659998 59.979998 59.289999 59.740002 3690000 53.309442
20130812 59.560002 59.979998 59.289999 59.879998 4916800 53.434369
20130813 59.849996 59.97 59.060001 59.709996 4103400 53.686116
20130814 59.73 59.83 59.200001 59.369999 3898600 53.380421
20130815 58.889999 58.929999 58.369998 58.740001 4181700 52.81398
20130816 58.659996 58.849999 58.16 58.279996 3951000 52.400383
20130819 58.129998 58.299996 57.470001 57.529997 3852900 51.726048
20130820 57.419995 57.810001 57.310001 57.529997 2859000 51.726048
20130821 57.399999 57.619999 57.059998 57.150001 3072900 51.384388
20130822 57.319999 57.639999 57.169997 57.549997 2066900 51.74403
20130823 57.559999 58.00 57.339999 57.90 2816200 52.058723
20130826 57.849997 58.16 57.549997 57.569997 2781300 51.762013
20130827 56.919998 57.239999 56.639998 56.75 3196400 51.024741
20130828 56.580002 56.939998 56.259997 56.79 4018500 51.060706
20130829 56.639998 56.919998 56.499998 56.659998 2532100 50.943819
20130830 56.689996 56.859998 56.45 56.619998 3341800 50.907855
20130903 57.069996 57.330001 56.089999 56.39 4132700 50.70106
20130904 56.229999 57.549997 56.229999 57.229997 4303000 51.456313
20130905 57.650001 57.859999 57.199999 57.610001 3168200 51.797981
20130906 57.699999 57.990002 56.529996 57.11 5453400 51.348423
20130909 57.349997 57.830001 57.349997 57.499999 3868700 51.699076
20130910 57.96 58.439996 57.650001 58.04 4021100 52.184599
20130911 58.20 58.829999 58.089998 58.829999 3288800 52.894898
20130912 58.929999 58.959997 57.659999 58.06 4741100 52.202581
20130913 58.24 59.019997 58.169998 58.880001 3477100 52.939856
20130916 59.740002 59.839998 59.240001 59.699998 4508000 53.677127
20130917 59.639998 59.919998 59.289999 59.619998 4549100 53.605198
20130918 59.479998 60.569997 59.119997 60.439999 5670600 54.342472
20130919 60.439999 60.859999 60.270001 60.330001 3466300 54.243572
20130920 60.379999 60.739999 59.419997 59.419997 9469100 53.425375
20130923 59.49 59.879998 59.249999 59.409999 2514700 53.416385
20130924 59.409999 59.91 59.179997 59.319997 2629200 53.335463
20130925 59.229999 59.73 59.200001 59.319997 2666900 53.335463
20130926 59.319997 59.79 59.220001 59.509996 2812800 53.506293
20130927 59.229999 59.380001 58.939997 59.009995 2486100 53.056735
20130930 58.369998 58.880001 58.24 58.56 3257900 52.652139
20131001 58.569998 58.709999 58.20 58.689999 2762200 52.769022
20131002 58.34 59.040001 58.289998 58.989999 3485200 53.038757
20131003 58.700001 58.880001 57.719999 57.759995 4372100 51.932843
20131004 57.749997 58.720001 57.499999 58.649998 2363800 52.733057
20131007 58.099996 58.749999 57.889997 58.109998 2769000 52.247535
20131008 58.00 58.00 57.039998 57.069996 3818800 51.312455
20131009 57.139999 57.169997 56.459998 56.939998 4266800 51.195572
20131010 57.579999 58.330002 57.409997 58.289998 3233100 52.409376
20131011 58.36 58.479996 57.470001 57.929998 4694100 52.085694
20131014 57.479999 58.429998 57.479999 58.36 3467700 52.472316
20131015 58.20 58.700001 58.029998 58.14 3338500 52.27451
20131016 58.569998 59.279997 58.299996 59.060001 3298200 53.101697
20131017 59.109999 59.659998 58.869999 59.639998 2717800 53.62318
20131018 59.819998 59.869996 59.329999 59.619998 3890000 53.605198
20131021 59.459998 59.619998 59.119997 59.459998 3181000 53.461339
20131022 59.819998 60.379999 59.329999 60.169996 6020500 54.099709
20131023 60.399999 60.549997 59.899998 60.219999 4205900 54.144667
20131024 60.229997 61.58 59.999998 61.38 7052300 55.187641
20131025 62.57 62.689996 61.419996 61.900001 9290900 55.655181
20131028 61.889999 61.900001 61.330002 61.56 3908300 55.349482
20131029 61.599996 61.740001 61.330002 61.479996 3473100 55.277549
20131030 61.459996 61.720001 60.659999 61.02 3921800 54.86396
20131031 61.00 61.829999 60.909997 61.20 4580700 55.0258
20131101 61.14 61.569998 60.839999 61.089998 4337000 54.926896
20131104 60.229997 60.749997 59.709996 60.310001 13389900 54.225589
20131105 59.83 60.399999 59.759998 60.299999 5580600 54.216596
20131106 60.439999 60.830001 60.199999 60.769997 3593000 54.639179
20131107 61.049998 61.459996 60.709997 60.849997 5742500 54.711108
20131108 60.779995 61.999997 60.619999 61.999997 5266800 55.745089
20131111 61.939997 62.089999 61.740001 62.089999 3019900 55.826011
20131112 61.969999 62.339997 61.769999 62.049999 5160200 55.790047
20131113 61.369998 61.54 60.369997 60.939995 7047200 55.192294
20131114 61.68 61.799997 61.279996 61.789999 5411900 55.962127
20131115 61.789999 62.119997 61.569998 62.109999 7715900 56.251946
20131118 62.089999 62.240001 61.619996 61.70 4688700 55.880618
20131119 61.729999 61.819997 61.269998 61.489998 3804200 55.690422
20131120 61.599996 61.599996 60.589997 60.790001 4122700 55.056447
20131121 61.029998 61.609998 60.970002 61.599996 3015300 55.790046
20131122 61.58 61.720001 61.279996 61.70 3125800 55.880618
20131125 61.999997 62.189995 61.38 61.58 3972000 55.771936
20131126 61.609998 61.740001 61.16 61.32 2261700 55.536458
20131127 61.50 61.809999 61.299996 61.54 1682900 55.735708
20131129 61.589998 61.799997 61.34 61.38 1422400 55.590799
20131202 61.759997 62.240001 61.589998 61.740001 2986900 55.916845
20131203 61.449998 61.50 60.319999 60.499999 5284100 54.793797
20131204 60.199999 60.599995 59.879998 60.259999 3504400 54.576433
20131205 60.159998 60.559999 59.97 60.11 2659200 54.440582
20131206 60.619999 61.369998 60.579999 61.34 2843700 55.554572
20131209 61.479996 61.599996 61.089998 61.389998 2540200 55.599854
20131210 61.249998 61.629998 61.109998 61.439996 3528100 55.645136
20131211 61.70 61.70 60.199999 60.290001 4128300 54.603605
20131212 60.219999 60.409997 59.849996 59.95 2842000 54.295673
20131213 60.159998 60.399999 59.959998 60.239999 2873200 54.558319
20131216 60.519999 61.169998 60.519999 60.839999 4556200 55.10173
20131217 60.669997 61.409998 60.409997 61.18 3782200 55.409662
20131218 61.40 62.189995 60.619999 62.189995 4377400 56.324397
20131219 61.849999 62.740002 61.779997 62.709996 4506400 56.795353
20131220 62.759998 62.979998 62.319997 62.55 6167400 56.650447
20131223 62.889996 62.97 62.560002 62.740002 3192300 56.822529
20131224 62.719998 63.849997 62.709996 63.830001 1853500 57.809722
20131226 63.999999 64.279996 63.779995 64.249998 2397200 58.190106
20131227 64.44 64.459996 63.919995 64.249998 2148000 58.190106
20131230 64.26 64.699996 64.12 64.649998 2307000 58.55238
20131231 64.709998 64.999997 64.389998 64.969999 2987800 58.842198
20140102 64.239996 64.54 63.669997 63.709997 4206600 57.701037
20140103 63.779995 64.190002 63.549997 63.779995 2953000 57.764433
20140106 63.939995 63.939995 62.869996 62.959998 3884800 57.021776
20140107 63.079998 63.199998 62.099997 62.329999 6426200 56.451197
20140108 62.459997 63.219998 62.080001 63.13 5480200 57.175744
20140109 63.990001 64.239996 63.249996 63.939995 6978000 57.909342
20140110 63.819999 64.069998 63.099998 63.539999 3949400 57.547072
20140113 63.039998 63.459999 62.499998 62.659998 3757600 56.750071
20140114 62.759998 63.669997 62.669996 63.549997 3260700 57.556127
20140115 63.539999 63.830001 63.419995 63.729997 3504900 57.71915
20140116 63.650001 64.199996 63.310001 63.990001 2998200 57.954632
20140117 64.129998 64.370002 63.650001 64.019995 3894100 57.981797
20140121 64.519996 64.999997 63.569997 63.729997 5113600 57.71915
20140122 63.999999 63.999999 62.889996 63.019998 3701000 57.076117
20140123 62.389999 62.499998 61.259996 61.749999 6973700 55.9259
20140124 61.24 61.409998 59.95 59.97 6287500 54.313787
20140127 59.999998 60.899999 59.689996 60.239999 5689000 54.558319
20140128 60.859999 61.150002 59.349995 59.57 6726600 53.951513
20140129 59.73 61.369998 59.689996 60.709997 8776900 54.983989
20140130 61.02 61.989999 60.719999 61.54 5142400 55.735708
20140131 60.639999 61.589998 60.529997 61.009998 6085600 55.255694
20140203 61.049998 61.52 59.95 59.99 6242800 54.3319
20140204 61.14 62.419997 60.359999 61.609998 15850500 55.799104
20140205 61.150002 62.220001 60.639999 61.900001 6369700 56.061755
20140206 62.139997 63.199998 61.929999 62.959998 5200000 57.021776
20140207 63.059998 63.539999 62.65 63.450001 4872400 57.465563
20140210 63.169996 63.859999 62.79 63.450001 4544600 57.465563
20140211 63.379999 64.559996 63.349997 64.289998 4776900 58.226333
20140212 63.549997 63.959999 63.259999 63.509997 4092100 57.92535
20140213 63.199998 64.150002 63.049996 63.979999 3121500 58.354024
20140214 63.929997 64.58 63.659999 64.50 3753200 58.828299
20140218 64.48 65.139997 64.08 64.709998 5156500 59.019832
20140219 64.749998 65.260001 64.209998 64.26 3978200 58.609403
20140220 64.40 65.459997 64.109998 65.349995 5557100 59.603551
20140221 65.400001 65.679998 64.870003 64.870003 5146100 59.165766
20140224 64.809995 65.249999 64.58 64.58 5813700 58.901265
20140225 64.559996 65.249999 64.40 64.919997 3880100 59.211364
20140226 64.819997 65.719998 64.749998 65.509999 4214800 59.749486
20140227 65.279997 66.059994 65.189999 65.999998 5391300 60.196397
20140228 66.019994 66.719999 65.980002 66.620003 4937800 60.761883
20140303 65.779998 66.559995 65.410003 65.889996 4219600 60.096068
20140304 66.610001 67.30 66.610001 67.26 4265200 61.345603
20140305 67.169998 67.419996 66.899999 67.239996 3519100 61.327358
20140306 67.330002 67.949999 67.330002 67.499996 3677200 61.564495
20140307 67.789998 67.789998 67.050001 67.239996 3087000 61.327358
20140310 67.160004 67.579996 66.910001 67.349998 2857300 61.427687
20140311 66.690001 66.999999 65.949996 66.01 6194900 60.20552
20140312 65.760002 66.660003 65.519993 66.429997 5903500 60.588585
20140313 66.949993 67.32 65.379997 65.709996 5999300 59.931896
20140314 65.919998 66.470001 65.679998 65.769996 4572100 59.98662
20140317 66.339995 66.929997 66.069996 66.379995 4186800 60.542979
20140318 66.440003 67.050001 66.440003 66.800003 2843400 60.926055
20140319 66.879995 67.079999 65.660002 66.069996 3403500 60.26024
20140320 65.779998 66.650001 65.73 66.579999 2383900 60.725397
20140321 67.489994 67.519992 66.870001 66.980003 7189400 61.090227
20140324 67.150002 67.44 65.999998 66.489997 3855700 60.643309
20140325 66.679999 67.489994 66.679999 67.230002 3953300 61.318243
20140326 67.469998 67.739996 66.489997 66.510001 4621200 60.661554
20140327 66.599995 66.800003 65.899998 66.569997 3646500 60.716274
20140328 66.709997 67.30 66.300002 66.620003 3071900 60.761883
20140331 66.970001 67.379996 66.809997 67.099995 2981900 61.199668
20140401 67.14 67.960001 67.010001 67.76 3875400 61.801637
20140402 67.699996 68.249995 67.529994 68.120001 4476100 62.129981
20140403 68.229999 68.680002 67.660004 68.010003 3074200 62.029655
20140404 68.440001 68.819998 66.999999 67.339996 3951200 61.418565
20140407 67.26 67.690002 66.399999 66.759999 5730200 60.889569
20140408 66.730001 67.249998 66.179998 66.790001 3945900 60.916933
20140409 67.010001 67.730002 66.870001 67.519992 4118300 61.582733
20140410 67.48 67.80 66.389997 66.470001 5558500 60.625071
20140411 65.999998 66.589993 65.910004 66.089996 4651000 60.278482
20140414 66.440003 66.849997 66.069996 66.589993 4186900 60.734512
20140415 66.639999 67.14 65.980002 66.899999 5142000 61.017258
20140416 67.32 67.949999 67.199996 67.72 5269300 61.765154
20140417 67.160004 67.709998 66.579999 66.980003 6970100 61.090227
20140421 67.379996 67.579996 66.889997 67.029997 3852300 61.135825
20140422 67.029997 67.549998 66.779995 67.349998 3978000 61.427687
20140423 67.099995 67.730002 67.099995 67.339996 2765300 61.418565
20140424 67.32 67.499996 66.730001 67.109998 2810500 61.208791
20140425 67.230002 67.269994 66.449997 66.660003 3013900 60.798366
20140428 67.129998 67.40 66.23 66.769993 3559400 60.898684
20140429 67.069997 67.559992 66.839995 67.18 2488200 61.272637
20140430 66.730001 67.469998 66.699995 67.32 3265000 61.400327
20140501 66.859999 67.209998 66.359999 66.759999 3743000 60.889569
20140502 66.639999 67.30 66.620003 66.849997 2894900 60.971653
20140505 66.730001 67.60 66.629997 67.389998 3267000 61.46417
20140506 67.150002 67.489994 66.910001 67.190002 2739100 61.28176
20140507 67.559992 68.109999 67.069997 68.050003 3507100 62.066138
20140508 68.000001 68.720002 67.809994 68.099997 3145200 62.111736
20140509 68.050003 68.219997 67.489994 67.779996 3918600 61.819874
20140512 68.099997 68.320001 68.019997 68.189999 2753500 62.193824
20140513 67.849994 68.069999 67.410002 67.690002 3086900 62.147921
20140514 67.849994 68.149999 67.589998 67.72 2681300 62.175463
20140515 67.449994 67.72 66.339995 66.830001 4580100 61.358332
20140516 66.970001 67.099995 66.319998 67.019995 3270300 61.53277
20140519 66.849997 67.660004 66.849997 67.029997 2303600 61.541953
20140520 67.109998 67.160004 66.429997 66.690001 2805500 61.229794
20140521 67.010001 67.389998 66.879995 67.22 2780400 61.716399
20140522 67.269994 67.769994 67.12 67.509998 3915400 61.982654
20140523 67.499996 68.199993 67.499996 68.099997 3128000 62.524347
20140527 68.280001 68.519993 67.919993 68.160001 3738700 62.579438
20140528 68.229999 68.690004 68.129995 68.410003 3691100 62.808972
20140529 68.579997 69.000002 68.050003 68.969996 2570800 63.323116
20140530 68.849996 69.379998 68.63 69.309992 3323100 63.635275
20140602 69.329996 69.499999 69.050004 69.259998 1820400 63.589374
20140603 68.83 69.370004 68.730004 68.87 3409200 63.231307
20140604 68.779998 69.639995 68.549999 69.319994 3787000 63.644458
20140605 69.319994 69.499999 68.539997 69.339998 2890600 63.662824
20140606 69.400003 69.710001 69.360002 69.669993 2519100 63.965801
20140609 69.669993 69.750001 69.299998 69.430001 3516500 63.745458
20140610 69.299998 69.499999 68.849996 69.470001 3177300 63.782183
20140611 69.219998 69.470001 68.83 68.969996 1941700 63.323116
20140612 68.929996 69.000002 67.839992 68.080001 3946200 62.505988
20140613 68.209995 68.529995 67.859996 68.300005 2711300 62.70798
20140616 68.099997 68.309999 67.730002 68.109999 2400300 62.53353
20140617 67.909999 68.109999 67.589998 67.789998 4644000 62.23973
20140618 67.869999 68.149999 67.269994 67.889995 4405400 62.331539
20140619 67.80 67.849994 67.279996 67.40 3808300 61.881662
20140620 67.709998 68.509999 67.579996 68.429999 8283800 62.827331
20140623 68.330003 68.330003 67.829998 67.980005 3588500 62.414179
20140624 67.929995 68.229999 67.22 67.339996 3043200 61.826571
20140625 67.579996 68.199993 67.339996 67.819996 3492500 62.267272
20140626 67.970003 67.989999 67.30 67.699996 3048900 62.157096
20140627 65.73 66.19 64.349998 65.440001 17007500 60.082137
20140630 65.139997 65.449995 64.870003 65.440001 7993100 60.082137
20140701 64.989995 65.75 64.68 65.410003 5344800 60.054595
20140702 65.050003 65.400001 64.749998 65.359997 4114300 60.008684
20140703 65.400001 65.980002 65.289999 65.800002 3037300 60.412663
20140707 65.559997 65.75 65.099997 65.639998 3751000 60.265759
20140708 65.65 65.65 64.949995 65.329999 3514700 59.981142
20140709 65.349995 65.489995 64.980001 65.040001 3855000 59.714887
20140710 64.599996 65.109999 64.529998 64.940001 3272800 59.623074
20140711 64.929999 65.199997 64.690002 64.889999 3018200 59.577166
20140714 65.319997 65.509999 64.969999 65.009999 2751800 59.687341
20140715 65.019997 65.359997 64.50 64.58 5109400 59.292548
20140716 64.879997 65.050003 64.639996 65.029999 3130300 59.705704
20140717 64.910003 65.329999 64.809995 64.889999 4642000 59.577166
20140718 65.009999 65.61 64.889999 65.549999 4232400 60.183129
20140721 65.230003 65.75 65.069999 65.539997 3549600 60.173946
20140722 65.849996 65.849996 64.609998 64.949995 6425000 59.63225
20140723 64.50 65.69 64.449994 65.369999 6922100 60.017867
20140724 65.379997 65.69 65.069999 65.199997 5958600 59.861783
20140725 65.149999 65.499997 64.849999 64.929999 3957500 59.613891
20140728 65.050003 65.57 64.969999 65.319997 5142700 59.971958
20140729 65.449995 66.949993 65.369999 66.199994 6568400 60.779906
20140730 66.309996 66.539999 65.239997 65.389999 3879100 60.036229
20140731 64.949995 65.099997 64.169998 64.309998 5101200 59.044652
20140801 63.979999 64.44 63.699999 64.209998 3971200 58.95284
20140804 64.169998 64.739996 63.779995 64.629994 3474300 59.338449
20140805 64.230002 64.559996 63.810001 64.029998 3453300 58.787577
20140806 63.889997 64.849999 63.889997 64.769994 3053100 59.466987
20140807 65.029999 65.139997 64.22 64.40 3632100 59.127286
20140808 64.48 65.059997 64.129998 65.040001 2965600 59.714887
20140811 65.189999 65.499997 64.889999 65.029999 3170500 59.705704
20140812 64.749998 65.61 64.730002 65.489995 4079400 60.128038
20140813 65.089995 65.349995 64.779996 65.109999 2397400 60.211267
20140814 64.709998 65.300001 64.709998 65.199997 1800900 60.294494
20140815 65.400001 65.75 64.639996 65.249999 4593400 60.340734
20140818 65.529995 65.949996 65.499997 65.87 2672800 60.914087
20140819 66.05 66.309996 65.809996 66.29 2233100 61.302488
20140820 66.089996 66.399999 66.039998 66.219998 4408800 61.237752
20140821 66.160002 66.620003 66.160002 66.300002 2341900 61.311737
20140822 66.160002 66.279998 65.769996 65.859998 2945600 60.904838
20140825 66.029996 66.389997 66.029996 66.15 2321100 61.173021
20140826 66.319998 66.429997 65.879994 66.160002 2162700 61.18227
20140827 65.959998 66.209996 65.839994 65.93 2266600 60.969573
20140828 65.669996 66.300002 65.519993 66.15 1695100 61.173021
20140829 66.449997 66.559995 65.899998 66.11 3376400 61.13603
20140902 65.919998 66.23 65.580002 65.83 3182900 60.877096
20140903 66.19 66.379995 65.73 65.819998 3229600 60.867847
20140904 65.75 66.330001 65.75 65.919998 2882200 60.960323
20140905 65.719998 66.160002 65.660002 65.999998 3364300 61.034304
20140908 66.01 66.089996 65.349995 65.359997 3499600 60.442456
20140909 65.559997 65.679998 65.209999 65.269995 3040700 60.359225
20140910 65.149999 65.359997 64.629994 65.209999 2927300 60.303743
20140911 65.019997 65.230003 64.789998 65.129995 2450900 60.229758
20140912 65.220001 65.349995 64.519996 64.779996 3362700 59.906093
20140915 64.959997 65.410003 64.749998 65.300001 3150600 60.386974
20140916 65.099997 66.169996 65.040001 65.83 4122800 60.877096
20140917 68.330003 69.309992 68.189999 69.249996 18025900 64.03978
20140918 69.779999 71.419993 69.750001 71.199997 13889900 65.843067
20140919 71.769992 72.149996 71.220001 71.249999 9517900 65.889307
20140922 71.249999 71.999998 70.999997 71.489999 5971400 66.11125
20140923 71.169999 71.489999 70.86 71.039997 5136800 65.695105
20140924 71.059993 72.919999 71.019993 72.829997 8129300 67.350429
20140925 72.469997 72.709997 71.779994 71.789996 5549300 66.388675
20140926 71.89 72.660003 71.719998 72.499995 3477400 67.045256
20140929 71.81 72.349996 71.629995 72.05 4541800 66.629118
20140930 72.099994 72.279998 71.569999 71.759998 4964600 66.360934
20141001 71.129999 71.349995 69.849997 70.480004 8881700 65.177245
20141002 70.230002 70.639996 69.720003 70.230002 5527700 64.946052
20141003 70.440004 71.099993 70.209998 70.639996 4331600 65.325199
20141006 70.729998 70.980001 69.949993 70.160004 4201600 64.88132
20141007 69.769997 69.870001 68.979998 69.000002 4598200 63.808595
20141008 68.83 68.859998 67.819996 68.519993 9672400 63.364701
20141009 68.519993 68.609995 67.18 67.309998 6826100 62.245743
20141010 68.089995 68.160001 66.480003 66.539999 8603400 61.533677
20141013 66.19 66.790001 65.620002 65.709996 6151300 60.766121
20141014 65.919998 66.239994 65.369999 65.879994 7512200 60.923329
20141015 64.910003 66.739995 64.550002 66.429997 12790400 61.431951
20141016 65.61 66.679999 65.499997 66.23 10096800 61.247002
20141017 66.769993 67.339996 66.579999 66.980003 7355100 61.940576
20141020 67.010001 67.929995 66.949993 67.809994 5741000 62.708121
20141021 68.269991 68.859998 68.080001 68.819998 6667500 63.642134
20141022 69.419999 69.939999 68.63 68.650004 5576000 63.484929
20141023 69.160002 69.279994 68.249995 68.589991 7036900 63.429432
20141024 68.760002 69.169996 68.139997 69.000002 4783600 63.808595
20141027 68.680002 68.819998 67.669998 67.879993 7778400 62.772852
20141028 68.569995 68.899998 67.330002 67.949999 6860100 62.837591
20141029 67.940005 67.949999 66.219998 66.800003 15325200 61.774119
20141030 66.650001 67.80 66.510001 67.660004 6711500 62.569415
20141031 68.410003 69.179998 68.109999 69.15 6257800 63.947307
20141103 69.15 69.400003 68.269991 68.879994 4319500 63.697616
20141104 69.050004 69.319994 68.199993 68.509999 4343000 63.355459
20141105 68.79 69.830001 68.680002 69.809997 3790900 64.557647
20141106 69.699999 70.599996 69.619999 70.120003 4628000 64.84433
20141107 70.110001 70.510002 69.939999 70.410006 4291200 65.112513
20141110 70.099999 70.800004 70.029993 70.729998 2669400 65.40843
20141111 70.669994 70.969999 70.629994 70.809998 2747300 65.482411
20141112 70.339992 70.54 69.959995 70.480004 2890500 65.612742
20141113 70.719996 71.209999 70.22 70.550002 3235300 65.677906
20141114 70.54 71.249999 70.50 70.800004 3208800 65.910643
20141117 70.369998 70.709994 70.209998 70.470002 2366600 65.60343
20141118 70.559996 71.369999 70.329998 71.160005 2691600 66.245782
20141119 71.220001 71.409999 70.910002 71.249999 2125600 66.329562
20141120 70.749994 71.489999 70.62 71.429995 2204400 66.497127
20141121 72.099994 72.709997 71.999998 72.149996 3466100 67.167406
20141124 72.119998 72.21 71.470003 72.149996 3249100 67.167406
20141125 72.139994 72.149996 71.460001 71.679997 3512300 66.729865
20141126 71.739994 71.789996 71.059993 71.470003 2784300 66.534373
20141128 71.550003 72.019994 71.230003 71.399997 2247300 66.469201
20141201 71.319997 71.379993 70.480004 71.079997 3212400 66.1713
20141202 71.279997 71.769992 71.039997 71.69 2513000 66.739176
20141203 71.470003 72.29 71.220001 72.25 3331500 67.260504
20141204 72.109996 72.580003 71.719998 72.37 3011100 67.372217
20141205 72.530001 73.529994 72.499995 73.069997 3532500 68.023873
20141208 73.059995 73.159999 72.269996 72.679999 3794200 67.660807
20141209 72.300002 72.940003 71.799998 72.159998 3945600 67.176717
20141210 72.089992 72.180002 70.980001 71.230003 3686600 66.310946
20141211 71.559997 72.459994 71.389995 71.629995 2730300 66.683316
20141212 71.069995 71.140001 69.309992 69.35 4402900 64.560775
20141215 69.400003 69.870001 68.899998 69.269992 4355600 64.486292
20141216 69.010004 70.440004 68.539997 68.619997 3341700 63.881185
20141217 69.03 70.339992 68.730004 70.26 3862700 65.40793
20141218 71.059993 72.25 70.66 72.230004 4305400 67.241889
20141219 72.519999 73.80 71.97 73.290002 7374100 68.228684
20141222 72.809993 74.219997 72.339994 74.139997 4029300 69.01998
20141223 74.249995 75.819999 74.249995 75.19 3575500 69.997471
20141224 75.319994 75.379998 74.769996 74.79 1285600 69.625094
20141226 74.929996 75.480002 74.809996 75.129996 1895100 69.941611
20141229 74.919994 75.129996 74.379997 74.83 2097800 69.662332
20141230 74.459997 74.979998 74.419997 74.589991 1751100 69.438898
20141231 74.979998 75.299998 73.859996 73.940004 2010500 68.833799
20150102 73.839992 74.109999 73.260004 73.709998 3217300 68.619676
20150105 73.499996 73.64 71.439997 71.719998 4991700 66.767103
20150106 71.349995 72.069996 70.190002 70.889998 5722900 65.994422
20150107 71.329999 72.359998 71.079997 72.309996 4601000 67.316357
20150108 72.869997 74.969996 72.869997 74.529995 5403000 69.383045
20150109 75.529996 75.769997 73.179995 73.499996 7330500 68.424176
20150112 74.179997 74.899998 72.940003 74.410003 6508000 69.27134
20150113 74.849996 75.689997 72.610001 73.139995 6166800 68.089037
20150114 72.869997 73.119999 72.029996 72.949997 3382300 67.91216
20150115 72.949997 74.099997 72.819995 73.149997 5413900 68.098349
20150116 73.44 74.360001 72.839991 74.249995 4019600 69.122381
20150120 75.169996 75.169996 73.370002 74.360001 3352100 69.224791
20150121 74.089995 74.529995 73.519992 74.179997 3134600 69.057217
20150122 74.499997 75.15 73.809994 75.089996 3077900 69.904373
20150123 74.859998 74.949992 73.549998 73.789998 3672700 68.694152
20150126 73.970002 74.449995 73.379996 74.109999 2949900 68.992053
20150127 71.989996 73.839992 71.500001 73.179995 5657900 68.126275
20150128 72.230004 73.129993 71.589995 71.709996 4471100 66.757791
20150129 71.049999 72.900003 70.959997 72.709997 5591300 67.688734
20150130 72.089992 72.789997 71.140001 71.209999 5720800 66.292324
20150202 71.559997 71.789996 70.510002 71.609999 4504200 66.664701
20150203 72.21 73.869998 72.05 73.330002 5129000 68.265922
20150204 73.24 74.160001 73.010001 73.739996 5209400 68.647603
20150205 74.179997 76.049997 73.829998 75.999995 8058700 70.751529
20150206 75.800003 76.449998 75.499998 76.099999 5010900 70.844627
20150209 75.499998 76.249997 75.219998 75.720003 4440500 70.490872
20150210 75.959995 76.219999 75.299998 75.979999 3683100 70.732914
20150211 75.410004 75.649997 74.749999 75.249996 3199100 70.489356
20150212 75.529996 76.319996 75.459998 76.289997 3418200 71.463562
20150213 76.089997 76.66 75.999995 76.179999 2405900 71.360523
20150217 75.760003 76.550002 75.599995 76.430002 2913700 71.594709
20150218 76.049997 76.339992 75.710001 76.309994 2375600 71.482293
20150219 75.839995 76.449998 75.739999 76.080003 2375000 71.266853
20150220 75.999995 76.689998 75.259998 76.669994 4090700 71.819518
20150223 76.449998 77.489999 76.259999 77.460001 3585100 72.559546
20150224 77.389995 78.139994 77.209999 77.900002 3521800 72.97171
20150225 77.940002 78.079998 77.460001 77.900002 3625000 72.97171
20150226 77.769991 78.180002 77.689999 78.029996 2626600 73.093481
20150227 77.689999 78.079998 77.480005 77.85 3786800 72.924872
20150302 77.85 78.559998 77.540001 78.489992 3436500 73.524376
20150303 77.89 78.349996 77.669995 78.069996 4234500 73.13095
20150304 77.980002 78.349996 77.609999 78.119998 3284700 73.177789
20150305 78.269996 78.379994 77.779993 78.319998 3855100 73.365136
20150306 76.989994 78.17 76.430002 78.139994 7960200 73.19652
20150309 78.139994 78.629997 77.940002 78.57 9484800 73.599322
20150310 77.540001 78.779995 77.540001 78.769993 8182500 73.786662
20150311 78.629997 79.370002 78.419994 79.290001 7944000 74.273773
20150312 79.449994 80.410003 79.199991 80.400001 8252900 75.313549
20150313 80.160001 80.650003 79.469998 80.499997 9376100 75.407219
20150316 78.789997 79.230005 76.90 77.069994 16757300 72.194213
20150317 76.059999 76.46 74.309999 74.680001 17346700 69.955421
20150318 74.229999 76.249997 73.769994 76.009997 8948500 71.201276
20150319 75.800003 75.910001 74.469999 74.509999 6296400 69.796174
20150320 74.339997 74.919994 74.000001 74.339997 8932300 69.636927
20150323 74.059997 74.959994 73.869998 74.419997 4522500 69.711866
20150324 74.109999 74.559993 73.589998 73.60 4204500 68.943745
20150325 73.779996 74.010003 72.019994 72.029996 5342000 67.473067
20150326 71.709996 72.039998 71.260001 71.759998 4849900 67.22015
20150327 71.749996 72.33 71.550003 71.649999 4369200 67.11711
20150330 72.05 73.199991 72.05 72.580003 4290100 67.988278
20150331 72.21 72.339994 71.359997 71.470003 5004500 66.948502
20150401 71.540001 71.609999 70.58 70.980001 5584900 66.489499
20150402 71.009999 71.649999 70.709994 71.389995 9335500 66.873555
20150406 70.639996 72.139994 70.62 71.999998 5707600 67.444966
20150407 71.989996 72.859995 71.599997 71.669995 3838900 67.135841
20150408 71.949996 72.300002 71.190003 71.739994 2909000 67.201411
20150409 71.830004 72.419994 71.649999 71.93 2339200 67.379397
20150410 71.999998 72.25 71.669995 72.230004 2402200 67.660422
20150413 72.230004 72.580003 71.860002 71.959998 2598800 67.407497
20150414 71.999998 72.439998 71.629995 72.260002 2100000 67.688522
20150415 72.279998 72.749997 72.01 72.099994 3560100 67.538636
20150416 71.89 72.679999 71.599997 72.25 3460900 67.679153
20150417 71.599997 71.949996 71.230003 71.550003 4221300 67.02344
20150420 71.959998 72.879999 71.940002 72.839991 6606000 68.231818
20150421 72.300002 72.829997 70.42 70.689998 8152200 66.217843
20150422 70.649998 71.559997 69.730005 71.439997 6013900 66.920394
20150423 71.480005 71.569999 70.760004 70.790002 4964900 66.31152
20150424 71.309995 71.540001 70.830002 71.519997 3960600 66.995333
20150427 71.820002 75.529996 71.699993 74.809996 13283700 70.077192
20150428 75.360002 75.800003 74.699997 74.819998 6501300 70.086561
20150429 74.389999 74.749999 73.989998 74.179997 4952700 69.487049
20150430 74.080001 74.249995 72.959999 73.199991 3705600 68.569043
20150501 73.970002 74.480001 73.819996 74.040001 3244500 69.35591
20150504 74.300005 74.599993 73.940004 74.029999 2880100 69.34654
20150505 73.620004 74.109999 72.359998 72.789997 3865700 68.184987
20150506 73.339996 73.809994 72.269996 72.719999 3979100 68.119417
20150507 72.499995 73.429998 72.279998 73.330002 3849100 68.690828
20150508 74.249995 75.360002 74.149999 75.279994 6905900 70.517456
20150511 75.050004 75.519994 74.819998 75.400002 6156900 70.629872
20150512 74.839994 75.129996 74.229999 74.849996 6382300 70.114661
20150513 69.870001 70.749994 69.279994 69.329996 35649200 65.371836
20150514 69.999995 70.809998 69.550001 69.669993 16050200 65.692422
20150515 69.819999 70.749994 69.669993 70.249998 10306000 66.239313
20150518 70.30 70.42 69.919995 69.989993 5651300 65.994153
20150519 70.18 71.379993 70.139999 71.249999 5837300 67.182223
20150520 71.439997 71.439997 70.50 70.66 4763100 66.625908
20150521 70.62 71.099993 70.430002 70.980001 4080700 66.927639
20150522 70.910002 71.110003 70.639996 70.790002 2722600 66.748488
20150526 70.709994 70.879996 70.110001 70.749994 4348300 66.710764
20150527 70.719996 71.180001 70.529998 70.78 4213200 66.739057
20150528 70.50 71.500001 70.50 71.439997 3687900 67.361374
20150529 71.239997 71.480005 70.879996 71.009999 5839200 66.955924
20150601 71.379993 71.900002 70.910002 71.639997 4079500 67.549956
20150602 71.510003 71.779994 70.870002 71.269995 13180900 67.201077
20150603 71.699993 71.779994 71.209999 71.269995 5510200 67.201077
20150604 70.709994 70.929999 69.550001 69.689997 5937800 65.711284
20150605 69.689997 69.790001 69.03 69.07 4877500 65.126684
20150608 69.000002 69.619999 68.849996 69.410005 3568400 65.447277
20150609 69.519995 69.959995 69.179998 69.209996 4301200 65.258687
20150610 69.199994 70.110001 69.19 69.689997 3069100 65.711284
20150611 69.659999 70.22 69.659999 69.759995 2663900 65.777286
20150612 69.449997 69.830001 68.79 69.120002 2888400 65.173831
20150615 68.859998 69.169996 68.299997 69.049996 3850000 65.107822
20150616 69.000002 69.459999 68.800002 69.35 2876900 65.390698
20150617 69.409997 69.809997 69.049996 69.489997 3594300 65.522702
20150618 69.489997 70.550002 69.339998 70.150002 3903600 66.145026
20150619 69.969997 70.169998 69.659999 69.839995 5323800 65.852718
20150622 69.939999 70.199996 69.630001 69.990001 3201200 65.99416
20150623 69.679995 70.079995 68.489995 68.499997 7114800 64.589223
20150624 68.200001 68.329995 66.139998 66.199998 10266600 62.420535
20150625 66.549997 66.759999 66.119998 66.15 5660900 62.373391
20150626 66.379999 66.689997 65.559997 65.599998 10638500 61.854789
20150629 64.759996 65.549999 63.549997 63.639999 8092900 60.00669
20150630 64.26 64.669998 63.629997 63.949997 7601800 60.29899
20150701 61.630001 61.93 61.290001 61.43 5796500 60.992775
20150702 61.09 61.209999 59.810001 59.990002 12006300 59.563026
20150706 59.57 60.240002 59.07 60.00 8139700 59.572953
20150707 59.82 60.040001 58.919998 59.099998 8859700 58.679357
20150708 58.790001 58.799999 58.060001 58.16 5544900 57.746049
20150709 59.099998 59.150002 57.869999 57.900002 6661900 57.487901
20150710 58.380001 58.66 57.91 58.25 4910100 57.835409
20150713 58.880001 59.830002 58.75 59.509998 6047800 59.086439
20150714 59.41 59.650002 59.02 59.43 3476500 59.00701
20150715 59.759998 59.790001 58.810001 59.00 4419800 58.58007
20150716 59.16 60.00 58.919998 59.77 6469900 59.34459
20150717 59.610001 59.740002 59.23 59.669998 4479400 59.2453
20150720 59.830002 59.849998 59.07 59.57 4215600 59.146013
20150721 59.439999 60.150002 59.060001 59.279999 4372800 58.858076
20150722 59.549999 59.549999 58.73 58.900002 3780000 58.480784
20150723 59.02 59.099998 58.27 58.48 3231800 58.063771
20150724 58.400002 58.639999 56.59 56.939999 5352300 56.534731
20150727 56.830002 57.060001 56.259998 56.73 6172200 56.326227
20150728 53.380001 57.25 52.790001 55.900002 13935600 55.502136
20150729 56.029999 56.439999 55.25 55.459999 6331000 55.065265
20150730 55.369999 55.75 55.16 55.59 3596000 55.194341
20150731 55.950001 56.110001 55.48 55.759998 4804100 55.363129
20150803 55.880001 56.00 54.880001 55.290001 4822900 54.896477
20150804 55.23 55.48 54.470001 54.639999 4851800 54.251102
20150805 55.470001 55.619999 54.290001 54.57 4783100 54.1816
20150806 54.50 54.68 54.169998 54.470001 5452400 54.082314
20150807 54.43 54.57 53.209999 53.43 4901700 53.049715
20150810 53.82 54.459999 53.50 54.389999 5621200 54.002881
20150811 53.950001 54.400002 53.349998 53.389999 5373500 53.009999
20150812 52.75 53.279999 52.360001 53.279999 6037000 53.279999
20150813 53.139999 53.389999 52.830002 53.029999 4279700 53.029999
20150814 53.75 54.200001 53.130001 53.860001 5602500 53.860001
20150817 53.549999 54.509998 53.34 54.27 5133500 54.27
20150818 53.990002 54.41 53.75 53.900002 4309700 53.900002
20150819 53.509998 53.900002 52.900002 53.150002 4547500 53.150002
20150820 52.759998 52.860001 52.389999 52.41 6080000 52.41
20150821 52.299999 52.52 51.720001 52.00 8010300 52.00
20150824 49.369999 51.189999 48.009998 49.98 13763800 49.98
20150825 50.950001 51.029999 49.009998 49.060001 10839300 49.060001
20150826 50.049999 50.689999 49.290001 50.66 9769300 50.66
20150827 51.360001 52.119999 50.849998 52.02 6225400 52.02
20150828 51.540001 52.240002 51.450001 51.84 6008700 51.84
20150831 51.200001 51.799999 50.66 51.50 4652800 51.50
20150901 50.16 50.77 49.779999 50.02 6544000 50.02
20150902 50.77 50.93 50.060001 50.650002 4847100 50.650002
20150903 50.990002 51.580002 50.509998 50.560001 7636400 50.560001
20150904 49.740002 49.939999 48.59 48.599998 8772200 48.599998
20150908 49.459999 49.740002 49.25 49.610001 6285700 49.610001
20150909 50.18 50.349998 48.77 48.84 7038500 48.84
20150910 48.560001 49.009998 48.279999 48.619999 7180500 48.619999
20150911 48.43 48.549999 48.09 48.439999 6486800 48.439999
20150914 48.59 48.59 47.900002 47.98 6217600 47.98
20150915 48.029999 48.48 47.880001 48.299999 4331800 48.299999
20150916 48.290001 48.57 48.189999 48.41 4792600 48.41
20150917 48.369999 48.959999 47.970001 48.080002 5884600 48.080002
20150918 47.580002 48.060001 47.369999 47.529999 9630000 47.529999
20150921 47.610001 48.32 47.529999 48.240002 5385100 48.240002
20150922 48.259998 48.779999 47.759998 48.57 8788300 48.57
20150923 48.450001 48.77 47.860001 47.91 5313300 47.91
20150924 47.57 48.259998 47.439999 48.029999 7087300 48.029999
20150925 48.330002 48.849998 48.139999 48.549999 5993500 48.549999
