20130102 50.799999 51.25 50.639999 51.099998 11674700 49.555106
20130103 51.049999 51.34 50.84 51.209999 7566600 49.661781
20130104 51.380001 52.34 51.330002 52.189999 8745900 50.612153
20130107 51.759998 51.759998 50.66 50.970001 9472100 49.429039
20130108 50.880001 51.18 50.57 50.759998 8637600 49.225385
20130109 50.93 51.50 50.759998 50.779999 8389000 49.244781
20130110 50.869999 51.240002 50.59 50.790001 8097400 49.254481
20130111 50.82 51.02 50.450001 50.580002 7149000 49.05083
20130114 50.400002 50.830002 50.18 50.59 9308800 49.060526
20130115 50.470001 51.150002 50.43 51.09 7299500 49.54541
20130116 50.849998 51.779999 50.799999 51.529999 7371800 49.972106
20130117 51.84 52.700001 51.84 52.41 10132100 50.825503
20130118 52.240002 52.34 51.810001 52.34 8490900 50.757619
20130122 52.389999 52.799999 52.18 52.73 6635200 51.135828
20130123 52.860001 54.16 52.779999 53.950001 13842700 52.318945
20130124 54.029999 54.869999 53.919998 53.950001 13608000 52.318945
20130125 53.799999 54.560001 53.610001 54.380001 7939400 52.735945
20130128 54.279999 54.560001 54.099998 54.360001 7133500 52.71655
20130129 54.150002 54.209999 53.529999 53.990002 7786400 52.357737
20130130 53.849998 54.00 53.549999 53.790001 9821800 52.163782
20130131 53.84 54.25 53.650002 53.880001 7333900 52.251062
20130201 54.18 54.869999 54.150002 54.59 9552300 52.939596
20130204 54.16 54.50 53.799999 53.900002 7717400 52.270457
20130205 54.360001 54.41 54.00 54.290001 10246400 52.648666
20130206 55.400002 55.50 54.41 54.52 26833600 52.871712
20130207 54.07 54.48 53.41 54.360001 11723200 52.71655
20130208 54.380001 54.720001 54.310001 54.66 9584300 53.007479
20130211 54.650002 54.98 54.59 54.75 6358600 53.094758
20130212 54.77 55.049999 54.689999 54.950001 8758100 53.288712
20130213 55.080002 55.299999 54.669998 54.959999 5701400 53.298408
20130214 54.919998 55.169998 54.709999 54.880001 8564500 53.220829
20130215 55.049999 55.619999 54.889999 55.610001 17783400 53.928759
20130219 55.580002 55.950001 55.57 55.73 7780500 54.04513
20130220 55.619999 55.82 54.560001 54.599998 8460700 52.949292
20130221 54.580002 54.82 54.009998 54.169998 6802500 52.532291
20130222 54.389999 54.580002 53.93 54.25 7603600 52.609875
20130225 54.599998 54.790001 53.59 53.59 9830200 51.969828
20130226 53.810001 54.040001 53.599998 53.900002 6238300 52.270457
20130227 53.900002 54.66 53.849998 54.48 7243500 52.832921
20130228 54.540001 55.040001 54.389999 54.59 6605000 52.939596
20130301 54.310001 55.369999 54.299999 55.330002 8311500 53.657225
20130304 55.16 55.84 55.00 55.799999 6357400 54.113013
20130305 55.950001 56.580002 55.900002 56.48 7067900 54.772455
20130306 56.529999 56.84 56.25 56.360001 5572600 54.656084
20130307 56.360001 56.470001 56.009998 56.32 4813700 54.617292
20130308 56.560001 57.509998 56.52 57.389999 8157800 55.654943
20130311 57.389999 57.75 57.34 57.66 7155200 55.916781
20130312 57.52 57.630001 56.700001 57.110001 7159100 55.38341
20130313 57.16 57.439999 56.939999 57.34 5209800 55.606456
20130314 57.349998 57.82 57.27 57.75 5908200 56.00406
20130315 57.50 57.779999 57.34 57.580002 13788100 55.839201
20130318 57.080002 57.189999 56.75 56.830002 5125800 55.111876
20130319 56.830002 57.049999 55.759998 56.310001 8884200 54.607596
20130320 56.59 57.150002 56.540001 56.939999 6018700 55.218547
20130321 56.740002 56.849998 56.16 56.310001 5168500 54.607596
20130322 56.650002 57.099998 56.52 56.779999 5500200 55.063385
20130325 57.00 57.110001 55.869999 56.209999 7881500 54.510617
20130326 56.41 56.73 56.330002 56.630001 4675600 54.917922
20130327 56.34 56.50 55.990002 56.470001 6392400 54.762759
20130328 56.59 56.939999 56.50 56.799999 6705600 55.08278
20130401 56.889999 57.139999 56.150002 56.689999 6722400 54.976105
20130402 57.040001 57.459999 56.959999 57.459999 6575300 55.722827
20130403 57.639999 57.75 57.00 57.25 8101000 55.519176
20130404 57.279999 57.720001 57.18 57.59 6412400 55.848897
20130405 56.889999 57.73 56.369999 57.700001 7034700 55.955572
20130408 57.830002 58.82 57.759998 58.82 9796200 57.041711
20130409 58.720001 59.240002 58.52 59.139999 8864800 57.352036
20130410 59.369999 60.139999 59.34 60.110001 8438100 58.292711
20130411 60.110001 60.669998 60.02 60.549999 9241800 58.719408
20130412 60.290001 60.73 60.27 60.549999 8533000 58.719408
20130415 60.259998 60.669998 58.84 58.880001 12027900 57.099898
20130416 59.259998 60.75 59.080002 60.75 10309400 58.913362
20130417 60.349998 60.689999 60.02 60.68 11531200 58.845478
20130418 60.639999 60.669998 59.880001 59.990002 9203200 58.17634
20130419 60.25 61.560001 60.25 61.560001 9488300 59.698875
20130422 61.59 62.099998 61.150002 62.009998 6306900 60.135267
20130423 62.400002 62.619999 61.540001 62.59 6260800 60.697734
20130424 62.709999 62.900002 61.59 61.939999 7335400 60.067384
20130425 62.009998 62.169998 61.549999 62.00 6680900 60.125571
20130426 62.060001 62.290001 61.549999 61.869999 7038500 59.9995
20130429 62.82 63.25 62.59 63.00 7203900 61.095338
20130430 62.93 63.080002 62.439999 62.84 8528800 60.940176
20130501 62.880001 63.50 62.799999 63.209999 7468900 61.298988
20130502 63.400002 63.93 63.110001 63.880001 5249600 61.948734
20130503 64.18 64.849998 63.880001 64.800003 9196000 62.840922
20130506 65.089996 65.589996 64.510002 65.059998 10239600 63.093056
20130507 65.440002 66.089996 64.769997 66.07 14539100 64.072523
20130508 66.00 66.00 64.559998 65.989998 17803200 63.99494
20130509 65.730003 67.110001 65.510002 66.669998 11325000 64.654382
20130510 66.690002 67.43 66.339996 67.199997 8654000 65.168358
20130513 66.959999 67.519997 66.919998 67.32 5195000 65.284732
20130514 67.43 67.489998 66.980003 67.470001 9675400 65.430199
20130515 67.419998 67.790001 67.18 67.669998 7925900 65.62415
20130516 67.620003 67.889999 66.199997 66.470001 8473100 64.460432
20130517 66.160004 66.580002 65.68 66.580002 9160100 64.567107
20130520 66.580002 66.599998 66.050003 66.120003 5893300 64.121015
20130521 66.349998 66.400002 65.709999 65.830002 7359100 63.839781
20130522 65.760002 66.709999 65.269997 65.57 8142400 63.58764
20130523 64.870003 65.440002 64.239998 65.230003 7536200 63.257922
20130524 64.75 65.529999 64.389999 65.489998 8846100 63.510057
20130528 65.980003 66.760002 65.919998 66.690002 8280000 64.673782
20130529 66.370003 66.480003 65.739998 66.260002 6954000 64.256782
20130530 66.440002 67.110001 64.32 64.650002 13052700 62.695456
20130531 64.57 65.029999 63.07 63.080002 11280900 61.172921
20130603 63.060001 63.82 62.529999 63.799999 8705600 61.871151
20130604 63.93 64.93 63.860001 64.349998 8147700 62.404523
20130605 64.050003 64.120003 62.799999 63.119999 8893600 61.211709
20130606 63.099998 63.32 62.040001 63.139999 8661900 61.231105
20130607 63.630001 64.870003 63.25 64.849998 7611300 62.889406
20130610 64.910004 64.970001 63.700001 63.830002 6729500 61.900247
20130611 63.32 64.300003 62.970001 63.799999 6454800 61.871151
20130612 64.32 64.449997 62.869999 62.990002 7663200 61.085642
20130613 62.990002 64.400002 62.52 64.300003 5584900 62.356039
20130614 64.010002 64.43 63.630001 63.799999 5311800 61.871151
20130617 64.300003 65.129997 64.25 64.489998 6752000 62.540289
20130618 64.610001 65.489998 64.559998 65.290001 5234400 63.316106
20130619 65.190002 65.550003 64.330002 64.330002 6871400 62.38513
20130620 63.220001 63.52 61.82 61.98 12260800 60.106175
20130621 62.619999 63.080002 61.82 62.73 11892400 60.833501
20130624 62.25 62.990002 61.82 62.439999 6494500 60.552267
20130625 62.880001 63.099998 62.50 62.57 6776700 60.678338
20130626 62.950001 63.459999 62.75 63.209999 5720400 61.298988
20130627 63.650002 63.970001 63.450001 63.720001 4875900 61.793572
20130628 63.759998 64.519997 63.150002 63.150002 10560300 61.240805
20130701 63.84 64.919998 63.630001 63.93 8221600 61.997222
20130702 63.830002 64.139999 63.080002 63.259998 7690500 61.347476
20130703 62.849998 63.830002 62.57 63.610001 3351800 61.686897
20130705 63.880001 63.950001 63.110001 63.82 5645800 61.890547
20130708 64.279999 64.790001 64.160004 64.709999 6679700 62.753639
20130709 65.32 65.540001 64.650002 64.940002 4556400 62.976689
20130710 64.860001 65.300003 64.57 64.910004 5761700 62.947597
20130711 65.650002 66.830002 65.650002 66.580002 8329800 64.567107
20130712 66.389999 67.00 65.93 66.980003 5889900 64.955015
20130715 67.019997 67.360001 65.889999 65.93 6458000 63.936757
20130716 65.949997 66.099998 64.93 65.029999 7470900 63.063965
20130717 65.419998 65.459999 64.760002 65.360001 6846700 63.38399
20130718 65.699997 66.370003 65.660004 65.82 4962800 63.830082
20130719 65.889999 66.029999 64.910004 65.160004 7220400 63.190039
20130722 65.150002 65.330002 64.260002 64.400002 5973600 62.453014
20130723 64.599998 64.769997 64.330002 64.449997 4534500 62.501498
20130724 64.589996 65.120003 64.529999 64.639999 5326800 62.685756
20130725 64.32 64.739998 64.260002 64.550003 5407800 62.59848
20130726 64.470001 65.07 64.110001 64.980003 4949600 63.015481
20130729 64.800003 65.029999 64.470001 64.610001 3805800 62.656664
20130730 64.699997 64.870003 64.099998 64.18 6210500 62.239664
20130731 64.43 65.120003 64.379997 64.650002 7155300 62.695456
20130801 65.160004 65.870003 65.129997 65.360001 6338100 63.38399
20130802 65.559998 66.589996 65.330002 66.510002 6098500 64.499223
20130805 66.50 66.540001 65.610001 66.019997 7265800 64.024032
20130806 66.089996 67.160004 65.970001 67.050003 11546300 65.022899
20130807 64.93 66.300003 64.120003 65.910004 16970500 63.917364
20130808 66.339996 66.459999 65.199997 65.75 8826400 63.762198
20130809 65.470001 65.75 64.599998 64.730003 7945500 62.773039
20130812 64.260002 64.43 63.669998 63.93 8004900 61.997222
20130813 64.260002 64.260002 63.41 63.98 6025100 62.04571
20130814 63.950001 64.169998 63.470001 63.959999 6413700 62.026314
20130815 63.279999 63.32 62.200001 62.380001 9014100 60.494083
20130816 61.970001 62.50 61.709999 62.169998 8238800 60.29043
20130819 62.150002 62.18 61.830002 61.830002 5659900 59.960712
20130820 61.790001 62.389999 61.790001 61.880001 5192100 60.0092
20130821 61.619999 61.880001 61.09 61.139999 7185400 59.29157
20130822 61.32 61.82 61.16 61.639999 5302300 59.776454
20130823 61.959999 61.990002 61.459999 61.73 5505900 59.863733
20130826 61.759998 62.110001 61.330002 61.349998 4499100 59.495221
20130827 60.900002 61.349998 60.57 60.689999 7734500 58.855174
20130828 60.439999 61.150002 60.41 60.810001 7161700 58.971549
20130829 60.77 61.52 60.549999 61.080002 5396200 59.233387
20130830 61.139999 61.27 60.549999 60.830002 5404100 58.990945
20130903 61.419998 61.990002 60.599998 60.93 7016400 59.08792
20130904 60.919998 61.220001 60.52 61.110001 14014600 59.262479
20130905 61.07 61.599998 60.959999 61.299999 6356600 59.446733
20130906 61.470001 61.830002 60.630001 61.389999 7319400 59.534012
20130909 61.599998 61.84 61.27 61.59 7224500 59.727966
20130910 62.09 62.970001 61.93 62.830002 9919600 60.93048
20130911 63.119999 63.939999 62.98 63.939999 9439700 62.006918
20130912 63.799999 66.349998 63.41 65.489998 22426500 63.510057
20130913 65.870003 67.029999 65.50 66.690002 12718700 64.673782
20130916 67.32 67.650002 66.879997 66.940002 9716500 64.916224
20130917 66.830002 67.199997 66.720001 66.980003 6450700 64.955015
20130918 66.669998 67.370003 66.209999 67.110001 9865600 65.081082
20130919 66.389999 66.50 65.400002 65.720001 11864800 63.733106
20130920 65.610001 65.839996 64.910004 65.010002 29076200 63.044572
20130923 65.040001 65.480003 64.68 64.75 8286600 62.792431
20130924 64.940002 65.160004 64.279999 64.32 8272800 62.375431
20130925 64.419998 64.93 64.199997 64.449997 7281400 62.501498
20130926 64.360001 65.290001 64.25 65.239998 6971200 63.267615
20130927 64.970001 65.440002 64.690002 65.190002 5586000 63.219131
20130930 64.730003 64.949997 64.389999 64.489998 7463200 62.540289
20131001 64.370003 65.25 64.360001 64.830002 4881200 62.870014
20131002 64.449997 65.339996 64.400002 64.879997 7218800 62.918498
20131003 64.720001 64.93 63.830002 64.019997 7264100 62.084498
20131004 64.019997 65.43 63.970001 65.300003 6546000 63.325806
20131007 64.809998 65.309998 64.57 64.589996 5840900 62.637265
20131008 64.519997 64.769997 63.970001 64.00 8636300 62.065105
20131009 64.019997 64.18 63.099998 63.59 8746900 61.667501
20131010 64.480003 65.669998 64.290001 65.580002 7676600 63.59734
20131011 65.660004 66.589996 65.50 66.209999 6735000 64.20829
20131014 65.879997 66.980003 65.779999 66.830002 6461500 64.809549
20131015 66.730003 66.940002 65.93 66.440002 5943100 64.43134
20131016 66.639999 66.860001 66.129997 66.349998 7724800 64.344057
20131017 66.190002 66.589996 65.980003 66.419998 6952100 64.41194
20131018 66.50 67.269997 65.989998 67.150002 7587000 65.119874
20131021 67.269997 67.629997 67.160004 67.610001 4845800 65.565966
20131022 67.940002 69.129997 67.75 69.00 7860700 66.913942
20131023 68.809998 69.199997 68.019997 68.120003 5864500 66.060549
20131024 68.18 69.190002 68.019997 69.050003 6045400 66.962433
20131025 69.32 69.870003 68.970001 69.260002 6613300 67.166083
20131028 69.349998 69.480003 68.919998 69.00 4469200 66.913942
20131029 69.120003 69.389999 68.779999 68.919998 4450200 66.836359
20131030 69.220001 69.300003 67.93 68.470001 5816100 66.399966
20131031 68.470001 69.300003 68.349998 68.589996 5706100 66.516334
20131101 68.709999 69.18 68.50 69.010002 5008600 66.923642
20131104 69.410004 69.550003 68.410004 68.809998 4790200 66.729684
20131105 68.769997 69.059998 68.059998 68.849998 5140600 66.768475
20131106 69.18 69.620003 68.620003 69.00 6503200 66.913942
20131107 69.339996 69.339996 67.089996 67.150002 10496300 65.119874
20131108 66.870003 69.410004 66.720001 68.580002 16182800 66.506641
20131111 68.480003 68.739998 68.190002 68.339996 4954000 66.273892
20131112 68.330002 68.449997 67.419998 67.769997 6586700 65.721125
20131113 67.43 68.989998 67.300003 68.970001 5681000 66.88485
20131114 69.139999 70.150002 69.00 70.019997 7246600 67.903101
20131115 69.769997 70.169998 69.550003 70.00 6184400 67.883709
20131118 70.059998 70.089996 69.330002 69.50 4904400 67.398825
20131119 69.489998 69.720001 69.040001 69.120003 4801700 67.030317
20131120 69.120003 69.919998 69.080002 69.230003 4726800 67.136992
20131121 69.459999 70.010002 69.269997 69.940002 4498300 67.825525
20131122 69.949997 70.330002 69.800003 70.199997 4667500 68.07766
20131125 70.540001 70.580002 69.599998 69.739998 5830600 67.631568
20131126 69.919998 71.690002 69.900002 71.18 8850000 69.028035
20131127 71.209999 71.25 70.459999 70.769997 5446100 68.630427
20131129 71.040001 71.269997 70.389999 70.540001 4801000 68.407384
20131202 70.790001 71.309998 70.760002 70.910004 6774600 68.766201
20131203 70.220001 70.410004 69.379997 69.900002 8304700 67.786734
20131204 69.419998 70.480003 69.32 69.970001 4883800 67.854617
20131205 70.290001 70.68 70.080002 70.230003 5587000 68.106759
20131206 70.970001 71.489998 70.769997 71.459999 5542000 69.299568
20131209 71.360001 71.480003 70.919998 71.110001 6477100 68.960151
20131210 70.910004 71.650002 70.900002 71.57 7112200 69.406243
20131211 71.730003 72.129997 70.43 70.519997 9519200 68.387985
20131212 69.279999 70.019997 68.800003 69.629997 8756300 68.358533
20131213 69.900002 70.129997 69.279999 69.620003 5784300 68.348721
20131216 69.910004 70.849998 69.910004 70.510002 6246600 69.222468
20131217 70.690002 70.910004 69.830002 70.660004 6829100 69.369731
20131218 70.959999 72.199997 70.139999 72.199997 7971400 70.881603
20131219 72.139999 73.080002 72.099998 72.970001 6768100 71.637547
20131220 73.099998 73.559998 72.339996 72.400002 12989700 71.077956
20131223 72.889999 73.330002 72.660004 73.279999 5621900 71.941884
20131224 73.25 73.860001 73.25 73.849998 2883600 72.501475
20131226 73.949997 74.690002 73.910004 74.620003 4620100 73.257419
20131227 74.650002 74.779999 73.93 74.349998 3844800 72.992345
20131230 74.989998 76.540001 74.889999 76.230003 8578900 74.838021
20131231 76.279999 76.50 75.809998 76.400002 4692300 75.004915
20140102 76.040001 76.50 75.900002 76.269997 5200900 74.877284
20140103 76.300003 76.699997 76.010002 76.110001 4060700 74.720209
20140106 76.529999 76.839996 75.489998 75.82 6816200 74.435504
20140107 76.120003 76.699997 75.900002 76.339996 4494900 74.946005
20140108 76.129997 76.279999 74.809998 75.220001 10900300 73.846461
20140109 75.459999 75.459999 74.32 74.900002 8052900 73.532305
20140110 75.080002 75.510002 74.559998 75.389999 6219000 74.013355
20140113 74.900002 75.129997 73.050003 73.269997 8232800 71.932065
20140114 73.709999 74.580002 73.290001 74.449997 5996500 73.090518
20140115 74.300003 75.099998 74.25 74.279999 7283900 72.923624
20140116 74.389999 74.400002 73.720001 74.209999 5597400 72.854902
20140117 74.43 74.629997 73.68 73.980003 6624800 72.629106
20140121 73.989998 74.879997 73.300003 74.199997 7507100 72.845083
20140122 74.080002 75.43 74.050003 75.309998 6795100 73.934814
20140123 74.529999 74.949997 74.150002 74.790001 6280900 73.424313
20140124 74.099998 74.230003 72.720001 72.720001 7334900 71.392112
20140127 72.470001 72.910004 71.720001 72.25 7415100 70.930693
20140128 72.260002 73.00 72.239998 72.879997 5508400 71.549187
20140129 71.970001 72.239998 71.120003 71.330002 8604800 70.027495
20140130 72.089996 73.629997 72.00 73.220001 7550500 71.882982
20140131 72.199997 73.32 71.800003 72.610001 7748500 71.28412
20140203 72.660004 72.730003 69.849998 69.989998 11964800 68.711959
20140204 70.940002 71.25 69.879997 71.050003 11278800 69.752609
20140205 72.050003 72.050003 70.370003 71.760002 11573300 70.449643
20140206 75.610001 76.730003 74.779999 75.559998 19821900 74.180249
20140207 75.080002 75.699997 74.610001 75.669998 11480100 74.288241
20140210 75.669998 77.309998 75.57 77.059998 8781600 75.652859
20140211 77.150002 77.919998 77.110001 77.790001 8186200 76.369532
20140212 77.660004 78.010002 77.639999 77.910004 6329500 76.487344
20140213 77.519997 78.239998 77.199997 77.900002 5955400 76.477524
20140214 77.879997 79.470001 77.769997 79.230003 7001100 77.78324
20140218 79.50 80.00 79.43 79.580002 6136500 78.126847
20140219 79.50 79.779999 78.800003 78.870003 7024000 77.429813
20140220 79.209999 79.650002 78.839996 79.190002 5748700 77.743969
20140221 79.07 80.449997 78.800003 80.129997 8252300 78.666799
20140224 80.50 81.589996 80.459999 80.730003 6635200 79.255849
20140225 80.720001 81.349998 80.040001 80.209999 6064300 78.74534
20140226 80.629997 80.949997 79.589996 80.080002 5775600 78.617717
20140227 80.00 80.589996 79.860001 80.480003 4919800 79.010414
20140228 80.839996 81.589996 80.169998 80.809998 7030700 79.334383
20140303 80.300003 80.650002 78.849998 79.459999 8449400 78.009036
20140304 80.599998 82.169998 80.540001 81.709999 8021400 80.21795
20140305 82.220001 83.209999 82.019997 82.68 7709700 81.170239
20140306 82.860001 83.419998 82.839996 83.339996 5774400 81.818183
20140307 83.599998 83.650002 82.019997 82.209999 7478100 80.70882
20140310 82.18 82.43 81.690002 81.970001 5209700 80.473204
20140311 82.190002 82.330002 80.720001 81.050003 7171600 79.570006
20140312 80.589996 81.389999 80.050003 81.379997 6378300 79.893974
20140313 81.75 81.980003 79.660004 79.93 8570600 78.470455
20140314 79.849998 80.410004 79.57 80.07 7754700 78.607897
20140317 80.50 81.599998 80.309998 81.389999 7280700 79.903794
20140318 81.529999 82.25 81.279999 81.989998 5395900 80.492836
20140319 82.25 82.300003 80.040001 80.519997 6403200 79.049677
20140320 80.589996 81.019997 79.760002 80.809998 5968200 79.334383
20140321 81.959999 82.050003 80.050003 80.349998 7840900 78.882783
20140324 80.709999 80.93 79.379997 79.489998 7642900 78.038487
20140325 80.239998 80.339996 78.599998 79.550003 6692400 78.097396
20140326 79.93 80.239998 78.610001 78.620003 6750800 77.184378
20140327 78.300003 78.610001 77.279999 78.480003 9194700 77.046935
20140328 78.730003 79.459999 78.309998 78.989998 5281700 77.547617
20140331 79.699997 80.389999 79.660004 80.07 6848800 78.607897
20140401 80.389999 81.610001 80.389999 81.57 6555000 80.080507
20140402 81.720001 81.970001 81.300003 81.669998 6073500 80.178679
20140403 81.919998 82.239998 81.139999 81.690002 4930100 80.198318
20140404 82.32 82.849998 80.400002 80.43 8894400 78.961324
20140407 80.419998 80.800003 78.559998 79.129997 9000800 77.68506
20140408 79.269997 79.650002 78.120003 79.57 7085100 78.117028
20140409 79.970001 80.529999 79.260002 80.470001 7004800 79.000595
20140410 80.919998 80.919998 77.480003 77.510002 10160200 76.094646
20140411 77.510002 77.949997 76.809998 77.010002 9204100 75.603776
20140414 77.699997 77.830002 76.849998 77.620003 5964700 76.202638
20140415 77.889999 78.209999 76.309998 77.660004 6398700 76.241909
20140416 78.379997 78.980003 78.190002 78.949997 5958800 77.508346
20140417 78.699997 80.220001 78.599998 79.989998 7627700 78.529356
20140421 79.959999 79.980003 78.690002 79.110001 7080300 77.665428
20140422 79.220001 79.889999 79.209999 79.449997 5876000 77.999216
20140423 79.529999 79.949997 78.970001 79.519997 4148600 78.067938
20140424 79.739998 80.059998 79.110001 79.589996 4632700 78.136659
20140425 79.459999 79.459999 78.160004 78.230003 6193300 76.8015
20140428 78.760002 79.059998 76.879997 77.779999 7522700 76.359713
20140429 78.349998 78.68 77.739998 78.639999 4608700 77.204009
20140430 78.50 79.529999 78.18 79.339996 6550200 77.891224
20140501 79.349998 79.870003 79.260002 79.559998 6486800 78.107208
20140502 79.620003 80.550003 79.620003 80.309998 7599300 78.843513
20140505 80.419998 81.309998 79.800003 81.220001 5669800 79.7369
20140506 81.589996 81.629997 80.800003 81.029999 10696500 79.550367
20140507 81.650002 82.440002 80.120003 80.290001 11906800 78.823881
20140508 80.209999 82.269997 80.07 81.599998 9257700 80.109958
20140509 81.269997 82.019997 80.900002 81.949997 5376600 80.453565
20140512 82.080002 82.940002 82.080002 82.419998 5704400 80.914984
20140513 82.43 82.75 81.75 82.080002 5274700 80.581196
20140514 81.769997 82.18 80.629997 80.919998 6192000 79.442375
20140515 80.639999 80.830002 79.209999 80.150002 7687700 78.686438
20140516 80.169998 80.419998 79.339996 80.389999 5823700 78.922054
20140519 80.43 81.379997 80.139999 81.050003 4896900 79.570006
20140520 80.940002 81.760002 80.519997 81.089996 6023200 79.609269
20140521 81.419998 82.339996 81.419998 82.190002 4736400 80.689188
20140522 82.190002 82.790001 82.040001 82.349998 4652000 80.846263
20140523 82.190002 83.360001 82.190002 83.32 4580300 81.798551
20140527 83.559998 83.980003 83.32 83.739998 5197700 82.21088
20140528 83.800003 83.900002 83.25 83.599998 4652100 82.073437
20140529 83.919998 84.089996 83.43 84.029999 6522000 82.495586
20140530 83.809998 84.389999 83.620003 84.010002 6352400 82.475954
20140602 84.269997 84.419998 84.010002 84.269997 3933800 82.731201
20140603 84.07 84.230003 83.720001 83.879997 4541400 82.348323
20140604 83.849998 84.400002 83.309998 84.239998 5800100 82.70175
20140605 84.370003 84.949997 83.900002 84.779999 5956000 83.231891
20140606 84.910004 84.989998 84.269997 84.610001 5302800 83.064997
20140609 84.599998 85.860001 84.529999 85.480003 5667600 83.919113
20140610 85.400002 85.400002 84.699997 84.75 4632600 83.20244
20140611 84.599998 84.809998 84.169998 84.309998 4300900 82.770472
20140612 84.029999 84.199997 82.599998 82.800003 7231400 81.28805
20140613 82.75 82.989998 81.800003 82.800003 4711100 81.28805
20140616 82.639999 83.440002 82.559998 83.300003 5181100 81.77892
20140617 82.980003 83.459999 82.610001 83.160004 4535900 81.641477
20140618 83.18 83.75 82.809998 83.580002 4536300 82.053806
20140619 83.650002 83.919998 83.25 83.769997 4326900 82.240331
20140620 84.07 84.080002 82.790001 82.82 11073400 81.307682
20140623 82.849998 82.93 82.32 82.760002 3946600 81.24878
20140624 82.68 83.57 82.489998 82.68 5057100 81.170239
20140625 82.669998 84.32 82.480003 83.900002 7899200 82.367962
20140626 84.68 84.68 83.769997 84.449997 6424000 82.907915
20140627 84.129997 85.389999 84.129997 85.300003 17932200 83.742399
20140630 85.440002 86.07 85.07 85.739998 6991400 84.17436
20140701 85.809998 86.870003 85.760002 86.470001 5608200 84.891033
20140702 86.580002 86.709999 86.199997 86.440002 4439600 84.861582
20140703 86.699997 86.980003 86.50 86.839996 3210400 85.254272
20140707 86.610001 86.82 86.32 86.589996 4897800 85.008837
20140708 86.190002 86.32 85.68 85.860001 4733600 84.292171
20140709 86.00 87.290001 85.849998 87.220001 6311200 85.627338
20140710 86.529999 87.610001 86.190002 86.860001 7249700 85.273911
20140711 87.00 87.360001 86.370003 86.889999 5016000 85.303362
20140714 87.459999 87.489998 86.660004 86.760002 4012300 85.175738
20140715 86.580002 86.650002 85.540001 86.150002 7001300 84.576877
20140716 86.690002 87.629997 85.120003 85.349998 10679300 83.791482
20140717 85.330002 86.190002 84.870003 85.029999 6885900 83.477325
20140718 85.440002 85.980003 85.169998 85.809998 4719100 84.243081
20140721 85.809998 86.00 85.50 85.739998 4799800 84.17436
20140722 86.370003 86.559998 85.510002 86.209999 4984200 84.635779
20140723 86.309998 86.529999 85.760002 86.040001 3650200 84.468885
20140724 86.50 86.959999 86.309998 86.800003 4168200 85.215009
20140725 86.300003 86.699997 86.050003 86.230003 4659800 84.655418
20140728 86.43 87.220001 85.809998 87.150002 4546800 85.558616
20140729 87.290001 87.300003 86.160004 86.199997 5478700 84.625959
20140730 86.620003 87.269997 86.089996 87.209999 7294200 85.617518
20140731 86.589996 86.949997 85.690002 85.879997 6342400 84.311803
20140801 85.389999 86.010002 85.209999 85.379997 6759200 83.820933
20140804 86.169998 87.519997 86.010002 87.239998 8262700 85.646969
20140805 87.139999 87.239998 86.019997 86.75 9361800 85.165919
20140806 86.18 87.620003 86.169998 86.589996 9789500 85.008837
20140807 86.989998 87.010002 85.230003 85.510002 7916900 83.948564
20140808 85.650002 86.889999 85.620003 86.849998 6382700 85.264091
20140811 87.07 87.980003 87.050003 87.50 5047900 85.902224
20140812 87.150002 87.620003 86.779999 87.209999 4510100 85.617518
20140813 87.739998 87.949997 87.419998 87.599998 4533200 86.000396
20140814 88.029999 88.910004 87.809998 88.610001 8218000 86.991955
20140815 89.019997 89.470001 88.690002 89.279999 8211000 87.649719
20140818 89.660004 90.370003 89.580002 89.970001 4973300 88.327122
20140819 90.129997 90.290001 89.639999 90.089996 4153000 88.444926
20140820 89.919998 90.050003 89.669998 89.839996 3894500 88.199491
20140821 90.059998 90.529999 89.980003 90.379997 4719100 88.729631
20140822 90.129997 90.900002 90.120003 90.489998 4756400 88.837623
20140825 90.949997 91.139999 90.300003 90.379997 3515400 88.729631
20140826 90.610001 90.669998 89.940002 90.019997 4117700 88.376204
20140827 90.139999 90.410004 89.980003 90.370003 3739700 88.719819
20140828 89.980003 90.489998 89.959999 90.230003 2678400 88.582376
20140829 90.32 90.379997 89.330002 89.879997 4179400 88.238762
20140902 90.18 90.93 90.150002 90.800003 5602000 89.141968
20140903 91.059998 91.160004 90.669998 90.940002 3684000 89.279411
20140904 90.870003 91.199997 90.010002 90.139999 5458700 88.494016
20140905 90.139999 90.940002 90.099998 90.940002 4597100 89.279411
20140908 90.760002 90.839996 90.160004 90.559998 4331200 88.906345
20140909 90.50 90.540001 89.510002 89.599998 4797700 87.963876
20140910 89.540001 89.82 88.75 89.519997 5078600 87.885335
20140911 89.199997 90.040001 89.059998 89.970001 4065500 88.327122
20140912 90.099998 90.199997 89.25 89.669998 3888500 88.032597
20140915 89.739998 90.370003 89.559998 90.080002 4910000 88.435114
20140916 89.709999 90.43 89.459999 90.269997 4324600 88.621639
20140917 90.580002 90.769997 89.970001 90.330002 4058100 88.680549
20140918 90.309998 90.50 89.910004 90.339996 4343600 88.690361
20140919 90.800003 91.150002 90.389999 90.489998 13382900 88.837623
20140922 90.489998 90.610001 89.190002 89.290001 5003000 87.659539
20140923 89.120003 89.239998 88.230003 88.309998 6155800 86.69743
20140924 88.360001 89.639999 88.239998 89.449997 5607000 87.816613
20140925 89.260002 89.599998 88.059998 88.07 7077400 86.461815
20140926 88.150002 88.889999 87.910004 88.739998 5786400 87.119579
20140929 88.120003 89.050003 87.360001 88.830002 5188600 87.207939
20140930 88.839996 89.540001 88.540001 89.029999 4824500 87.404284
20141001 89.080002 89.239998 87.199997 87.489998 7512500 85.892404
20141002 87.50 87.660004 84.650002 86.790001 11051100 85.205189
20141003 88.099998 88.900002 87.550003 88.449997 7549000 86.834873
20141006 88.790001 89.18 88.07 88.559998 4047800 86.942865
20141007 88.00 88.260002 87.040001 87.110001 6217600 85.519346
20141008 87.059998 88.150002 86.330002 88.110001 7008000 86.501086
20141009 88.029999 88.160004 85.57 85.709999 8726200 84.144909
20141010 85.919998 87.00 85.400002 86.269997 12675300 84.694681
20141013 85.919998 86.389999 83.760002 83.910004 9039800 82.377782
20141014 84.75 85.519997 83.900002 84.139999 8607100 82.603578
20141015 82.389999 83.760002 78.540001 82.080002 21844400 80.581196
20141016 79.93 82.470001 79.550003 81.739998 13216500 80.247401
20141017 82.68 84.660004 82.68 83.830002 12381800 82.299241
20141020 84.230003 85.610001 84.150002 85.519997 8302100 83.958376
20141021 86.32 87.68 86.25 87.540001 9170400 85.941494
20141022 87.940002 88.610001 86.980003 87.099998 9314500 85.509526
20141023 88.209999 88.629997 87.760002 87.989998 7245300 86.383274
20141024 87.910004 88.660004 87.580002 88.610001 4937500 86.991955
20141027 88.470001 88.989998 88.239998 88.449997 5644300 86.834873
20141028 89.040001 89.959999 88.949997 89.93 4540000 88.287852
20141029 89.839996 90.25 88.949997 89.529999 5442100 87.895154
20141030 89.440002 90.540001 88.910004 90.220001 4445300 88.572557
20141031 91.510002 91.980003 90.75 91.379997 7472200 89.711371
20141103 91.239998 91.82 91.00 91.709999 5447700 90.035347
20141104 91.970001 91.980003 89.800003 90.349998 7928500 88.70018
20141105 91.599998 91.599998 89.589996 91.00 7021000 89.338313
20141106 91.290001 92.00 91.150002 92.00 9938800 90.320052
20141107 89.389999 90.019997 88.650002 90.00 16176300 88.356573
20141110 90.239998 90.419998 88.949997 89.779999 8155700 88.140589
20141111 90.010002 90.029999 89.129997 89.980003 5896800 88.336941
20141112 89.769997 90.120003 89.330002 89.900002 5262500 88.258401
20141113 90.099998 90.709999 90.029999 90.489998 5097900 88.837623
20141114 90.68 90.849998 90.379997 90.800003 4280300 89.141968
20141117 90.50 90.779999 90.050003 90.410004 4147900 88.75909
20141118 90.330002 90.690002 90.129997 90.279999 4461600 88.631459
20141119 90.260002 90.279999 89.190002 89.82 7709500 88.17986
20141120 89.25 89.459999 88.75 88.900002 8602600 87.276661
20141121 89.690002 89.800003 88.760002 88.959999 7383100 87.335563
20141124 89.32 90.660004 89.32 90.580002 6503300 88.925984
20141125 90.709999 91.919998 90.709999 91.650002 7404200 89.976445
20141126 91.959999 92.279999 91.669998 91.919998 4607200 90.241511
20141128 92.529999 92.959999 92.230003 92.510002 3853000 90.820742
20141201 92.629997 93.139999 92.099998 92.699997 6714700 91.007267
20141202 92.650002 93.809998 92.419998 93.470001 6634900 91.763211
20141203 93.540001 93.660004 92.50 93.110001 5492400 91.409784
20141204 93.610001 93.629997 92.57 93.230003 6017300 91.527596
20141205 93.690002 93.980003 93.339996 93.760002 5226800 92.047916
20141208 94.209999 94.50 93.410004 93.800003 6682200 92.087187
20141209 93.510002 93.57 91.760002 92.940002 9519900 91.24289
20141210 92.519997 92.830002 91.550003 91.629997 10346100 89.956806
20141211 91.089996 92.660004 90.660004 91.75 8227800 91.219468
20141212 91.18 92.610001 90.949997 91.489998 7890900 90.960969
20141215 92.029999 92.690002 90.190002 90.900002 6746800 90.374384
20141216 90.50 92.00 90.129997 90.169998 6549400 89.648602
20141217 90.360001 91.68 90.199997 91.379997 6885900 90.851605
20141218 92.190002 92.610001 91.860001 92.610001 9387500 92.074496
20141219 92.339996 93.199997 91.879997 92.889999 12837900 92.352875
20141222 93.389999 94.360001 93.220001 94.199997 7477500 93.655298
20141223 94.480003 95.07 94.400002 94.690002 5385800 94.14247
20141224 94.690002 95.120003 94.370003 94.419998 2165700 93.874027
20141226 94.739998 95.309998 94.519997 95.029999 3141300 94.480501
20141229 94.739998 95.93 94.690002 95.50 3584400 94.947784
20141230 95.209999 95.50 94.50 94.699997 3490100 94.152407
20141231 95.129997 95.519997 94.029999 94.190002 4797000 93.645361
20150102 94.910004 95.279999 92.849998 93.75 5865400 93.207903
20150105 93.279999 93.349998 91.779999 92.379997 7789400 91.845822
20150106 92.57 93.190002 91.160004 91.889999 6793100 91.358658
20150107 92.720001 93.150002 92.099998 92.830002 6589500 92.293225
20150108 93.870003 94.300003 93.559998 93.790001 7579400 93.247673
20150109 94.050003 95.269997 93.989998 94.25 8621300 93.705012
20150112 94.690002 94.760002 93.769997 94.459999 6586200 93.913797
20150113 95.279999 96.43 94.699997 95.190002 9354400 94.639579
20150114 94.00 94.800003 93.290001 94.230003 6509300 93.685131
20150115 94.230003 94.959999 94.040001 94.349998 5662200 93.804432
20150116 94.00 95.230003 93.980003 95.18 6117000 94.629635
20150120 95.220001 95.389999 93.75 94.739998 7940600 94.192177
20150121 94.370003 94.739998 93.82 94.169998 7474700 93.625473
20150122 94.580002 95.389999 94.010002 95.150002 7014200 94.599809
20150123 94.919998 95.529999 94.43 94.720001 4664700 94.172296
20150126 94.449997 95.00 93.93 94.970001 5446900 94.42085
20150127 93.940002 94.739998 93.360001 93.970001 5390000 93.426632
20150128 94.139999 94.470001 92.610001 92.669998 6198400 92.134146
20150129 93.110001 93.50 91.519997 93.220001 7681700 92.680969
20150130 92.50 92.940002 90.830002 90.959999 10212300 90.434035
20150202 91.300003 92.050003 90.059998 91.93 9392000 91.398427
20150203 92.43 94.110001 92.190002 94.099998 12329100 93.555878
20150204 99.389999 101.940002 98.82 101.279999 32640500 100.694361
20150205 100.760002 102.839996 100.510002 102.639999 14089500 102.046497
20150206 102.669998 102.989998 101.650002 102.019997 8475600 101.43008
20150209 101.800003 102.50 101.449997 101.730003 5461800 101.141763
20150210 101.959999 102.190002 101.18 101.919998 5726300 101.330659
20150211 102.010002 102.019997 101.07 101.870003 5868200 101.280953
20150212 102.160004 103.849998 101.699997 103.580002 6816800 102.981064
20150213 103.730003 104.410004 103.43 104.169998 5175600 103.567649
20150217 104.230003 104.449997 103.57 104.120003 4759300 103.517943
20150218 103.400002 104.330002 103.400002 103.860001 3760200 103.259444
20150219 104.00 104.080002 103.550003 103.889999 5094100 103.289269
20150220 103.860001 104.690002 102.730003 104.550003 5197000 103.945457
20150223 104.760002 105.230003 104.440002 104.989998 5587100 104.382907
20150224 104.540001 105.050003 104.349998 104.669998 4098800 104.064758
20150225 104.68 105.980003 104.669998 105.57 6547200 104.959555
20150226 105.50 105.709999 104.139999 104.559998 5049000 103.955393
20150227 104.669998 105.139999 103.959999 104.080002 4161600 103.478173
20150302 104.349998 105.980003 104.349998 105.889999 5635500 105.277705
20150303 105.779999 106.639999 105.209999 106.349998 4671900 105.735044
20150304 105.860001 106.00 104.779999 105.57 4972300 104.959555
20150305 105.540001 105.809998 104.870003 105.029999 3954700 104.422677
20150306 104.669998 105.00 103.489998 103.82 5704200 103.219674
20150309 103.940002 105.419998 103.82 105.260002 4868900 104.65135
20150310 104.269997 104.349998 103.089996 103.089996 6472600 102.493892
20150311 103.510002 104.00 102.870003 102.889999 4831900 102.295052
20150312 103.849998 107.330002 103.809998 107.169998 10730400 106.550302
20150313 107.279999 107.279999 105.519997 106.440002 8024200 105.824527
20150316 106.839996 107.730003 106.050003 107.370003 6407300 106.74915
20150317 107.00 107.209999 106.150002 106.959999 4489400 106.341517
20150318 106.900002 108.419998 105.730003 107.970001 5520600 107.345679
20150319 107.839996 108.480003 107.139999 107.370003 4885600 106.74915
20150320 107.830002 108.940002 107.50 108.43 8710100 107.803018
20150323 108.599998 108.849998 108.040001 108.220001 5667000 107.594234
20150324 107.720001 108.050003 107.080002 107.110001 4493500 106.490651
20150325 107.449997 107.459999 105.00 105.00 6964700 104.392852
20150326 104.470001 105.82 104.099998 105.239998 5915800 104.631462
20150327 105.199997 106.449997 104.879997 105.480003 5330400 104.870079
20150330 106.059998 106.949997 106.050003 106.120003 3831900 105.506378
20150331 105.599998 106.32 104.889999 104.889999 5701600 104.283487
20150401 105.43 106.00 104.25 105.440002 6117200 104.83031
20150402 105.489998 106.239998 104.860001 106.00 3651600 105.387069
20150406 105.309998 106.57 105.040001 105.629997 4153500 105.019206
20150407 105.800003 106.410004 105.400002 105.43 4694600 104.820365
20150408 105.230003 106.690002 105.160004 106.360001 4277400 105.744988
20150409 106.510002 107.00 105.879997 106.769997 3924400 106.152613
20150410 106.730003 107.099998 106.410004 106.949997 3251500 106.331573
20150413 107.07 107.900002 106.470001 106.510002 4201500 105.894122
20150414 106.410004 107.300003 106.110001 106.660004 5389300 106.043257
20150415 106.919998 107.43 106.860001 106.980003 4307300 106.361406
20150416 107.150002 108.300003 106.900002 108.099998 6379100 107.474925
20150417 107.800003 107.800003 106.040001 106.690002 9663500 106.073082
20150420 107.830002 108.50 107.32 108.220001 8094200 107.594234
20150421 108.93 108.989998 107.580002 107.68 4579400 107.057355
20150422 108.019997 108.25 106.970001 107.940002 4060500 107.315854
20150423 107.959999 109.900002 107.610001 109.00 5983800 108.369722
20150424 109.529999 110.480003 109.190002 109.529999 6355600 108.896656
20150427 111.50 111.660004 110.07 110.160004 8479100 109.523018
20150428 110.75 111.150002 108.889999 109.919998 7324500 109.284401
20150429 109.660004 110.379997 109.260002 109.809998 6024700 109.175036
20150430 109.68 110.190002 107.68 108.720001 7770300 108.091342
20150501 109.949997 110.669998 109.269997 110.519997 6205100 109.88093
20150504 111.480003 111.529999 110.50 111.029999 7566200 110.387983
20150505 113.269997 113.300003 110.559998 110.809998 14619300 110.169254
20150506 111.559998 111.959999 109.220001 109.720001 8975300 109.08556
20150507 109.599998 109.779999 108.720001 109.260002 8291200 108.628221
20150508 110.260002 110.699997 109.57 110.110001 6260600 109.473304
20150511 110.139999 110.139999 108.489998 108.599998 6728500 107.972034
20150512 108.599998 109.660004 107.669998 109.239998 6345000 108.608332
20150513 109.699997 109.870003 108.779999 109.190002 4141400 108.558626
20150514 109.690002 110.00 109.010002 109.93 4662000 109.294345
20150515 110.099998 110.690002 109.68 110.300003 5852200 109.662208
20150518 110.470001 110.739998 110.010002 110.330002 4868900 109.692033
20150519 110.690002 110.989998 110.470001 110.559998 4549600 109.920699
20150520 110.779999 110.809998 110.019997 110.199997 4393500 109.56278
20150521 110.040001 110.639999 109.900002 110.389999 4880600 109.751684
20150522 110.300003 110.900002 110.120003 110.260002 4267700 109.622438
20150526 110.169998 110.849998 108.760002 109.440002 5970800 108.80718
20150527 109.510002 110.610001 109.300003 110.370003 3984200 109.731803
20150528 110.110001 110.540001 109.599998 110.529999 3392000 109.890874
20150529 110.330002 110.519997 109.410004 110.370003 5264900 109.731803
20150601 111.480003 111.769997 110.550003 110.959999 6778900 110.318388
20150602 110.919998 111.25 110.019997 110.75 4425900 110.109603
20150603 110.75 111.82 110.50 111.169998 4510300 110.527173
20150604 110.949997 111.25 109.989998 110.300003 5748200 109.662208
20150605 110.300003 110.769997 109.800003 110.300003 4323500 109.662208
20150608 110.029999 110.239998 109.209999 109.290001 6068100 108.658046
20150609 109.349998 109.410004 107.650002 108.519997 7711800 107.892494
20150610 108.900002 110.25 108.730003 110.00 5128700 109.36394
20150611 110.010002 110.959999 110.010002 110.620003 5036300 109.980357
20150612 110.330002 110.529999 109.540001 109.949997 4009900 109.314226
20150615 109.269997 110.410004 108.93 110.18 5742200 109.542899
20150616 110.349998 111.290001 109.900002 111.059998 3848300 110.417808
20150617 111.199997 111.940002 110.879997 111.489998 4732300 110.845322
20150618 111.830002 113.550003 111.580002 113.220001 6929900 112.565322
20150619 112.830002 113.480003 112.400002 112.620003 9587700 111.968793
20150622 113.400002 114.470001 113.269997 113.529999 5906200 112.873527
20150623 113.93 114.519997 113.720001 114.410004 6003100 113.748443
20150624 114.300003 114.559998 113.709999 113.769997 5636200 113.112137
20150625 114.620003 115.279999 114.389999 114.449997 6213500 113.788205
20150626 114.970001 115.18 114.410004 114.989998 9509600 114.325084
20150629 114.160004 115.190002 113.00 113.050003 7618200 112.396307
20150630 113.93 114.860001 113.550003 114.139999 6946700 113.48
20150701 114.949997 115.25 114.339996 115.129997 5435400 115.129997
20150702 115.379997 115.669998 114.449997 114.970001 5549500 114.970001
20150706 114.470001 115.860001 114.269997 115.699997 5880500 115.699997
20150707 116.419998 117.190002 114.860001 117.099998 8359900 117.099998
20150708 116.50 116.68 115.110001 115.190002 8445200 115.190002
20150709 116.830002 117.209999 115.510002 115.599998 7016800 115.599998
20150710 117.050003 117.43 115.669998 116.440002 7020700 116.440002
20150713 117.75 118.309998 117.25 118.050003 7595200 118.050003
20150714 118.029999 118.139999 117.699997 117.849998 5049000 117.849998
20150715 118.040001 118.900002 117.849998 118.300003 4838400 118.300003
20150716 119.00 119.150002 118.540001 119.07 6293500 119.07
20150717 118.690002 118.900002 118.029999 118.860001 5106200 118.860001
20150720 119.290001 119.900002 118.889999 119.580002 6611400 119.580002
20150721 119.760002 119.800003 118.830002 119.309998 4375400 119.309998
20150722 119.279999 119.699997 118.93 119.330002 4711800 119.330002
20150723 119.300003 119.669998 118.57 118.800003 3304600 118.800003
20150724 119.349998 119.800003 118.580002 118.910004 4084300 118.910004
20150727 118.629997 118.800003 117.779999 118.25 5174800 118.25
20150728 118.68 118.900002 117.870003 118.459999 6366100 118.459999
20150729 118.849998 119.860001 118.410004 119.839996 6062600 119.839996
20150730 119.709999 120.349998 119.010002 120.029999 4412400 120.029999
20150731 120.120003 120.720001 119.599998 120.00 5691500 120.00
20150803 120.879997 121.730003 120.169998 121.120003 8323300 121.120003
20150804 121.50 122.080002 120.610001 121.690002 10018300 121.690002
20150805 110.830002 113.949997 109.50 110.529999 60905900 110.529999
20150806 110.400002 110.400002 104.239998 108.550003 57175200 108.550003
20150807 108.75 109.559998 107.660004 109.349998 15771600 109.349998
20150810 110.00 111.00 109.739998 111.00 11477400 111.00
20150811 110.339996 110.489998 107.949997 108.00 13528500 108.00
20150812 107.00 107.440002 105.510002 106.989998 16923500 106.989998
20150813 107.209999 108.510002 106.75 107.519997 9698500 107.519997
20150814 107.610001 107.669998 106.519997 107.160004 7088700 107.160004
20150817 107.300003 109.279999 106.839996 109.050003 7922300 109.050003
20150818 108.040001 108.25 106.800003 106.940002 11969000 106.940002
20150819 106.580002 107.75 105.769997 106.449997 9420800 106.449997
20150820 104.339996 105.00 99.760002 100.019997 34534500 100.019997
20150821 97.50 100.629997 96.610001 98.839996 30804400 98.839996
20150824 93.379997 100.00 90.00 95.360001 29907400 95.360001
20150825 99.730003 100.089996 95.720001 95.889999 18961000 95.889999
20150826 98.690002 99.489998 96.260002 99.230003 13691200 99.230003
20150827 101.349998 102.620003 99.779999 102.169998 17378300 102.169998
20150828 102.190002 103.339996 101.809998 102.480003 10992100 102.480003
20150831 102.300003 102.459999 100.910004 101.879997 8473600 101.879997
20150901 99.309998 101.339996 99.160004 99.510002 14169500 99.510002
20150902 100.919998 101.940002 99.550003 101.889999 12109700 101.889999
20150903 102.199997 103.029999 101.459999 101.989998 8930600 101.989998
20150904 100.959999 101.82 100.360001 100.970001 9205400 100.970001
20150908 102.949997 104.150002 102.519997 104.010002 8501400 104.010002
20150909 104.75 104.949997 101.68 101.910004 9495600 101.910004
20150910 101.849998 103.220001 101.330002 102.599998 9003500 102.599998
20150911 102.349998 104.50 102.199997 104.480003 9504700 104.480003
20150914 104.650002 104.900002 102.989998 103.82 6955600 103.82
20150915 103.25 103.800003 101.830002 103.43 9153500 103.43
20150916 103.32 104.07 102.75 103.959999 6499500 103.959999
20150917 104.199997 105.949997 103.75 104.199997 7645600 104.199997
20150918 103.199997 104.209999 102.389999 102.839996 13423100 102.839996
20150921 103.68 103.830002 102.459999 103.410004 7134900 103.410004
20150922 102.18 102.75 101.480003 102.489998 8300500 102.489998
20150923 102.440002 102.629997 101.379997 101.57 5807000 101.57
20150924 101.00 101.330002 99.239998 100.620003 10599700 100.620003
20150925 101.510002 101.800003 99.580002 100.300003 7155100 100.300003
