20130102 21.51 21.540001 21.200001 21.34 46089500 19.443705
20130103 21.48 21.49 21.049999 21.10 48509100 19.225032
20130104 21.209999 21.26 21.120001 21.200001 29802600 19.316146
20130107 21.16 21.219999 20.959999 21.129999 32746700 19.252365
20130108 21.10 21.120001 20.68 20.90 40045500 19.042804
20130109 21.040001 21.07 20.93 20.950001 28540500 19.088362
20130110 21.040001 21.23 20.959999 21.17 33348200 19.288812
20130111 21.219999 21.24 21.02 21.129999 41839700 19.252365
20130114 21.18 21.24 21.07 21.120001 31715900 19.243255
20130115 21.040001 21.209999 21.01 21.200001 26551000 19.316146
20130116 21.15 21.200001 21.059999 21.120001 38932100 19.243255
20130117 21.219999 21.540001 21.120001 21.299999 63851700 19.407259
20130118 21.940001 22.190001 21.59 22.040001 113079400 20.081503
20130122 22.18 22.200001 21.90 22.01 55165800 20.054169
20130123 21.98 22.030001 21.75 21.940001 47228500 19.990389
20130124 21.959999 22.190001 21.950001 22.049999 46991100 20.090613
20130125 22.280001 22.309999 22.110001 22.290001 41919800 20.309288
20130128 22.440001 22.540001 22.26 22.50 49558400 20.500626
20130129 22.49 22.58 22.40 22.50 34148000 20.500626
20130130 22.52 22.549999 22.23 22.23 36200400 20.254618
20130131 22.209999 22.40 22.18 22.280001 34427700 20.300176
20130201 22.43 22.639999 22.32 22.620001 43840300 20.609964
20130204 22.41 22.49 22.280001 22.309999 35836600 20.32751
20130205 22.48 22.620001 22.450001 22.540001 30917700 20.537073
20130206 22.469999 22.50 22.309999 22.440001 42985800 20.445959
20130207 22.50 22.51 22.27 22.48 38325900 20.482403
20130208 22.50 22.559999 22.450001 22.50 24424600 20.500626
20130211 22.49 22.51 22.35 22.450001 19738700 20.45507
20130212 22.48 22.65 22.48 22.58 34297500 20.573517
20130213 23.110001 23.48 23.040001 23.389999 84926900 21.31154
20130214 23.25 23.49 23.110001 23.41 53996500 21.329763
20130215 23.48 23.549999 23.23 23.290001 39283000 21.220427
20130219 23.42 23.75 23.41 23.75 41219000 21.63955
20130220 23.709999 23.75 23.35 23.41 38107400 21.329763
20130221 23.18 23.35 23.120001 23.26 47811200 21.366506
20130222 23.35 23.450001 23.23 23.389999 27836300 21.485923
20130225 23.50 23.530001 22.809999 22.809999 51619800 20.953138
20130226 22.969999 23.15 22.91 23.049999 41316300 21.173601
20130227 23.02 23.40 23.00 23.370001 29676400 21.467552
20130228 23.370001 23.459999 23.200001 23.219999 39714600 21.329762
20130301 23.02 23.34 23.00 23.190001 41226900 21.302205
20130304 23.15 23.280001 23.030001 23.27 25457800 21.375693
20130305 23.459999 23.709999 23.440001 23.59 35728000 21.669643
20130306 23.84 23.84 23.67 23.67 31539100 21.74313
20130307 23.700001 23.83 23.67 23.68 22955700 21.752316
20130308 23.860001 23.90 23.68 23.77 28952100 21.83499
20130311 23.690001 23.75 23.450001 23.620001 34947200 21.697201
20130312 23.59 23.60 23.33 23.41 36593000 21.504295
20130313 23.440001 23.52 23.40 23.49 24152400 21.577783
20130314 23.549999 23.76 23.51 23.690001 34629800 21.761502
20130315 23.440001 23.719999 23.360001 23.440001 58857200 21.531854
20130318 23.17 23.35 23.129999 23.25 33700000 21.35732
20130319 23.299999 23.360001 23.17 23.32 36150200 21.421622
20130320 23.73 23.799999 23.33 23.459999 39254000 21.550224
20130321 23.42 23.60 23.290001 23.290001 38543900 21.394065
20130322 23.32 23.40 23.280001 23.370001 30606100 21.467552
20130325 23.450001 23.48 23.049999 23.24 41684400 21.348134
20130326 23.27 23.299999 23.01 23.120001 32353500 21.237904
20130327 23.02 23.139999 22.85 23.10 27492500 21.219531
20130328 23.139999 23.200001 22.99 23.120001 31151000 21.237904
20130401 23.030001 23.10 22.969999 23.08 27449700 21.201159
20130402 23.17 23.370001 23.10 23.34 29180100 21.439994
20130403 23.379999 23.40 22.92 23.00 52570300 21.127672
20130404 23.01 23.129999 22.959999 23.08 30472100 21.201159
20130405 22.799999 22.940001 22.76 22.93 31402200 21.06337
20130408 23.049999 23.120001 22.83 23.120001 30493600 21.237904
20130409 23.25 23.25 22.90 23.059999 31668200 21.182787
20130410 23.10 23.65 23.059999 23.58 39772300 21.660456
20130411 23.549999 23.719999 23.43 23.59 27084400 21.669643
20130412 23.49 23.59 23.33 23.459999 27234300 21.550224
20130415 23.280001 23.299999 22.809999 22.809999 46453800 20.953138
20130416 23.07 23.10 22.90 23.10 36016700 21.219531
20130417 22.959999 23.030001 22.65 22.76 42672900 20.907209
20130418 22.76 22.85 22.57 22.67 41170900 20.824536
20130419 21.940001 22.030001 21.610001 21.75 108837900 19.979429
20130422 21.67 21.68 21.110001 21.35 87828900 19.611991
20130423 21.549999 21.690001 21.360001 21.50 65489600 19.74978
20130424 21.690001 22.030001 21.65 21.959999 51506700 20.172333
20130425 22.209999 22.23 21.91 21.950001 41462900 20.163148
20130426 21.98 22.40 21.969999 22.209999 47012500 20.401981
20130429 22.309999 22.32 22.00 22.27 36531800 20.457098
20130430 22.290001 22.379999 22.209999 22.290001 34054800 20.47547
20130501 22.10 22.35 22.10 22.15 39201600 20.346866
20130502 22.25 22.32 22.15 22.32 27651500 20.503027
20130503 22.57 22.85 22.549999 22.57 45523300 20.732676
20130506 22.559999 22.639999 22.32 22.58 28563900 20.741862
20130507 22.690001 22.790001 22.620001 22.68 28211700 20.833722
20130508 22.68 23.02 22.620001 23.01 39977300 21.136858
20130509 22.99 23.10 22.690001 22.780001 29974300 20.925582
20130510 22.77 22.91 22.59 22.90 35117300 21.035812
20130513 22.860001 22.879999 22.620001 22.85 30283800 20.989883
20130514 22.85 23.07 22.809999 23.01 39592300 21.136858
20130515 23.040001 23.25 22.91 23.24 40153000 21.348134
20130516 23.10 23.35 23.10 23.27 33023300 21.375693
20130517 23.27 23.48 23.200001 23.459999 41037700 21.550224
20130520 23.459999 23.58 23.43 23.57 32884800 21.65127
20130521 23.59 23.780001 23.59 23.66 33815000 21.733944
20130522 23.780001 24.129999 23.75 23.860001 68514400 21.917663
20130523 23.52 23.75 23.450001 23.66 44383600 21.733944
20130524 23.50 23.67 23.49 23.530001 41015200 21.614527
20130528 23.77 23.84 23.58 23.60 47323000 21.678829
20130529 23.42 23.700001 23.40 23.639999 39236500 21.715572
20130530 23.58 23.76 23.50 23.60 29347100 21.678829
20130531 23.59 23.790001 23.309999 23.32 49247600 21.421622
20130603 23.370001 23.780001 23.32 23.639999 45218400 21.715572
20130604 23.59 23.76 23.41 23.66 38701300 21.733944
20130605 23.549999 23.58 23.209999 23.32 44756200 21.421622
20130606 23.25 23.389999 23.10 23.379999 42677500 21.476737
20130607 23.540001 23.950001 23.469999 23.860001 49041200 21.917663
20130610 23.879999 23.92 23.639999 23.780001 41626500 21.844176
20130611 23.49 23.690001 23.48 23.58 36183000 21.660456
20130612 23.700001 23.73 23.42 23.50 33842000 21.586969
20130613 23.450001 23.790001 23.34 23.68 34930500 21.752316
20130614 23.68 23.75 23.459999 23.52 27846000 21.605341
20130617 23.75 23.85 23.65 23.77 39278300 21.83499
20130618 23.83 24.450001 23.77 24.33 72766900 22.349402
20130619 24.200001 24.35 23.98 23.98 46082200 22.027894
20130620 23.629999 23.690001 23.200001 23.25 62733200 21.527892
20130621 23.58 23.639999 23.209999 23.360001 65025200 21.629745
20130624 23.120001 23.15 22.76 22.93 48760800 21.231595
20130625 23.17 23.25 22.940001 23.110001 36569100 21.398263
20130626 23.43 23.440001 23.02 23.25 32531700 21.527892
20130627 23.41 23.48 23.26 23.32 30867900 21.592707
20130628 23.32 23.440001 23.16 23.190001 45923200 21.472337
20130701 23.209999 23.639999 23.190001 23.34 35784800 21.611226
20130702 23.27 23.34 22.879999 22.90 47571200 21.203816
20130703 22.83 22.98 22.76 22.91 21448500 21.213076
20130705 23.17 23.24 22.950001 23.24 22688900 21.518633
20130708 23.360001 23.530001 23.27 23.32 35481100 21.592707
20130709 23.52 23.799999 23.51 23.620001 31541400 21.870488
20130710 23.719999 23.73 23.360001 23.540001 28457100 21.796413
20130711 23.91 23.959999 23.629999 23.940001 32618400 22.166785
20130712 23.99 24.00 23.59 23.76 33257700 22.000117
20130715 23.73 23.74 23.559999 23.629999 35853500 21.879745
20130716 23.66 23.67 23.34 23.43 38192400 21.69456
20130717 23.540001 23.610001 23.43 23.540001 26858500 21.796413
20130718 23.60 23.940001 23.559999 23.629999 41438200 21.879745
20130719 24.209999 24.950001 24.10 24.719999 103708900 22.88901
20130722 24.77 24.92 24.73 24.860001 41560800 23.018642
20130723 24.870001 24.879999 24.629999 24.709999 32553000 22.879751
20130724 24.790001 24.84 24.559999 24.620001 27485000 22.796418
20130725 24.610001 24.690001 24.52 24.690001 29951700 22.861233
20130726 24.65 24.66 24.50 24.65 31115200 22.824195
20130729 24.530001 24.60 24.459999 24.49 25588600 22.676046
20130730 24.57 24.639999 24.40 24.48 31201500 22.666787
20130731 24.57 24.690001 24.360001 24.370001 38954900 22.564936
20130801 24.60 24.870001 24.52 24.620001 31937700 22.796418
20130802 24.52 24.700001 24.40 24.700001 25721400 22.870493
20130805 24.57 24.60 24.49 24.52 17971600 22.703825
20130806 24.49 24.50 24.25 24.309999 22911500 22.509379
20130807 24.209999 24.34 24.09 24.34 27971600 22.537157
20130808 24.469999 24.540001 24.219999 24.33 22372500 22.527898
20130809 24.34 24.440001 24.209999 24.25 20763500 22.453823
20130812 24.139999 24.299999 24.059999 24.27 27365900 22.472342
20130813 24.299999 24.299999 24.10 24.200001 28533700 22.407527
20130814 24.200001 24.290001 24.049999 24.07 27983800 22.287155
20130815 23.969999 24.26 23.92 24.00 39962300 22.222341
20130816 23.879999 24.049999 23.860001 23.950001 36315500 22.176045
20130819 23.90 23.959999 23.76 23.85 32219000 22.083451
20130820 23.77 23.85 23.629999 23.719999 30451500 21.963079
20130821 23.719999 23.790001 23.559999 23.610001 31897000 21.861228
20130822 23.66 23.799999 23.610001 23.780001 31033000 22.018636
20130823 23.83 23.85 23.639999 23.780001 20690400 22.018636
20130826 23.74 23.790001 23.559999 23.610001 25948900 21.861228
20130827 23.360001 23.389999 23.110001 23.18 51392900 21.463078
20130828 23.16 23.40 23.16 23.200001 28862600 21.481597
20130829 23.16 23.299999 23.09 23.110001 22104600 21.398263
20130830 23.440001 23.50 23.040001 23.139999 46275600 21.426039
20130903 23.309999 23.450001 22.92 23.059999 52049800 21.351965
20130904 22.99 23.18 22.959999 23.17 31629800 21.453818
20130905 23.34 23.35 23.09 23.16 30302300 21.444559
20130906 23.15 23.379999 22.959999 23.16 36731500 21.444559
20130909 23.25 23.459999 23.18 23.389999 28181800 21.657522
20130910 23.67 23.940001 23.620001 23.870001 35717800 22.10197
20130911 23.950001 24.09 23.719999 24.09 34603600 22.305675
20130912 24.16 24.200001 23.77 23.85 30677600 22.083451
20130913 23.77 23.90 23.75 23.780001 19071500 22.018636
20130916 24.059999 24.23 23.93 24.139999 36741200 22.35197
20130917 24.129999 24.469999 24.110001 24.450001 35810200 22.63901
20130918 24.469999 24.91 24.40 24.860001 51092000 23.018642
20130919 24.799999 24.889999 24.40 24.459999 49713200 22.822696
20130920 24.549999 24.559999 24.00 24.01 67953000 22.402819
20130923 24.200001 24.379999 24.15 24.280001 41414600 22.654746
20130924 24.219999 24.540001 24.219999 24.32 33024300 22.692068
20130925 24.299999 24.48 24.200001 24.23 29448200 22.608092
20130926 24.299999 24.51 23.959999 24.25 34259500 22.626754
20130927 24.10 24.10 23.940001 24.049999 25753800 22.440141
20130930 23.879999 24.08 23.82 23.889999 35343600 22.290851
20131001 23.940001 24.219999 23.90 24.17 28985200 22.552109
20131002 24.139999 24.35 24.049999 24.33 34224600 22.701399
20131003 24.219999 24.25 23.84 24.10 37472200 22.486795
20131004 24.18 24.18 23.90 24.049999 33307300 22.440141
20131007 23.84 24.129999 23.799999 23.940001 28981600 22.337505
20131008 23.92 23.92 23.67 23.67 42390800 22.085578
20131009 23.84 23.84 23.50 23.57 35095500 21.992271
20131010 23.90 24.25 23.82 24.25 38175500 22.626754
20131011 24.32 24.49 24.200001 24.40 34178400 22.766713
20131014 24.209999 24.379999 24.16 24.379999 22026900 22.748051
20131015 24.27 24.450001 24.15 24.190001 28367200 22.570771
20131016 24.35 24.40 24.129999 24.360001 30230600 22.729391
20131017 24.379999 24.68 24.23 24.68 45442400 23.027971
20131018 25.209999 25.75 25.09 25.549999 98507300 23.839734
20131021 25.870001 26.35 25.790001 26.139999 60782400 24.390241
20131022 26.190001 26.24 25.98 26.02 43352900 24.278274
20131023 25.99 26.00 25.639999 25.700001 39545800 23.979695
20131024 25.84 26.02 25.67 25.940001 34619100 24.203629
20131025 26.07 26.08 25.799999 25.879999 27373400 24.147644
20131028 25.879999 26.16 25.76 26.09 31952000 24.343588
20131029 26.190001 26.299999 26.07 26.209999 38436000 24.455555
20131030 26.290001 26.48 26.190001 26.370001 39840400 24.604846
20131031 26.35 26.440001 26.120001 26.139999 42852500 24.390241
20131101 26.049999 26.639999 26.030001 26.540001 55634500 24.763467
20131104 26.59 26.59 26.309999 26.43 28166100 24.660829
20131105 26.32 26.52 26.26 26.42 24897500 24.651499
20131106 26.469999 26.98 26.450001 26.90 58658800 25.099368
20131107 26.940001 27.190001 26.60 26.60 59541600 24.81945
20131108 26.42 27.059999 26.40 27.049999 37708900 25.239327
20131111 27.02 27.040001 26.889999 27.01 23888300 25.202005
20131112 26.92 27.139999 26.809999 27.049999 37560200 25.239327
20131113 26.969999 27.15 26.75 27.15 34393600 25.332633
20131114 27.15 27.200001 26.860001 26.99 32454600 25.183344
20131115 27.01 27.43 26.969999 27.200001 51698500 25.379288
20131118 27.280001 27.50 27.110001 27.219999 39084100 25.397947
20131119 27.129999 27.33 26.92 27.030001 35722000 25.220667
20131120 26.99 27.17 26.879999 26.959999 30286400 25.155351
20131121 27.02 27.02 26.76 26.91 30361500 25.108699
20131122 26.870001 27.09 26.860001 27.08 22047800 25.267319
20131125 27.139999 27.17 26.73 26.73 32335400 24.940747
20131126 26.719999 26.950001 26.719999 26.780001 36551000 24.987401
20131127 26.83 26.90 26.75 26.83 22707700 25.034054
20131129 26.75 26.870001 26.629999 26.66 21405900 24.875433
20131202 26.65 26.74 26.559999 26.66 34650700 24.875433
20131203 26.60 26.60 26.34 26.559999 32745800 24.782127
20131204 26.34 26.66 26.200001 26.639999 44947100 24.856772
20131205 26.629999 26.639999 26.35 26.450001 28455400 24.679491
20131206 26.77 26.98 26.68 26.940001 25347300 25.136691
20131209 26.93 27.33 26.879999 27.190001 30725600 25.369957
20131210 27.09 27.389999 27.07 27.139999 30864700 25.323303
20131211 27.110001 27.129999 26.540001 26.58 40161400 24.800788
20131212 26.50 26.700001 26.48 26.540001 30960200 24.763467
20131213 26.59 26.940001 26.51 26.84 39833700 25.043385
20131216 26.940001 27.09 26.870001 26.98 40160000 25.174013
20131217 27.10 27.139999 26.940001 27.030001 36632600 25.220667
20131218 27.030001 27.469999 26.84 27.41 55268800 25.57523
20131219 27.17 27.40 26.83 27.32 50735900 25.69751
20131220 27.27 27.469999 27.02 27.360001 78154800 25.735136
20131223 27.43 27.49 27.27 27.40 29903400 25.772759
20131224 27.379999 27.66 27.360001 27.610001 15109700 25.970289
20131226 27.68 27.959999 27.60 27.83 24765300 26.177222
20131227 27.84 27.940001 27.76 27.83 18990700 26.177222
20131230 27.84 27.98 27.799999 27.889999 23832300 26.233659
20131231 27.90 28.09 27.83 28.030001 30306700 26.365345
20140102 27.860001 27.940001 27.41 27.50 41453700 25.866821
20140103 27.52 27.60 27.41 27.48 27570800 25.848008
20140106 27.66 27.73 27.15 27.26 29356600 25.641074
20140107 27.48 27.49 27.209999 27.290001 24728000 25.669293
20140108 27.35 27.360001 27.120001 27.209999 25868900 25.594042
20140109 27.33 27.360001 26.93 27.219999 31311400 25.603449
20140110 27.190001 27.23 26.860001 26.959999 38828600 25.35889
20140113 26.98 27.10 26.68 26.73 34419200 25.142549
20140114 26.84 27.00 26.74 26.969999 24945900 25.368296
20140115 27.15 27.40 27.01 27.34 31863300 25.716323
20140116 27.219999 27.27 27.08 27.200001 32648300 25.584638
20140117 26.879999 26.92 26.280001 26.58 97240600 25.001458
20140121 26.73 26.74 26.040001 26.290001 59938700 24.728681
20140122 26.299999 26.309999 25.99 25.99 48673300 24.446497
20140123 25.98 25.98 25.530001 25.82 58047400 24.286593
20140124 25.57 25.59 24.950001 24.950001 95605000 23.468262
20140127 25.26 25.290001 24.90 25.07 60548000 23.581134
20140128 25.33 25.620001 25.299999 25.459999 50425800 23.947972
20140129 25.34 25.52 25.16 25.290001 39629700 23.78807
20140130 25.50 25.59 25.33 25.50 30094200 23.985597
20140131 25.209999 25.379999 25.08 25.129999 40334000 23.63757
20140203 25.129999 25.209999 24.32 24.35 75451400 22.903894
20140204 24.530001 24.780001 24.40 24.57 45856000 23.110828
20140205 24.459999 24.639999 24.32 24.52 40259700 23.063798
20140206 24.799999 25.10 24.620001 24.950001 44724400 23.468262
20140207 25.200001 25.280001 25.00 25.190001 34720900 23.694008
20140210 25.389999 25.389999 24.93 25.049999 33004400 23.562321
20140211 25.209999 25.52 25.16 25.43 32587400 23.919755
20140212 25.57 25.629999 25.35 25.389999 25227900 23.882129
20140213 25.23 25.440001 25.110001 25.440001 32357200 23.929161
20140214 25.469999 25.85 25.379999 25.74 24928400 24.211344
20140218 26.01 26.040001 25.65 25.65 29216000 24.126689
20140219 25.68 25.77 25.370001 25.40 33893100 23.891536
20140220 25.309999 25.32 25.02 25.120001 32274900 23.834606
20140221 25.120001 25.190001 24.940001 24.940001 37146000 23.663816
20140224 25.02 25.450001 24.959999 25.290001 38023300 23.995907
20140225 25.379999 25.48 25.17 25.27 33090400 23.97693
20140226 25.33 25.360001 25.10 25.299999 29784400 24.005394
20140227 25.209999 25.559999 25.15 25.50 22813400 24.195161
20140228 25.540001 25.690001 25.309999 25.469999 29436800 24.166695
20140303 25.209999 25.209999 24.92 25.120001 34210600 23.834606
20140304 25.52 25.73 25.459999 25.65 36638400 24.337485
20140305 25.780001 25.959999 25.65 25.93 30128700 24.603158
20140306 26.059999 26.280001 26.02 26.219999 34911100 24.878317
20140307 26.33 26.35 25.969999 26.129999 27284000 24.792923
20140310 26.120001 26.129999 25.84 26.040001 22263500 24.70753
20140311 26.059999 26.10 25.76 25.90 24863700 24.574692
20140312 25.68 25.83 25.629999 25.76 23464100 24.441857
20140313 26.00 26.00 25.209999 25.34 37865100 24.043348
20140314 25.25 25.379999 25.09 25.110001 29461300 23.825118
20140317 25.26 25.629999 25.25 25.43 45614000 24.128743
20140318 25.52 25.73 25.469999 25.65 23785100 24.337485
20140319 25.639999 25.700001 25.110001 25.280001 35246800 23.986419
20140320 25.370001 25.370001 25.120001 25.27 35712300 23.97693
20140321 25.690001 25.83 25.34 25.40 55158900 24.100277
20140324 25.49 25.530001 25.200001 25.41 31146600 24.109766
20140325 25.58 25.709999 25.389999 25.700001 31154500 24.384927
20140326 25.799999 25.92 25.60 25.620001 31830100 24.309021
20140327 25.58 25.85 25.51 25.809999 29636400 24.489297
20140328 25.90 26.02 25.780001 25.879999 29691400 24.555715
20140331 26.02 26.08 25.809999 25.889999 32088900 24.565204
20140401 25.83 25.99 25.75 25.870001 28496000 24.546228
20140402 25.92 26.059999 25.870001 26.040001 26403700 24.70753
20140403 26.15 26.26 26.049999 26.23 22259400 24.887806
20140404 26.370001 26.40 25.99 26.02 33140800 24.688553
20140407 25.950001 26.040001 25.74 25.85 30438900 24.527251
20140408 25.76 25.92 25.67 25.75 26915900 24.432368
20140409 25.860001 25.959999 25.59 25.950001 25177500 24.622135
20140410 26.09 26.110001 25.57 25.58 36293700 24.271067
20140411 25.51 25.76 25.43 25.43 37319900 24.128743
20140414 25.58 25.75 25.43 25.709999 25067000 24.394414
20140415 25.67 25.889999 25.58 25.82 30287300 24.498786
20140416 26.01 26.200001 25.889999 26.120001 33496600 24.783436
20140417 26.469999 26.76 26.450001 26.559999 69658600 25.20092
20140421 26.629999 26.709999 26.559999 26.59 25131300 25.229385
20140422 26.700001 26.77 26.57 26.58 27796600 25.219897
20140423 26.57 26.66 26.389999 26.42 29567100 25.068084
20140424 26.440001 26.639999 26.23 26.459999 25578100 25.106036
20140425 26.57 26.799999 26.549999 26.60 33750200 25.238874
20140428 26.719999 26.85 26.530001 26.780001 34567000 25.409663
20140429 26.83 26.879999 26.59 26.76 27676200 25.390686
20140430 26.799999 26.90 26.65 26.889999 29165100 25.514034
20140501 26.73 26.83 26.639999 26.77 25779700 25.400175
20140502 26.77 26.870001 26.66 26.68 23473500 25.31478
20140505 26.690001 26.690001 26.50 26.58 16589600 25.219897
20140506 26.51 26.530001 26.190001 26.190001 25034200 24.849854
20140507 26.27 26.530001 26.27 26.530001 24319700 25.172456
20140508 26.48 26.60 26.299999 26.440001 20886900 25.087061
20140509 26.559999 26.57 26.309999 26.42 17437900 25.068084
20140512 26.58 26.860001 26.51 26.85 23710800 25.476081
20140513 26.889999 26.950001 26.77 26.92 20482900 25.542499
20140514 26.91 26.959999 26.67 26.76 20741600 25.390686
20140515 26.719999 26.799999 26.32 26.60 33783100 25.238874
20140516 26.49 26.68 26.370001 26.67 28840900 25.305292
20140519 26.549999 26.690001 26.48 26.610001 18129700 25.248362
20140520 26.610001 26.620001 26.15 26.299999 23477100 24.954224
20140521 26.370001 26.52 26.35 26.49 17443900 25.134502
20140522 26.42 26.57 26.309999 26.51 15628700 25.153479
20140523 26.549999 26.58 26.43 26.51 14833100 25.153479
20140527 26.549999 26.629999 26.450001 26.57 18317800 25.210408
20140528 26.559999 26.709999 26.530001 26.66 18205700 25.295803
20140529 26.690001 26.74 26.549999 26.74 15024700 25.371709
20140530 26.639999 26.790001 26.60 26.790001 18933600 25.419152
20140602 26.709999 26.85 26.610001 26.83 17123500 25.457104
20140603 26.75 26.809999 26.67 26.790001 18641400 25.419152
20140604 26.74 26.74 26.540001 26.549999 19969800 25.191431
20140605 26.540001 26.780001 26.450001 26.77 25041400 25.400175
20140606 26.790001 27.24 26.76 27.18 33736800 25.789195
20140609 27.059999 27.530001 27.01 27.440001 28282300 26.035891
20140610 27.309999 27.459999 27.24 27.41 21842400 26.007425
20140611 27.32 27.360001 27.059999 27.15 24722000 25.76073
20140612 27.10 27.16 26.889999 26.959999 25742600 25.580451
20140613 26.879999 27.07 26.879999 27.040001 19131500 25.656359
20140616 26.950001 26.969999 26.75 26.82 26681100 25.447616
20140617 26.790001 26.98 26.68 26.870001 21298600 25.495058
20140618 26.879999 26.940001 26.690001 26.889999 26237300 25.514034
20140619 26.66 26.98 26.66 26.93 31605200 25.762765
20140620 27.02 27.040001 26.870001 26.969999 49758200 25.80103
20140623 27.049999 27.059999 26.60 26.68 31244400 25.523601
20140624 26.66 26.879999 26.51 26.58 26418900 25.427935
20140625 26.469999 26.51 26.34 26.42 26261200 25.27487
20140626 26.459999 26.459999 26.200001 26.290001 23159000 25.150505
20140627 26.290001 26.43 26.23 26.43 35155200 25.284437
20140630 26.440001 26.450001 26.219999 26.280001 29678100 25.140939
20140701 26.27 26.50 26.26 26.40 28064500 25.255736
20140702 26.35 26.65 26.34 26.610001 21284100 25.456635
20140703 26.809999 26.889999 26.780001 26.860001 20513900 25.695799
20140707 26.799999 26.84 26.68 26.75 25263000 25.590567
20140708 26.620001 26.65 26.35 26.370001 29105600 25.227038
20140709 26.43 26.43 26.26 26.32 37820500 25.179204
20140710 26.129999 26.290001 26.10 26.200001 33238500 25.064406
20140711 26.190001 26.549999 26.120001 26.549999 35440200 25.399235
20140714 26.629999 26.860001 26.620001 26.66 25273800 25.504467
20140715 26.75 26.799999 26.549999 26.610001 41440200 25.456635
20140716 26.690001 27.15 26.66 27.02 47071000 25.848864
20140717 26.92 26.98 26.60 26.610001 37548900 25.456635
20140718 26.77 26.780001 26.25 26.459999 55403000 25.313135
20140721 26.33 26.33 25.719999 25.98 59343000 24.85394
20140722 26.07 26.10 25.85 26.02 34534600 24.892208
20140723 26.07 26.09 25.91 25.91 32060800 24.786975
20140724 25.950001 26.08 25.90 25.940001 22010800 24.815675
20140725 25.969999 25.99 25.73 25.790001 24634100 24.672177
20140728 25.67 25.73 25.440001 25.59 32980200 24.480845
20140729 25.57 25.719999 25.450001 25.450001 22528900 24.346914
20140730 25.58 25.790001 25.40 25.639999 25838200 24.528677
20140731 25.530001 25.559999 25.15 25.15 37995200 24.059915
20140801 25.07 25.360001 24.75 25.35 40198800 24.251248
20140804 25.33 25.42 25.10 25.27 28410300 24.174715
20140805 25.10 25.290001 24.950001 25.02 27694300 23.935551
20140806 25.129999 25.57 25.09 25.440001 47222600 24.337347
20140807 25.610001 25.700001 25.42 25.50 36167500 24.394746
20140808 25.459999 25.67 25.299999 25.66 22929500 24.547811
20140811 25.84 26.00 25.719999 25.790001 27873100 24.672177
20140812 25.85 25.860001 25.59 25.610001 21780300 24.499979
20140813 25.719999 25.92 25.700001 25.83 19870100 24.710442
20140814 25.889999 25.950001 25.73 25.879999 23322100 24.758274
20140815 25.950001 25.969999 25.51 25.639999 28167900 24.528677
20140818 25.870001 26.07 25.85 26.07 26809900 24.94004
20140819 26.139999 26.16 26.049999 26.049999 16137200 24.920906
20140820 26.08 26.40 26.01 26.360001 28855400 25.217471
20140821 26.42 26.450001 26.299999 26.43 22185000 25.284437
20140822 26.34 26.370001 26.110001 26.15 22784400 25.016572
20140825 26.15 26.290001 26.02 26.200001 21856200 25.064406
20140826 26.219999 26.280001 26.01 26.01 26313600 24.882641
20140827 26.049999 26.200001 26.02 26.129999 21176500 24.997439
20140828 26.030001 26.09 25.959999 26.01 13438900 24.882641
20140829 26.030001 26.09 25.90 25.98 21914000 24.85394
20140902 25.889999 26.030001 25.77 25.85 24378700 24.729576
20140903 25.98 26.00 25.82 25.950001 19962200 24.825242
20140904 25.99 26.129999 25.889999 25.959999 26891800 24.834807
20140905 25.90 26.10 25.799999 26.10 21041600 24.96874
20140908 26.139999 26.27 26.059999 26.08 20379700 24.949607
20140909 26.07 26.110001 25.85 25.90 21666400 24.777408
20140910 25.99 26.030001 25.85 25.950001 19110000 24.825242
20140911 25.91 26.09 25.83 26.02 22581000 24.892208
20140912 25.969999 25.969999 25.799999 25.870001 24639200 24.748709
20140915 25.83 25.950001 25.75 25.92 15347200 24.796542
20140916 25.92 26.27 25.879999 26.209999 27482900 25.073971
20140917 26.32 26.40 26.10 26.27 29610800 25.131372
20140918 26.190001 26.360001 26.129999 26.209999 31598200 25.285729
20140919 26.35 26.40 26.25 26.290001 38246200 25.36291
20140922 26.190001 26.27 26.030001 26.08 23005700 25.160314
20140923 25.99 26.139999 25.98 26.02 21684800 25.102431
20140924 26.01 26.01 25.690001 25.93 34059700 25.015604
20140925 25.879999 25.879999 25.530001 25.549999 30686900 24.649004
20140926 25.58 25.700001 25.43 25.629999 28931900 24.726182
20140929 25.360001 25.52 25.299999 25.42 30747600 24.523589
20140930 25.360001 25.700001 25.33 25.620001 40800800 24.716537
20141001 25.43 25.469999 25.08 25.16 42081200 24.272757
20141002 25.190001 25.25 25.01 25.120001 28499100 24.234169
20141003 25.290001 25.43 25.15 25.40 21658100 24.504294
20141006 25.60 25.629999 25.07 25.219999 30492600 24.330641
20141007 25.10 25.190001 24.799999 24.809999 31985200 23.935099
20141008 24.950001 25.25 24.66 25.25 36918100 24.359584
20141009 25.23 25.309999 24.73 24.780001 34012700 23.906158
20141010 24.790001 24.870001 24.209999 24.27 47837300 23.414143
20141013 24.24 24.33 23.90 23.950001 39054800 23.105428
20141014 24.18 24.639999 24.049999 24.10 42246400 23.250138
20141015 23.860001 24.40 23.690001 24.280001 65636600 23.42379
20141016 23.99 24.51 23.959999 24.25 51697900 23.394848
20141017 25.00 25.25 24.700001 24.82 52637800 23.944747
20141020 24.91 25.120001 24.709999 25.030001 33868500 24.147342
20141021 25.27 25.530001 25.129999 25.450001 31684600 24.552532
20141022 25.34 25.48 25.15 25.190001 30028700 24.3017
20141023 25.42 25.690001 25.40 25.440001 30960500 24.542884
20141024 25.440001 25.65 25.41 25.639999 20563900 24.73583
20141027 25.66 25.700001 25.379999 25.52 19784500 24.620063
20141028 25.58 25.879999 25.559999 25.879999 28531100 24.967366
20141029 25.879999 25.90 25.389999 25.66 28829700 24.755125
20141030 25.42 25.719999 25.32 25.67 26169300 24.764773
20141031 25.860001 25.93 25.67 25.809999 39951500 24.899835
20141103 25.49 25.84 25.48 25.700001 35107000 24.793716
20141104 25.73 25.799999 25.59 25.700001 22553900 24.793716
20141105 25.90 25.90 25.67 25.82 31585700 24.909483
20141106 25.889999 26.389999 25.870001 26.360001 40218800 25.430441
20141107 26.290001 26.51 26.209999 26.41 26390800 25.478677
20141110 26.41 26.530001 26.379999 26.469999 16277800 25.536561
20141111 26.469999 26.50 26.24 26.379999 18964100 25.449734
20141112 26.27 26.60 26.27 26.52 28103600 25.584799
20141113 26.469999 26.67 26.370001 26.42 25420600 25.488325
20141114 26.43 26.51 26.379999 26.459999 16943900 25.526913
20141117 26.469999 26.68 26.42 26.610001 24612700 25.671625
20141118 26.700001 27.049999 26.690001 27.01 36774100 26.057519
20141119 26.99 27.00 26.77 26.92 33734700 25.970693
20141120 26.799999 26.969999 26.75 26.85 21195200 25.903162
20141121 27.09 27.10 26.860001 26.99 36181100 26.038224
20141124 27.01 27.09 26.809999 27.00 24001300 26.047872
20141125 27.01 27.030001 26.84 26.860001 28028000 25.912809
20141126 26.889999 26.969999 26.780001 26.870001 19289700 25.922457
20141128 26.799999 26.90 26.440001 26.49 31185200 25.555856
20141201 26.16 26.219999 25.85 26.02 48967100 25.102431
20141202 26.07 26.200001 26.030001 26.049999 25190100 25.131372
20141203 26.16 26.469999 26.09 26.379999 34360900 25.449734
20141204 26.26 26.280001 25.92 26.09 29587100 25.169962
20141205 26.139999 26.15 25.93 26.01 22389200 25.092783
20141208 25.879999 26.09 25.610001 25.690001 37627900 24.784068
20141209 25.459999 25.690001 25.27 25.58 32509200 24.677946
20141210 25.620001 25.629999 25.15 25.27 45310200 24.378879
20141211 25.32 25.690001 25.309999 25.41 40900400 24.513941
20141212 25.35 25.370001 24.860001 24.889999 51044500 24.012278
20141215 25.02 25.030001 24.41 24.59 63574000 23.722858
20141216 24.540001 25.18 24.40 24.49 48388000 23.626384
20141217 24.610001 24.719999 24.059999 24.66 77589300 23.790389
20141218 25.129999 25.15 24.68 25.139999 52044700 24.481799
20141219 25.120001 25.700001 25.00 25.620001 86713700 24.949233
20141222 25.65 25.77 25.559999 25.709999 35238100 25.036875
20141223 25.690001 26.00 25.60 25.879999 31399700 25.202425
20141224 25.889999 25.940001 25.700001 25.83 17865100 25.153734
20141226 25.84 25.90 25.74 25.780001 14978500 25.105044
20141229 25.700001 25.85 25.68 25.700001 20858200 25.027139
20141230 25.610001 25.700001 25.42 25.57 22184500 24.900541
20141231 25.42 25.52 25.27 25.27 28206500 24.608396
20150102 25.34 25.459999 24.870001 25.059999 40920800 24.403894
20150105 25.01 25.01 24.52 24.60 42033200 23.955938
20150106 24.459999 24.57 23.93 24.07 63760000 23.439813
20150107 24.209999 24.389999 23.98 24.08 43642500 23.449552
20150108 24.32 24.379999 24.129999 24.370001 43224400 23.73196
20150109 24.52 24.530001 23.950001 24.030001 43132200 23.400862
20150112 24.07 24.139999 23.77 23.98 42871100 23.35217
20150113 24.26 24.33 23.629999 23.860001 41172800 23.235312
20150114 23.65 23.85 23.41 23.780001 41850800 23.157407
20150115 23.780001 23.969999 23.559999 23.58 31480100 22.962643
20150116 23.51 23.65 23.450001 23.59 49793900 22.972381
20150120 23.84 23.870001 23.549999 23.85 44562100 23.225574
20150121 23.83 24.08 23.709999 24.040001 37620300 23.4106
20150122 24.299999 24.360001 23.959999 24.280001 47129300 23.644316
20150123 24.43 24.889999 24.290001 24.48 63738700 23.839079
20150126 24.719999 24.74 24.40 24.59 39174900 23.9462
20150127 24.389999 24.459999 24.200001 24.379999 38398100 23.741697
20150128 24.469999 24.49 23.809999 23.84 49653800 23.215836
20150129 23.84 24.200001 23.780001 24.08 40436400 23.449552
20150130 23.879999 24.110001 23.82 23.889999 54712200 23.264526
20150202 24.00 24.219999 23.90 24.209999 39602500 23.576147
20150203 24.290001 24.530001 24.26 24.469999 37723800 23.82934
20150204 24.41 24.43 24.08 24.16 33236000 23.527457
20150205 24.25 24.50 24.24 24.50 25647400 23.858556
20150206 24.540001 24.75 24.469999 24.52 27128300 23.878033
20150209 24.469999 24.75 24.450001 24.639999 27284000 23.99489
20150210 24.77 24.799999 24.549999 24.719999 27075800 24.072795
20150211 24.709999 24.82 24.60 24.77 24455300 24.121487
20150212 24.809999 24.99 24.709999 24.889999 26522300 24.238344
20150213 24.99 25.17 24.940001 25.15 33076200 24.491537
20150217 25.120001 25.209999 24.98 25.17 35989500 24.511014
20150218 25.290001 25.290001 25.15 25.25 30740800 24.58892
20150219 25.030001 25.209999 24.950001 25.01 33232900 24.579093
20150220 24.879999 25.219999 24.799999 25.209999 39889800 24.775646
20150223 25.219999 25.299999 25.10 25.17 30774500 24.736337
20150224 25.120001 25.450001 25.09 25.389999 42464100 24.952545
20150225 25.450001 26.059999 25.440001 25.91 68219600 25.463587
20150226 25.940001 26.01 25.809999 25.889999 38247200 25.443931
20150227 25.83 26.27 25.75 25.99 51531800 25.542208
20150302 25.879999 26.120001 25.85 26.110001 32409000 25.660142
20150303 26.049999 26.08 25.780001 25.860001 30542300 25.414449
20150304 25.76 25.77 25.469999 25.66 31543800 25.217894
20150305 25.620001 25.82 25.58 25.82 28373800 25.375137
20150306 25.709999 25.780001 25.33 25.42 32286800 24.982029
20150309 25.52 25.700001 25.49 25.639999 31591100 25.198238
20150310 25.50 25.639999 25.17 25.17 37442100 24.736337
20150311 25.280001 25.49 25.139999 25.190001 36198100 24.755992
20150312 25.27 25.41 25.17 25.40 29369500 24.962373
20150313 25.280001 25.360001 24.809999 25.040001 45307000 24.608577
20150316 25.059999 25.48 24.959999 25.450001 34610400 25.011513
20150317 25.299999 25.389999 25.09 25.309999 34259000 24.873924
20150318 25.18 25.85 25.110001 25.639999 38302800 25.198238
20150319 25.440001 25.610001 25.26 25.33 38314800 24.89358
20150320 25.34 25.530001 25.299999 25.40 50632600 24.962373
20150323 25.48 25.74 25.450001 25.469999 31984500 25.031167
20150324 25.379999 25.48 25.27 25.27 25801300 24.834614
20150325 25.23 25.33 24.91 24.91 34897400 24.480816
20150326 24.799999 24.92 24.67 24.799999 32504400 24.372711
20150327 24.92 24.92 24.709999 24.860001 28320600 24.431678
20150330 24.98 25.200001 24.969999 25.120001 27281400 24.687199
20150331 25.09 25.09 24.809999 24.809999 34940900 24.382539
20150401 24.719999 24.92 24.57 24.84 38749500 24.412022
20150402 24.809999 25.00 24.700001 24.940001 29213100 24.5103
20150406 24.90 25.41 24.790001 25.18 33445100 24.746165
20150407 25.17 25.280001 25.00 25.02 21261600 24.588921
20150408 25.049999 25.120001 24.870001 25.01 22439200 24.579093
20150409 25.09 25.83 24.92 25.73 60149900 25.286688
20150410 27.129999 28.68 27.00 28.51 352701900 28.018791
20150413 28.059999 28.190001 27.50 27.629999 153984900 27.153951
20150414 27.48 27.84 27.379999 27.73 55777200 27.252229
20150415 27.690001 27.85 27.43 27.459999 56420100 26.98688
20150416 27.309999 27.50 27.18 27.280001 62363100 26.809983
20150417 27.40 27.700001 26.92 27.25 87794500 26.780499
20150420 27.32 27.440001 27.01 27.02 61687000 26.554463
20150421 27.030001 27.059999 26.549999 26.620001 76872300 26.161355
20150422 26.700001 27.02 26.60 26.91 47056100 26.446357
20150423 26.780001 27.07 26.709999 26.85 38165800 26.387392
20150424 26.879999 26.940001 26.700001 26.799999 27714000 26.338252
20150427 26.959999 27.00 26.809999 26.879999 36217700 26.416873
20150428 26.950001 27.16 26.639999 27.120001 38426600 26.65274
20150429 26.950001 27.25 26.90 27.09 37154000 26.623256
20150430 27.059999 27.35 26.969999 27.08 42985000 26.613428
20150501 27.09 27.32 26.99 27.309999 28303300 26.839465
20150504 27.360001 27.610001 27.25 27.27 26201700 26.800155
20150505 27.25 27.360001 26.85 26.92 30347300 26.456185
20150506 27.00 27.18 26.610001 26.809999 27761000 26.34808
20150507 26.780001 27.120001 26.66 27.040001 31038200 26.574119
20150508 27.25 27.49 27.219999 27.360001 37221500 26.888605
20150511 27.25 27.299999 26.860001 26.92 32453400 26.456185
20150512 26.82 27.09 26.75 27.030001 29789800 26.564291
20150513 27.02 27.24 26.92 27.209999 37170400 26.741188
20150514 27.32 27.43 27.15 27.41 26976100 26.937743
20150515 27.379999 27.440001 27.25 27.27 35768700 26.800155
20150518 27.209999 27.389999 27.209999 27.309999 22489500 26.839465
20150519 27.27 27.389999 27.209999 27.35 29150800 26.878777
20150520 27.34 27.700001 27.200001 27.639999 40173600 27.163779
20150521 27.68 27.790001 27.549999 27.719999 40311100 27.242401
20150522 27.690001 27.780001 27.620001 27.68 23289300 27.203091
20150526 27.52 27.58 27.379999 27.52 47465200 27.045848
20150527 27.57 27.620001 27.459999 27.52 25326800 27.045848
20150528 27.50 27.629999 27.299999 27.629999 26418300 27.153951
20150529 27.50 27.50 27.27 27.27 41661000 26.800155
20150601 27.26 27.34 27.07 27.280001 33322400 26.809983
20150602 27.219999 27.42 27.15 27.33 26325300 26.859121
20150603 27.43 27.559999 27.360001 27.530001 26306300 27.055676
20150604 27.42 27.620001 27.209999 27.26 33360500 26.790327
20150605 27.26 27.379999 27.16 27.290001 30647700 26.819811
20150608 27.32 27.360001 27.209999 27.24 29812800 26.770672
20150609 27.280001 27.469999 27.17 27.33 31113900 26.859121
20150610 27.360001 27.68 27.32 27.629999 33175700 27.153951
20150611 27.57 27.639999 27.360001 27.51 31388400 27.03602
20150612 27.440001 27.48 27.280001 27.389999 22170600 26.918087
20150615 27.389999 27.389999 27.110001 27.209999 28498700 26.741188
20150616 27.17 27.24 27.00 27.219999 27569500 26.751016
20150617 27.190001 27.40 27.110001 27.27 36548300 26.800155
20150618 27.08 27.41 27.030001 27.370001 37680700 27.127229
20150619 27.27 27.379999 27.18 27.24 60267600 26.998381
20150622 27.299999 27.50 27.290001 27.42 27504700 27.176785
20150623 27.42 27.60 27.389999 27.549999 32510900 27.305631
20150624 27.549999 27.59 27.25 27.26 32456700 27.018204
20150625 27.280001 27.35 27.02 27.040001 23342100 26.800156
20150626 27.040001 27.129999 26.91 27.09 25777400 26.849712
20150629 26.90 26.969999 26.530001 26.639999 33372300 26.403702
20150630 26.82 26.959999 26.530001 26.57 35557800 26.334324
20150701 26.67 26.870001 26.469999 26.66 30427400 26.423525
20150702 26.700001 26.83 26.60 26.780001 26002300 26.542462
20150706 26.530001 26.639999 26.200001 26.309999 27858100 26.07663
20150707 26.379999 26.549999 25.93 26.469999 32647100 26.23521
20150708 26.09 26.24 25.879999 25.889999 32030700 25.660355
20150709 26.17 26.40 26.01 26.02 30411400 25.789203
20150710 26.389999 26.440001 26.040001 26.27 25359800 26.036985
20150713 26.49 26.530001 26.24 26.469999 24324600 26.23521
20150714 26.35 26.73 26.35 26.66 22294600 26.423525
20150715 26.610001 26.790001 26.60 26.77 27925100 26.53255
20150716 26.98 27.040001 26.84 27.040001 30635400 26.800156
20150717 27.26 27.33 27.030001 27.24 41191000 26.998381
20150720 27.120001 27.209999 27.01 27.139999 24686600 26.899267
20150721 27.01 27.15 26.799999 26.85 29282300 26.611841
20150722 26.879999 26.959999 26.57 26.629999 24133400 26.393791
20150723 26.58 26.60 26.200001 26.26 23201200 26.027074
20150724 26.309999 26.32 25.67 25.75 31124200 25.521597
20150727 25.540001 25.98 25.52 25.950001 36277000 25.719824
20150728 26.10 26.24 25.950001 26.10 27758300 25.868493
20150729 26.09 26.280001 26.049999 26.26 23987900 26.027074
20150730 26.23 26.24 26.01 26.120001 22118900 25.888316
20150731 26.23 26.290001 26.049999 26.10 23197500 25.868493
20150803 26.120001 26.129999 25.60 25.870001 32580300 25.640534
20150804 25.889999 26.059999 25.83 25.90 21985200 25.670266
20150805 26.09 26.33 26.030001 26.10 25471400 25.868493
20150806 26.15 26.18 25.959999 26.030001 17298200 25.799114
20150807 25.950001 26.059999 25.610001 25.790001 25916200 25.561243
20150810 25.90 26.299999 25.90 26.24 23479200 26.007251
20150811 26.030001 26.030001 25.639999 25.709999 28235300 25.481951
20150812 25.540001 25.879999 25.35 25.860001 31474800 25.630622
20150813 25.77 25.91 25.620001 25.790001 16418700 25.561243
20150814 25.65 26.10 25.620001 26.08 20786300 25.84867
20150817 25.950001 26.24 25.799999 26.209999 19223700 25.977516
20150818 26.17 26.209999 25.940001 26.07 20348800 25.838759
20150819 25.90 26.030001 25.620001 25.73 29149900 25.501774
20150820 25.51 25.639999 25.18 25.190001 34645800 24.966565
20150821 24.90 25.129999 24.559999 24.59 65101900 24.371887
20150824 22.84 24.040001 19.370001 23.870001 91236500 23.658274
20150825 24.73 24.74 23.27 23.27 60778000 23.063595
20150826 23.85 24.07 23.27 24.01 78965900 23.797031
20150827 24.43 25.01 24.379999 25.01 64894200 24.788161
20150828 24.92 25.17 24.780001 25.16 32942500 24.936831
20150831 24.98 24.98 24.58 24.82 37006800 24.599846
20150901 24.24 24.360001 23.68 23.879999 65344000 23.668183
20150902 24.139999 24.58 23.83 24.57 50480800 24.352064
20150903 24.76 24.950001 24.389999 24.51 33564800 24.292596
20150904 24.18 24.18 23.85 24.00 35628400 23.78712
20150908 24.51 24.98 24.27 24.959999 46212800 24.738604
20150909 25.200001 25.219999 24.48 24.549999 34611200 24.332241
20150910 24.559999 24.860001 24.50 24.68 35043100 24.461089
20150911 24.74 24.959999 24.50 24.950001 31903000 24.728694
20150914 24.969999 24.98 24.60 24.77 26237600 24.55029
20150915 24.90 25.450001 24.700001 25.299999 46334700 25.075588
20150916 25.530001 26.030001 25.42 25.93 61540100 25.700001
20150917 25.50 25.93 25.27 25.35 48844100 25.35
20150918 25.15 25.209999 24.709999 24.799999 77869300 24.799999
20150921 24.889999 25.200001 24.84 25.09 29618900 25.09
20150922 24.76 25.16 24.60 25.110001 44205000 25.110001
20150923 25.01 25.33 24.98 25.139999 41190000 25.139999
20150924 24.870001 25.450001 24.65 24.91 53239500 24.91
20150925 25.00 25.040001 24.860001 24.92 38818000 24.92
