20130102 63.57 63.709999 62.610001 63.48 9067200 59.935434
20130103 63.779999 63.93 63.080002 63.299999 6056800 59.765485
20130104 63.209999 63.369999 63.00 63.18 4779100 59.652186
20130107 62.599998 63.00 62.380001 62.84 5466500 59.331171
20130108 62.75 63.459999 62.73 63.220001 5433000 59.689954
20130109 63.509998 63.630001 63.009998 63.169998 4712400 59.642743
20130110 63.380001 63.619999 62.779999 63.619999 6714100 60.067616
20130111 63.470001 63.759998 63.34 63.700001 4567100 60.143151
20130114 63.66 63.900002 63.389999 63.48 4532200 59.935434
20130115 63.50 64.010002 63.450001 63.950001 5119400 60.379192
20130116 63.639999 64.00 63.549999 63.860001 3915400 60.294217
20130117 64.190002 65.290001 64.040001 65.050003 7796000 61.417773
20130118 65.150002 65.480003 64.959999 65.470001 6534400 61.814319
20130122 65.389999 65.989998 65.220001 65.75 6574000 62.078684
20130123 65.470001 66.480003 65.309998 66.459999 6795500 62.749038
20130124 66.559998 67.690002 66.559998 67.349998 8484600 63.589342
20130125 67.610001 68.129997 67.290001 67.82 7494700 64.0331
20130128 68.150002 68.150002 67.260002 67.580002 6561200 63.806503
20130129 67.50 67.800003 66.970001 67.199997 6504300 63.447716
20130130 67.220001 67.580002 67.010002 67.239998 5102200 63.485484
20130131 67.230003 67.559998 66.919998 66.919998 5615900 63.183352
20130201 67.620003 67.739998 67.209999 67.300003 4983300 63.542138
20130204 66.860001 67.220001 66.32 66.360001 4741000 62.654623
20130205 66.629997 66.93 66.309998 66.389999 7112000 62.682947
20130206 66.040001 66.720001 66.00 66.669998 5187000 62.947311
20130207 66.650002 66.699997 65.830002 66.309998 5743500 62.607412
20130208 66.550003 67.019997 66.410004 67.010002 4459000 63.26833
20130211 66.870003 66.980003 66.220001 66.379997 3953500 62.673503
20130212 66.699997 67.43 66.519997 67.32 4932500 63.561018
20130213 67.519997 67.669998 67.18 67.449997 3668900 63.683757
20130214 67.129997 67.470001 66.959999 67.339996 5439700 63.579898
20130215 67.519997 67.989998 66.800003 67.519997 8131200 63.749848
20130219 67.629997 67.919998 66.949997 67.550003 5455500 63.778179
20130220 67.440002 67.599998 66.370003 66.440002 5598400 62.730158
20130221 65.860001 65.919998 64.290001 64.379997 10622400 60.785178
20130222 64.800003 65.739998 64.50 65.580002 7500700 61.918178
20130225 65.959999 66.550003 63.82 63.919998 10268800 60.350865
20130226 65.559998 68.00 65.489998 67.559998 22792900 63.787615
20130227 67.580002 68.279999 67.370003 68.059998 14180400 64.259697
20130228 67.910004 69.190002 67.860001 68.50 8705100 64.67513
20130301 68.379997 69.110001 68.089996 69.029999 6241800 65.175535
20130304 68.949997 70.300003 68.93 70.290001 8375900 66.365182
20130305 70.580002 70.959999 70.120003 70.470001 8323800 66.535132
20130306 70.470001 70.959999 70.279999 70.480003 5276600 66.544575
20130307 70.400002 70.50 69.940002 70.25 4998300 66.327415
20130308 70.589996 71.449997 70.389999 71.370003 6470300 67.384879
20130311 71.32 71.379997 71.00 71.32 4902500 67.337668
20130312 70.900002 71.139999 70.459999 70.75 4450400 67.166787
20130313 70.790001 70.940002 70.349998 70.760002 5826700 67.176282
20130314 70.870003 70.959999 70.18 70.239998 6308900 66.682614
20130315 70.029999 70.190002 69.050003 69.050003 11275100 65.552888
20130318 68.449997 69.910004 68.449997 69.349998 6011200 65.83769
20130319 69.550003 69.739998 68.559998 68.790001 7657600 65.306054
20130320 69.389999 69.550003 68.839996 68.879997 6112000 65.391492
20130321 68.650002 69.309998 68.419998 68.949997 8045600 65.457947
20130322 69.230003 69.57 68.800003 69.559998 5291800 66.037053
20130325 69.800003 70.360001 69.269997 69.470001 7027100 65.951615
20130326 69.660004 70.400002 69.550003 70.050003 4661200 66.502242
20130327 69.209999 69.699997 69.00 69.650002 4156300 66.122499
20130328 69.440002 69.959999 69.330002 69.779999 6752100 66.245912
20130401 69.510002 70.769997 69.510002 69.669998 5357700 66.141483
20130402 69.900002 71.050003 69.830002 71.019997 7291600 67.423109
20130403 70.849998 70.940002 70.019997 70.360001 7796000 66.796539
20130404 70.360001 70.800003 70.080002 70.690002 6613700 67.109828
20130405 70.00 70.25 69.610001 70.059998 6986100 66.51173
20130408 69.779999 71.25 69.779999 71.220001 6097200 67.612984
20130409 71.230003 71.57 70.949997 71.199997 5994800 67.593993
20130410 71.400002 71.790001 70.970001 71.690002 5423200 68.059182
20130411 71.830002 72.599998 71.730003 71.900002 7627800 68.258545
20130412 72.410004 73.660004 72.150002 73.620003 10493000 69.891435
20130415 73.349998 74.190002 72.209999 72.230003 8360600 68.571833
20130416 72.550003 72.800003 72.029999 72.459999 8119700 68.790181
20130417 72.220001 72.970001 71.940002 72.800003 8838600 69.112965
20130418 72.669998 72.900002 72.290001 72.480003 7549200 68.809172
20130419 72.919998 74.279999 72.720001 74.00 9579900 70.252187
20130422 73.919998 74.220001 73.239998 73.860001 7223500 70.119278
20130423 74.139999 74.589996 72.629997 73.379997 7898800 69.663585
20130424 73.550003 73.849998 73.260002 73.279999 6248300 69.568651
20130425 73.309998 73.790001 73.199997 73.370003 5645200 69.654096
20130426 73.239998 73.690002 73.129997 73.349998 4983000 69.635105
20130429 73.440002 74.019997 73.389999 73.669998 4518700 69.938898
20130430 73.50 74.010002 73.220001 73.349998 6601900 69.635105
20130501 73.18 73.589996 72.639999 72.760002 5554700 69.07499
20130502 72.769997 73.480003 72.529999 73.330002 3722900 69.616121
20130503 73.720001 74.410004 73.720001 73.959999 4953100 70.214212
20130506 73.879997 75.370003 73.879997 75.260002 5731200 71.448375
20130507 75.239998 75.279999 74.599998 75.07 5582300 71.267995
20130508 75.190002 75.50 74.919998 75.419998 6536600 71.600267
20130509 75.360001 76.18 75.360001 75.870003 6338300 72.027481
20130510 76.139999 76.199997 75.410004 76.010002 5169700 72.16039
20130513 76.010002 76.849998 75.949997 76.669998 4466100 72.78696
20130514 76.779999 77.419998 76.75 77.32 6071700 73.404041
20130515 77.599998 78.25 77.440002 77.879997 6706200 73.935677
20130516 77.50 78.540001 76.690002 76.75 8299200 72.86291
20130517 76.339996 77.150002 76.199997 76.860001 8735000 72.967339
20130520 76.769997 77.00 76.50 76.760002 8867700 72.872405
20130521 79.330002 79.470001 78.059998 78.709999 14108500 74.723643
20130522 79.260002 81.559998 79.18 79.690002 14832400 75.654013
20130523 78.889999 79.25 77.790001 78.910004 9634900 74.913518
20130524 78.50 79.389999 78.309998 78.989998 6188200 74.98946
20130528 79.940002 80.629997 79.489998 79.82 7715800 75.777426
20130529 79.379997 79.870003 79.089996 79.489998 7127000 75.464137
20130530 79.550003 80.099998 79.129997 79.440002 5449100 75.416674
20130531 79.540001 80.379997 78.660004 78.660004 6905600 74.676179
20130603 78.650002 79.080002 78.050003 79.080002 6191400 75.074906
20130604 78.50 78.82 76.080002 76.629997 8791700 73.109539
20130605 76.110001 76.849998 74.900002 75.099998 8761500 71.64983
20130606 75.019997 77.370003 75.010002 77.260002 11515700 73.710601
20130607 77.730003 78.970001 77.589996 78.739998 6555900 75.122604
20130610 78.940002 79.68 77.529999 77.730003 7627800 74.15901
20130611 77.230003 78.529999 76.959999 77.610001 5979700 74.04452
20130612 78.040001 78.300003 76.360001 76.400002 7360200 72.890109
20130613 76.349998 76.830002 76.080002 76.529999 9194600 73.014134
20130614 76.220001 76.949997 76.07 76.589996 8613100 73.071376
20130617 77.080002 77.480003 75.690002 76.139999 9315500 72.642052
20130618 76.120003 77.370003 76.120003 77.190002 6421500 73.643817
20130619 77.07 77.269997 75.919998 75.93 8027600 72.441701
20130620 75.43 75.43 73.800003 73.870003 12373500 70.476341
20130621 74.489998 74.690002 73.019997 73.82 15552500 70.428635
20130624 72.900002 74.019997 72.410004 73.510002 10214400 70.132879
20130625 74.07 74.720001 73.800003 74.139999 8520800 70.733934
20130626 74.790001 75.870003 74.580002 75.669998 7390100 72.193643
20130627 75.989998 76.82 75.800003 76.269997 6674500 72.766077
20130628 76.160004 77.790001 75.919998 77.470001 12475000 73.910952
20130701 77.629997 77.809998 76.629997 76.870003 7471000 73.338518
20130702 77.290001 78.120003 76.959999 77.309998 6886300 73.758299
20130703 76.989998 77.989998 76.919998 77.730003 3025600 74.15901
20130705 77.910004 78.559998 77.400002 78.290001 4991500 74.69328
20130708 78.559998 79.540001 78.540001 79.220001 6051200 75.580556
20130709 79.540001 80.150002 79.330002 79.699997 4986400 76.0385
20130710 79.669998 79.699997 78.610001 79.400002 5459400 75.752286
20130711 80.269997 80.68 79.580002 79.860001 6845700 76.191153
20130712 79.919998 80.75 79.919998 80.540001 5178300 76.839913
20130715 80.629997 81.150002 80.169998 80.400002 5041400 76.706345
20130716 80.410004 80.690002 79.839996 80.220001 5031500 76.534615
20130717 80.760002 81.230003 80.389999 80.440002 5700200 76.744509
20130718 80.330002 80.449997 79.959999 80.019997 5297800 76.343798
20130719 79.949997 80.120003 79.419998 79.889999 5886200 76.219773
20130722 79.980003 80.059998 79.25 80.00 5957900 76.32472
20130723 80.139999 80.470001 79.860001 80.190002 4985800 76.505994
20130724 80.449997 80.470001 79.580002 80.269997 4813300 76.582313
20130725 80.089996 80.099998 77.889999 78.989998 9967600 75.361119
20130726 78.419998 79.370003 78.25 78.739998 5577600 75.122604
20130729 78.639999 78.980003 78.370003 78.669998 5179000 75.05582
20130730 79.169998 79.269997 78.519997 78.599998 4813400 74.989036
20130731 78.690002 79.730003 78.690002 79.029999 5915000 75.399282
20130801 79.519997 79.970001 78.610001 78.639999 6727400 75.0272
20130802 78.639999 80.50 78.50 80.230003 5964400 76.544157
20130805 79.949997 79.949997 79.370003 79.660004 3578500 76.000344
20130806 79.620003 80.330002 78.739998 80.050003 6311100 76.372426
20130807 79.559998 79.57 78.599998 78.830002 5322200 75.208473
20130808 79.43 80.220001 79.089996 80.040001 4467900 76.362884
20130809 79.68 79.730003 78.529999 78.970001 5299300 75.342041
20130812 78.620003 79.540001 78.580002 79.199997 3844400 75.56147
20130813 79.139999 79.639999 78.080002 79.440002 6956400 75.79045
20130814 79.150002 79.230003 77.18 77.440002 8648100 73.882332
20130815 76.480003 76.599998 74.860001 75.139999 13702000 71.687993
20130816 75.190002 76.349998 74.93 75.379997 9138200 71.916965
20130819 75.489998 76.440002 75.18 75.209999 9184100 71.754777
20130820 77.040001 77.50 73.650002 74.290001 17038100 70.877044
20130821 74.599998 75.330002 73.43 73.730003 10788400 70.342774
20130822 73.910004 74.199997 73.349998 74.00 6668700 70.600366
20130823 74.150002 74.199997 73.110001 73.889999 7730800 70.495419
20130826 73.830002 76.150002 73.82 75.43 10362900 71.964671
20130827 74.849998 75.230003 73.949997 74.120003 8264200 70.714856
20130828 74.110001 75.32 74.010002 75.029999 7076000 71.583046
20130829 74.970001 75.660004 74.800003 75.050003 5704200 71.602131
20130830 75.120003 75.129997 74.18 74.489998 6331300 71.067853
20130903 74.830002 75.25 73.68 73.900002 7802800 70.876043
20130904 73.980003 74.510002 73.739998 74.139999 8271600 71.10622
20130905 74.07 74.209999 72.839996 72.989998 11039000 70.003276
20130906 73.550003 73.559998 72.209999 72.699997 9968400 69.725142
20130909 72.980003 73.790001 72.900002 73.580002 5781800 70.569137
20130910 73.959999 74.650002 73.739998 74.599998 6438700 71.547396
20130911 74.660004 75.110001 74.160004 75.040001 6441500 71.969394
20130912 75.18 75.739998 74.970001 75.400002 6872200 72.314663
20130913 75.330002 75.410004 74.839996 75.110001 4888400 72.036529
20130916 76.050003 76.290001 75.199997 75.540001 8054400 72.448934
20130917 75.639999 76.150002 75.57 75.800003 6825600 72.698297
20130918 75.769997 77.980003 75.349998 77.370003 10594300 74.204053
20130919 77.839996 78.720001 77.639999 78.510002 7693700 75.297404
20130920 78.809998 78.809998 77.00 77.00 14158300 73.849191
20130923 76.459999 76.760002 75.769997 75.910004 6248800 72.803797
20130924 75.800003 76.790001 75.580002 76.040001 5412700 72.928474
20130925 75.879997 76.309998 75.260002 75.519997 6785600 72.429748
20130926 75.620003 76.419998 75.620003 76.07 3798200 72.957246
20130927 75.650002 76.089996 75.379997 75.959999 4058700 72.851746
20130930 75.18 76.080002 74.959999 75.849998 6276200 72.746247
20131001 75.879997 76.419998 75.639999 76.260002 4411700 73.139473
20131002 75.860001 76.379997 75.440002 76.32 5118400 73.197016
20131003 76.400002 76.830002 75.510002 75.879997 6979700 72.775018
20131004 75.800003 76.25 75.480003 75.779999 4855800 72.679111
20131007 75.400002 75.849998 75.089996 75.129997 5087000 72.055708
20131008 75.019997 75.269997 74.169998 74.269997 8997900 71.230898
20131009 74.349998 74.639999 73.900002 74.139999 6817600 71.10622
20131010 75.040001 75.510002 74.739998 75.510002 6092800 72.420163
20131011 75.449997 76.629997 75.419998 76.32 6936700 73.197016
20131014 75.739998 76.519997 75.589996 76.349998 4119000 73.225787
20131015 76.139999 76.239998 75.089996 75.18 6645400 72.103665
20131016 75.440002 75.589996 74.57 74.940002 12877900 71.873487
20131017 74.510002 75.809998 74.510002 75.739998 7176400 72.640747
20131018 75.260002 75.50 73.739998 74.690002 14334800 71.633717
20131021 74.599998 74.800003 74.150002 74.620003 7578700 71.566582
20131022 75.040001 75.129997 74.589996 74.860001 6867000 71.796759
20131023 74.540001 75.410004 74.510002 75.080002 5526100 72.007758
20131024 75.419998 76.839996 75.410004 76.779999 7927400 73.638192
20131025 76.550003 76.610001 76.010002 76.25 5944200 73.12988
20131028 76.150002 76.400002 75.800003 76.059998 7728100 72.947653
20131029 76.449997 77.550003 76.389999 77.50 7248000 74.328731
20131030 77.68 78.599998 77.519997 77.879997 7251900 74.693179
20131031 77.989998 78.449997 77.519997 77.889999 7577600 74.702772
20131101 77.980003 78.029999 76.839996 76.989998 7178300 73.839598
20131104 77.18 77.419998 76.610001 77.00 3906500 73.849191
20131105 76.779999 76.800003 76.07 76.650002 6035300 73.513514
20131106 76.720001 76.790001 75.910004 76.419998 5059600 73.292922
20131107 76.82 77.190002 75.669998 75.690002 5424600 72.592798
20131108 75.279999 75.709999 74.779999 75.480003 9229700 72.391392
20131111 75.269997 75.669998 74.93 75.370003 5774000 72.285892
20131112 75.839996 76.589996 75.720001 76.18 6629200 73.062745
20131113 75.690002 77.690002 75.690002 77.599998 7064700 74.424637
20131114 78.139999 79.339996 78.059998 78.940002 6843800 75.709809
20131115 78.839996 80.089996 78.559998 80.029999 10414800 76.755203
20131118 80.00 80.470001 79.190002 79.669998 8613000 76.409934
20131119 82.220001 82.269997 80.260002 80.379997 12236700 77.09088
20131120 80.730003 80.730003 79.379997 79.75 7236900 76.486662
20131121 80.059998 80.059998 79.360001 79.830002 5618600 76.56339
20131122 79.599998 79.82 78.779999 79.18 7786200 75.939986
20131125 79.300003 80.040001 79.300003 79.75 5496100 76.486662
20131126 80.209999 80.900002 80.089996 80.349998 9360700 77.062109
20131127 80.339996 80.75 80.120003 80.660004 5450000 77.359428
20131129 80.879997 81.389999 80.629997 80.669998 3372600 77.369014
20131202 80.449997 80.75 79.519997 79.769997 5915600 76.50584
20131203 78.959999 79.480003 78.309998 78.709999 7276900 75.860098
20131204 78.150002 78.75 77.699997 78.400002 7148800 75.561324
20131205 78.32 79.540001 78.269997 78.540001 6264900 75.696255
20131206 79.080002 80.050003 78.809998 79.839996 5094600 76.94918
20131209 79.910004 80.599998 79.529999 79.599998 5799800 76.717872
20131210 79.32 79.93 78.400002 78.610001 7448400 75.76372
20131211 78.379997 79.809998 78.379997 79.00 7834500 76.139598
20131212 78.989998 79.199997 78.279999 78.529999 8535200 75.686615
20131213 79.089996 79.57 78.519997 79.010002 6027100 76.149238
20131216 79.209999 79.760002 78.93 79.099998 7099700 76.235976
20131217 79.309998 79.370003 78.610001 78.620003 6226000 75.77336
20131218 78.800003 80.059998 78.309998 80.050003 8170300 77.151583
20131219 80.080002 80.470001 79.639999 79.949997 6620800 77.055198
20131220 80.18 80.830002 80.040001 80.040001 11232900 77.141943
20131223 80.07 80.919998 80.040001 80.559998 3941300 77.643112
20131224 80.559998 80.959999 80.559998 80.639999 1819800 77.720217
20131226 80.839996 81.739998 80.809998 81.550003 3848800 78.597272
20131227 81.650002 82.239998 81.220001 81.639999 3961900 78.68401
20131230 81.669998 81.980003 81.459999 81.940002 3526400 78.97315
20131231 81.989998 82.470001 81.720001 82.339996 4493600 79.358661
20140102 82.110001 82.57 81.800003 82.019997 4253400 79.050248
20140103 81.910004 82.480003 81.830002 81.889999 3897900 78.924958
20140106 81.650002 81.980003 81.099998 81.099998 11188800 78.163561
20140107 81.309998 81.919998 81.080002 81.50 4630900 78.549079
20140108 81.540001 81.940002 81.029999 81.93 4662300 78.96351
20140109 81.900002 81.940002 80.970001 81.57 4966000 78.616544
20140110 81.720001 82.040001 81.419998 82.010002 4981000 79.040615
20140113 81.610001 82.129997 80.959999 80.970001 6952400 78.03827
20140114 81.279999 81.489998 80.610001 81.010002 5217300 78.076823
20140115 80.849998 81.43 80.739998 81.07 5196800 78.134648
20140116 80.900002 81.379997 80.779999 81.260002 4871200 78.317771
20140117 81.32 81.349998 80.650002 81.00 6178000 78.067183
20140121 81.300003 81.50 79.809998 80.459999 6932800 77.546734
20140122 80.660004 80.809998 79.919998 80.199997 5821600 77.296146
20140123 79.620003 80.300003 79.190002 80.239998 6387000 77.334699
20140124 79.610001 80.00 79.160004 79.160004 7118300 76.293809
20140127 78.860001 79.169998 78.519997 78.940002 6591200 76.081773
20140128 78.419998 78.93 77.82 78.540001 10586500 75.696255
20140129 78.279999 78.75 76.629997 76.68 9195300 73.9036
20140130 77.230003 77.760002 76.650002 76.93 6820900 74.144548
20140131 76.199997 77.470001 75.849998 76.849998 10592200 74.067443
20140203 76.639999 76.730003 74.93 75.089996 9527000 72.371167
20140204 75.510002 75.849998 74.169998 74.970001 9573400 72.255516
20140205 74.730003 75.550003 73.959999 75.260002 10080300 72.535017
20140206 75.190002 76.199997 75.169998 76.160004 6107100 73.402431
20140207 76.169998 76.599998 75.849998 76.449997 6194200 73.681925
20140210 76.559998 76.589996 75.879997 76.410004 6343600 73.64338
20140211 76.440002 76.989998 76.169998 76.699997 6292900 73.922873
20140212 76.910004 77.330002 76.669998 77.279999 7345900 74.481874
20140213 77.339996 77.870003 76.940002 77.589996 6586900 74.780648
20140214 77.75 78.129997 77.32 77.93 4752300 75.108341
20140218 77.919998 78.080002 77.07 77.57 4954700 74.761375
20140219 77.25 77.519997 76.400002 76.449997 7767800 73.681925
20140220 76.589996 77.559998 76.540001 77.480003 5852200 74.674637
20140221 77.360001 78.040001 77.360001 77.739998 7764500 74.925218
20140224 77.839996 78.25 77.459999 77.870003 11739500 75.050516
20140225 79.68 81.00 79.330002 80.980003 13421700 78.04791
20140226 80.989998 82.709999 80.790001 81.699997 9737800 78.741835
20140227 81.660004 82.199997 80.610001 81.970001 6040900 79.002063
20140228 81.889999 83.099998 81.389999 82.029999 7239600 79.059888
20140303 80.730003 82.029999 80.620003 82.00 8359500 79.030975
20140304 82.889999 83.199997 82.709999 82.870003 6367600 79.869477
20140305 82.910004 83.199997 82.580002 82.910004 5069900 79.90803
20140306 82.779999 82.889999 82.230003 82.410004 6168400 79.426134
20140307 82.610001 82.669998 82.040001 82.550003 5287700 79.561064
20140310 82.440002 82.540001 81.730003 82.18 4139000 79.204458
20140311 81.690002 81.849998 81.050003 81.290001 4667900 78.797342
20140312 80.730003 80.849998 80.239998 80.559998 7048700 78.089723
20140313 81.059998 81.059998 78.720001 78.800003 7665800 76.383696
20140314 78.82 79.879997 78.790001 79.379997 6739000 76.945906
20140317 79.57 80.190002 79.25 79.580002 5547600 77.139778
20140318 79.650002 80.559998 79.620003 79.82 5032600 77.372416
20140319 79.970001 80.489998 79.400002 79.75 6568400 77.304563
20140320 79.709999 80.239998 79.470001 80.089996 5097800 77.634134
20140321 80.779999 81.900002 80.25 80.419998 10086100 77.954016
20140324 80.410004 80.459999 79.199997 79.660004 7574200 77.217326
20140325 80.050003 80.089996 79.160004 79.470001 5375500 77.03315
20140326 79.489998 79.779999 78.699997 78.870003 6364600 76.45155
20140327 78.629997 79.019997 78.370003 78.68 5803300 76.267373
20140328 78.919998 79.50 78.489998 78.720001 5132700 76.306148
20140331 79.209999 79.330002 78.839996 79.129997 5736200 76.703572
20140401 79.239998 80.290001 79.239998 79.379997 6697600 76.945906
20140402 79.540001 80.760002 79.489998 79.949997 6611700 77.498427
20140403 79.949997 80.019997 78.980003 79.400002 5505400 76.965297
20140404 79.639999 79.699997 78.489998 78.720001 6422000 76.306148
20140407 78.690002 78.690002 77.029999 77.129997 11121300 74.764899
20140408 76.910004 77.440002 76.419998 77.110001 7371000 74.745516
20140409 77.239998 77.93 77.139999 77.760002 8027600 75.375586
20140410 77.620003 78.220001 76.699997 76.779999 6201500 74.425633
20140411 76.620003 77.059998 75.650002 75.699997 8399100 73.378748
20140414 76.300003 76.860001 75.510002 75.970001 8677200 73.640473
20140415 76.290001 76.400002 74.610001 75.889999 7022900 73.562925
20140416 76.419998 76.580002 75.800003 76.580002 6104700 74.231769
20140417 76.260002 77.68 75.910004 77.089996 6875600 74.726125
20140421 78.349998 78.349998 77.669998 77.959999 6253300 75.56945
20140422 78.739998 80.230003 78.629997 79.669998 11188400 77.227014
20140423 79.870003 80.050003 78.440002 78.519997 7497000 76.112276
20140424 78.970001 79.809998 78.720001 79.769997 7271600 77.323946
20140425 79.410004 79.699997 79.029999 79.379997 6381400 76.945906
20140428 79.529999 81.150002 79.330002 80.169998 14562400 77.711682
20140429 80.32 80.32 79.519997 79.519997 5146500 77.081612
20140430 79.739998 79.739998 78.730003 79.510002 8524700 77.071924
20140501 79.510002 79.650002 78.949997 79.330002 3936700 76.897443
20140502 79.32 80.160004 79.160004 79.400002 3738400 76.965297
20140505 79.040001 79.18 78.559998 78.690002 3521000 76.277069
20140506 78.639999 78.760002 77.349998 77.419998 6475800 75.046008
20140507 77.849998 77.959999 76.519997 77.080002 5378600 74.716437
20140508 76.940002 77.730003 76.660004 77.050003 5485100 74.687358
20140509 77.059998 77.75 76.809998 77.709999 4345800 75.327116
20140512 77.82 78.440002 77.75 78.269997 4324200 75.869942
20140513 78.360001 78.68 77.040001 77.269997 5455500 74.900606
20140514 77.330002 77.370003 76.169998 76.309998 6870000 73.970044
20140515 76.050003 76.290001 75.32 76.239998 6304700 73.902191
20140516 76.790001 77.370003 76.660004 77.360001 7039400 74.98785
20140519 76.580002 77.07 76.370003 76.50 7733800 74.15422
20140520 77.919998 78.82 77.400002 77.959999 15432200 75.56945
20140521 78.25 78.510002 77.75 78.080002 6693900 75.685773
20140522 77.760002 79.050003 77.760002 78.779999 5265900 76.364306
20140523 78.769997 79.400002 78.510002 79.18 5003100 76.752042
20140527 79.379997 80.00 79.300003 79.690002 4760600 77.246405
20140528 79.75 80.00 79.269997 79.68 4002200 77.23671
20140529 79.879997 79.989998 79.440002 79.900002 4408900 77.449965
20140530 79.769997 80.269997 79.580002 80.230003 4528000 77.769848
20140602 80.25 81.059998 80.169998 80.839996 6817700 78.361136
20140603 80.190002 80.879997 80.150002 80.669998 5477700 78.65364
20140604 80.32 80.889999 80.059998 80.540001 4961600 78.526892
20140605 80.669998 80.860001 80.279999 80.379997 5666400 78.370887
20140606 80.580002 81.269997 80.510002 80.639999 4460300 78.624391
20140609 80.629997 81.32 80.419998 80.610001 3718600 78.595142
20140610 80.260002 80.849998 80.220001 80.739998 4249500 78.72189
20140611 80.459999 80.730003 79.760002 79.809998 4918100 77.815135
20140612 79.730003 79.779999 78.199997 78.43 7643300 76.469631
20140613 78.489998 78.589996 77.75 78.07 7971800 76.118628
20140616 77.959999 79.089996 77.959999 78.900002 7164400 76.927884
20140617 78.839996 80.459999 78.730003 80.019997 9587300 78.019885
20140618 80.029999 80.760002 79.790001 80.709999 8071500 78.692641
20140619 80.709999 80.849998 79.949997 80.440002 5095400 78.429393
20140620 80.690002 80.800003 79.860001 80.169998 13661000 78.166137
20140623 80.160004 80.800003 79.970001 80.639999 4920400 78.624391
20140624 80.379997 80.830002 79.830002 80.43 5579300 78.419641
20140625 80.360001 80.610001 80.120003 80.529999 4486300 78.51714
20140626 80.449997 80.970001 80.120003 80.75 5165200 78.731642
20140627 80.650002 81.470001 80.629997 81.129997 5011000 79.102141
20140630 81.019997 81.230003 80.480003 80.959999 5045300 78.936392
20140701 81.32 81.970001 81.220001 81.82 5234600 79.774897
20140702 81.839996 82.18 81.620003 81.980003 4185700 79.930901
20140703 82.07 82.349998 81.800003 82.050003 2764000 79.999151
20140707 81.730003 82.089996 81.139999 81.419998 6071000 79.384893
20140708 81.419998 81.529999 80.550003 80.760002 7322900 78.741394
20140709 81.110001 81.230003 80.18 80.730003 6980600 78.712145
20140710 79.050003 79.580002 77.949997 79.400002 11530900 77.415387
20140711 79.589996 79.900002 79.209999 79.610001 4746400 77.620137
20140714 79.919998 80.059998 79.190002 79.459999 7657200 77.473885
20140715 79.50 80.059998 79.419998 79.860001 6051900 77.863888
20140716 80.040001 80.239998 79.379997 79.660004 9033700 77.66889
20140717 79.449997 79.879997 79.230003 79.550003 7697300 77.561639
20140718 79.800003 80.279999 79.449997 80.080002 5323200 78.07839
20140721 80.010002 80.029999 79.529999 79.709999 4112800 77.717636
20140722 80.360001 80.75 80.199997 80.540001 6336100 78.526892
20140723 80.459999 81.089996 80.209999 81.019997 3669200 78.99489
20140724 81.190002 81.540001 80.889999 81.199997 4359600 79.170391
20140725 81.099998 81.300003 80.889999 81.029999 4680100 79.004642
20140728 81.199997 81.339996 80.660004 81.07 3441600 79.043643
20140729 81.209999 81.809998 80.889999 80.980003 4536500 78.955896
20140730 81.50 81.849998 81.07 81.760002 5807300 79.716399
20140731 81.089996 81.580002 80.849998 80.849998 5748900 78.829141
20140801 80.559998 81.080002 79.739998 79.75 8708000 77.756637
20140804 79.699997 80.25 79.660004 80.029999 7025000 78.029637
20140805 79.779999 80.860001 79.779999 80.029999 5895500 78.029637
20140806 79.940002 81.019997 79.849998 80.519997 4228200 78.507387
20140807 80.75 81.07 80.290001 80.470001 4045900 78.458642
20140808 81.07 82.459999 80.879997 82.43 7226500 80.36965
20140811 82.610001 83.07 82.50 82.879997 3952000 80.808399
20140812 82.75 83.089996 82.68 82.919998 3657100 80.847401
20140813 82.980003 83.389999 82.739998 83.120003 4498700 81.042406
20140814 83.089996 83.970001 82.739998 83.860001 4923000 81.763907
20140815 84.040001 84.089996 82.849998 83.690002 5383500 81.598158
20140818 84.209999 84.620003 83.290001 83.589996 9475300 81.500652
20140819 86.900002 88.989998 86.57 88.230003 18244600 86.024681
20140820 88.169998 91.07 88.080002 90.75 13394200 88.48169
20140821 90.68 91.809998 90.669998 91.150002 8315900 88.871694
20140822 90.739998 91.330002 90.650002 91.029999 6939200 88.75469
20140825 91.25 91.82 90.949997 91.199997 7328700 88.92044
20140826 90.980003 91.830002 90.900002 91.629997 5396400 89.339692
20140827 91.68 91.959999 91.309998 91.870003 4320200 89.573698
20140828 91.400002 92.730003 91.269997 92.510002 7575700 90.197701
20140829 92.739998 93.519997 92.610001 93.50 7672200 91.162954
20140902 93.040001 93.309998 89.849998 91.150002 20753200 89.320685
20140903 91.110001 91.309998 88.980003 89.00 15410400 87.213832
20140904 89.00 90.75 89.00 89.93 8452200 88.125168
20140905 89.660004 91.639999 89.279999 91.610001 7746400 89.771452
20140908 91.379997 91.779999 90.57 90.82 4885900 88.997306
20140909 90.209999 90.330002 88.779999 88.93 8103000 87.145237
20140910 88.660004 89.400002 88.330002 89.25 6245400 87.458815
20140911 89.07 89.419998 88.620003 89.220001 4537800 87.429418
20140912 89.379997 89.50 88.459999 88.839996 4593700 87.05704
20140915 89.18 89.540001 88.599998 89.379997 3935000 87.586203
20140916 89.269997 90.739998 88.529999 90.269997 5045100 88.458341
20140917 90.629997 91.540001 89.940002 91.220001 7068800 89.38928
20140918 91.830002 92.440002 91.199997 92.089996 6025100 90.241814
20140919 92.849998 93.75 92.199997 92.339996 12498800 90.486797
20140922 91.980003 92.419998 91.68 91.889999 5208800 90.045831
20140923 91.790001 92.220001 91.449997 91.489998 6330000 89.653858
20140924 91.68 93.110001 91.349998 93.019997 6381400 91.15315
20140925 92.800003 93.00 91.550003 91.900002 4972100 90.055633
20140926 92.290001 93.00 91.800003 92.839996 4571400 90.976762
20140929 92.370003 93.169998 91.949997 92.879997 3894600 91.015961
20140930 93.029999 93.209999 91.400002 91.739998 6773000 89.89884
20141001 92.139999 92.339996 90.919998 91.019997 5970700 89.193289
20141002 91.309998 92.459999 91.07 92.239998 5991200 90.388806
20141003 92.519997 93.68 92.339996 93.540001 6200100 91.662718
20141006 93.720001 94.25 93.059998 93.260002 4951700 91.388339
20141007 93.040001 93.559998 92.440002 92.470001 5030300 90.614193
20141008 92.57 94.160004 92.239998 94.089996 6618900 92.201676
20141009 93.910004 94.790001 93.019997 93.07 6674700 91.20215
20141010 93.230003 93.860001 92.540001 92.550003 6349800 90.692589
20141013 92.879997 92.940002 90.43 90.599998 7372200 88.78172
20141014 90.370003 90.529999 88.519997 90.099998 9711300 88.291754
20141015 88.089996 89.169998 86.620003 87.849998 12987500 86.08691
20141016 86.349998 89.720001 86.349998 88.879997 7147600 87.096238
20141017 89.300003 91.120003 89.050003 90.239998 7007300 88.428944
20141020 89.870003 92.07 89.769997 91.849998 5609400 90.006633
20141021 92.529999 94.370003 92.120003 94.199997 6604700 92.309469
20141022 94.300003 94.989998 93.239998 93.339996 5908900 91.466728
20141023 94.50 95.519997 94.440002 94.800003 5923100 92.897433
20141024 94.599998 95.190002 94.129997 94.989998 4825200 93.083615
20141027 94.959999 95.68 94.709999 95.470001 4465100 93.553985
20141028 95.910004 96.599998 95.50 96.589996 5260100 94.651503
20141029 96.620003 97.25 95.800003 96.419998 4275400 94.484916
20141030 96.120003 97.800003 96.029999 97.519997 4106700 95.562838
20141031 98.779999 99.260002 97.330002 97.519997 6335900 95.562838
20141103 96.809998 96.830002 95.980003 96.089996 7614200 94.161537
20141104 96.059998 96.18 95.190002 95.959999 5349600 94.034149
20141105 96.589996 96.849998 95.150002 95.779999 5002700 93.857761
20141106 96.349998 97.510002 96.010002 97.290001 4016900 95.337459
20141107 97.169998 97.75 96.690002 97.650002 3429600 95.690234
20141110 97.639999 98.169998 97.00 98.160004 3662300 96.190001
20141111 98.459999 98.75 97.879997 98.139999 3818400 96.170398
20141112 98.300003 98.699997 97.610001 98.489998 4629100 96.513372
20141113 98.900002 99.360001 98.339996 99.00 3182700 97.013139
20141114 98.900002 99.00 98.019997 98.239998 4082900 96.26839
20141117 98.169998 98.949997 97.800003 98.029999 8574700 96.062605
20141118 97.150002 97.709999 95.980003 95.980003 10384400 94.053752
20141119 96.550003 97.309998 96.00 96.699997 6830700 94.759296
20141120 96.080002 97.970001 96.019997 97.57 4958400 95.611838
20141121 98.980003 99.099998 97.82 98.279999 6804700 96.307588
20141124 98.68 98.900002 98.220001 98.400002 5043600 96.425182
20141125 98.639999 98.870003 96.410004 97.010002 7991900 95.063079
20141126 97.059998 97.709999 97.010002 97.699997 4337900 95.739226
20141128 98.059998 99.800003 98.00 99.400002 3305800 97.405113
20141201 99.489998 99.610001 98.309998 98.879997 4393700 96.895545
20141202 98.620003 99.00 97.989998 98.160004 4677500 96.649393
20141203 98.099998 98.739998 98.040001 98.589996 4357200 97.072769
20141204 98.150002 99.110001 97.779999 98.949997 5220000 97.427229
20141205 98.769997 99.68 98.660004 99.639999 4649100 98.106613
20141208 99.709999 100.949997 99.660004 100.43 6624300 98.884457
20141209 99.690002 99.980003 98.589996 99.639999 5280500 98.106613
20141210 99.360001 100.230003 98.82 98.940002 5357000 97.417389
20141211 99.279999 101.400002 99.150002 100.269997 6864000 98.726915
20141212 99.690002 101.25 99.389999 99.779999 5983300 98.244458
20141215 100.010002 101.239998 99.290001 100.050003 5488300 98.510307
20141216 99.379997 100.230003 96.989998 97.059998 7829300 95.566316
20141217 97.589996 99.139999 97.089996 98.940002 6096400 97.417389
20141218 100.339996 100.690002 99.300003 100.669998 6594000 99.120761
20141219 100.919998 102.00 100.809998 101.93 12500600 100.361373
20141222 102.25 103.57 102.230003 103.50 5418900 101.907211
20141223 103.660004 104.199997 103.32 103.760002 4067700 102.163212
20141224 104.050003 104.379997 103.559998 103.559998 1819000 101.966285
20141226 103.980003 104.32 103.480003 103.75 2594400 102.153364
20141229 103.580002 104.800003 103.260002 104.529999 3492700 102.921359
20141230 104.440002 104.739998 103.849998 104.269997 2927800 102.665358
20141231 104.75 106.019997 104.559998 104.970001 5821600 103.35459
20150102 105.160004 105.660004 102.669998 103.43 4323700 101.838289
20150105 102.779999 102.779999 100.790001 101.260002 5878100 99.701685
20150106 102.07 102.07 100.339996 100.949997 4910100 99.396451
20150107 102.290001 104.470001 102.00 104.410004 5091000 102.803211
20150108 105.370003 106.989998 105.019997 106.720001 6464600 105.077659
20150109 106.879997 106.879997 104.82 104.889999 5717100 103.27582
20150112 105.169998 105.290001 104.059998 104.419998 4990400 102.813051
20150113 105.410004 106.040001 103.150002 103.730003 5395200 102.133675
20150114 102.419998 103.410004 101.879997 102.639999 5384400 101.060445
20150115 102.639999 103.650002 100.82 101.010002 6888800 99.455533
20150116 100.860001 104.309998 100.239998 104.120003 6403800 102.517673
20150120 104.839996 104.949997 102.349998 103.25 5331300 101.661059
20150121 103.050003 104.059998 102.50 103.529999 5899200 101.936748
20150122 104.379997 106.309998 103.540001 106.07 5804100 104.437661
20150123 106.209999 106.480003 105.309998 105.370003 4072300 103.748436
20150126 105.360001 106.50 105.059998 106.360001 4189700 104.723199
20150127 104.779999 105.809998 104.400002 105.160004 4606500 103.541669
20150128 105.309998 107.43 104.599998 104.739998 4917300 103.128126
20150129 105.139999 107.739998 104.510002 107.620003 6529300 105.96381
20150130 106.360001 106.860001 104.379997 104.419998 7000000 102.813051
20150202 104.779999 105.00 101.57 104.43 5012800 102.822899
20150203 104.889999 107.32 104.809998 107.239998 5969200 105.589653
20150204 107.089996 109.00 106.75 108.410004 6765200 106.741654
20150205 108.980003 109.339996 108.150002 108.989998 4471800 107.312722
20150206 109.279999 109.739998 108.459999 109.040001 4178800 107.361956
20150209 108.879997 109.459999 108.040001 108.339996 4243800 106.672724
20150210 108.790001 110.849998 108.660004 110.669998 5414400 108.966868
20150211 110.599998 110.800003 109.809998 110.309998 4552900 108.612408
20150212 110.809998 112.199997 110.209999 112.160004 4592200 110.433944
20150213 112.010002 112.389999 111.300003 111.889999 5098600 110.168095
20150217 111.690002 112.230003 110.620003 112.00 6028600 110.276402
20150218 111.599998 112.169998 111.00 111.989998 3731600 110.266554
20150219 112.010002 112.449997 110.639999 110.940002 5910600 109.232717
20150220 110.809998 112.25 110.050003 112.239998 7276100 110.512707
20150223 112.989998 113.160004 111.800003 112.279999 5638000 110.552092
20150224 117.50 117.919998 115.129997 116.75 12775500 114.953303
20150225 117.349998 117.349998 115.849998 116.309998 7328200 114.520072
20150226 116.00 116.419998 115.199997 115.379997 5649900 113.604384
20150227 115.190002 115.669998 114.559998 114.75 5732600 112.984082
20150302 114.860001 117.059998 114.860001 116.120003 5971900 114.333001
20150303 116.110001 116.120003 114.800003 116.07 3784800 114.283768
20150304 115.389999 115.470001 114.25 114.760002 3799000 112.99393
20150305 115.230003 116.099998 115.059998 115.910004 4088700 114.126234
20150306 115.959999 115.959999 114.00 114.449997 5169200 112.688696
20150309 114.379997 115.480003 114.370003 115.25 5351200 113.476387
20150310 113.849998 114.339996 112.559998 112.559998 5685000 111.398069
20150311 112.68 113.800003 112.410004 113.07 4356500 111.902806
20150312 113.849998 116.459999 113.769997 116.099998 5742000 114.901527
20150313 115.989998 116.309998 114.00 114.82 4626900 113.634742
20150316 115.330002 116.610001 115.32 116.50 4820300 115.2974
20150317 115.449997 116.080002 115.139999 115.580002 3715900 114.386898
20150318 115.410004 116.419998 113.309998 116.080002 4773600 114.881737
20150319 116.209999 116.43 115.07 115.160004 3545600 113.971236
20150320 115.550003 117.989998 115.330002 117.489998 8446000 116.277178
20150323 117.040001 117.75 116.07 116.07 4095200 114.871838
20150324 116.199997 117.830002 116.040001 116.150002 4026900 114.951014
20150325 115.959999 116.610001 113.639999 113.68 4725800 112.50651
20150326 113.360001 113.43 111.580002 112.370003 5409600 111.210035
20150327 112.080002 114.230003 112.00 113.860001 3879300 112.684652
20150330 114.959999 116.050003 114.529999 114.629997 3968400 113.4467
20150331 113.699997 115.370003 113.550003 113.610001 4128800 112.437233
20150401 113.879997 114.00 112.43 113.129997 4737700 111.962185
20150402 112.610001 114.919998 112.519997 114.540001 4064800 113.357633
20150406 113.449997 115.550003 113.410004 114.949997 3248900 113.763397
20150407 114.830002 115.790001 114.230003 114.300003 3188300 113.120113
20150408 113.970001 115.809998 113.830002 115.589996 3753500 114.39679
20150409 115.459999 116.25 114.139999 114.57 4674000 113.387322
20150410 114.470001 115.650002 114.419998 115.239998 3658100 114.050404
20150413 114.959999 115.43 114.349998 114.440002 2982000 113.258667
20150414 114.199997 114.980003 113.110001 114.050003 4072500 112.872693
20150415 114.580002 115.209999 113.379997 113.449997 4210800 112.278881
20150416 113.339996 113.989998 113.019997 113.370003 4013000 112.199713
20150417 112.910004 113.110001 111.769997 112.099998 6245200 110.942818
20150420 113.00 113.690002 112.68 112.860001 4396300 111.694975
20150421 113.50 113.980003 112.50 113.169998 3899500 112.001773
20150422 113.199997 113.309998 112.190002 112.989998 4065500 111.82363
20150423 112.739998 114.510002 112.559998 113.959999 3945300 112.783619
20150424 113.879997 114.040001 112.900002 113.699997 2878300 112.5263
20150427 114.050003 114.110001 111.279999 111.389999 5618000 110.240148
20150428 110.900002 111.769997 110.050003 110.580002 5743300 109.438512
20150429 110.169998 110.309998 108.07 108.709999 7238900 107.587813
20150430 108.559998 109.209999 106.620003 106.980003 9041600 105.875676
20150501 106.980003 109.790001 106.849998 109.550003 6696900 108.419146
20150504 109.940002 110.449997 109.32 110.059998 3366800 108.923876
20150505 109.199997 109.879997 107.980003 108.059998 4164800 106.944521
20150506 108.199997 108.910004 107.239998 108.309998 3996600 107.191941
20150507 108.400002 110.720001 108.25 110.040001 5400200 108.904086
20150508 112.400002 113.480003 112.110001 112.470001 6435300 111.309002
20150511 112.239998 112.910004 111.809998 111.900002 3725200 110.744886
20150512 111.120003 112.82 110.830002 112.519997 4053800 111.358481
20150513 112.919998 112.949997 111.099998 111.190002 4340700 110.042216
20150514 112.050003 112.220001 110.830002 111.940002 3815700 110.784474
20150515 111.919998 113.400002 111.82 113.349998 4575800 112.179915
20150518 113.870003 114.599998 113.160004 114.330002 6878200 113.149802
20150519 116.120003 116.480003 112.339996 112.339996 11133200 111.180339
20150520 112.190002 112.889999 111.220001 112.099998 7004500 110.942818
20150521 111.980003 112.330002 111.620003 112.010002 4238600 110.853751
20150522 111.870003 112.529999 111.459999 112.160004 3694000 111.002204
20150526 112.00 112.18 110.690002 110.93 4612600 109.784898
20150527 111.040001 112.529999 110.809998 112.160004 4147800 111.002204
20150528 111.910004 112.699997 111.860001 112.190002 2806100 111.031893
20150529 111.839996 112.589996 111.370003 111.419998 5310600 110.269837
20150601 111.970001 112.339996 111.25 111.669998 5114500 110.517257
20150602 110.75 112.18 110.639999 111.589996 6088200 111.024671
20150603 111.720001 113.480003 111.449997 113.160004 6337500 112.586724
20150604 112.519997 113.160004 111.169998 111.459999 4328600 110.895332
20150605 111.339996 111.360001 110.269997 110.370003 4505400 109.810858
20150608 110.139999 110.809998 109.830002 109.93 3449000 109.373084
20150609 109.790001 110.25 109.029999 109.529999 3659000 108.975109
20150610 109.900002 111.190002 109.389999 110.980003 3967900 110.417768
20150611 111.00 112.330002 111.00 111.290001 3642800 110.726195
20150612 110.889999 111.589996 110.419998 110.599998 4301900 110.039688
20150615 110.230003 110.459999 109.550003 110.010002 3965200 109.452681
20150616 109.900002 110.449997 109.75 110.230003 3466600 109.671567
20150617 110.730003 111.290001 109.959999 110.470001 5722200 109.91035
20150618 111.059998 112.300003 110.760002 111.849998 7222600 111.283356
20150619 111.639999 113.300003 111.440002 112.43 9255100 111.860419
20150622 112.93 113.620003 112.779999 113.07 3190200 112.497176
20150623 113.239998 113.589996 112.93 113.18 3075900 112.606619
20150624 112.940002 113.68 112.349998 112.349998 3716100 111.780823
20150625 113.239998 113.709999 112.239998 112.239998 4466300 111.671379
20150626 112.769997 113.339996 112.230003 112.599998 4208500 112.029556
20150629 111.559998 112.32 110.459999 110.540001 5187400 109.979995
20150630 111.150002 111.760002 110.589996 111.129997 5938800 110.567002
20150701 112.449997 112.809998 111.470001 112.07 4216200 111.502242
20150702 112.580002 112.75 111.099998 111.489998 3845000 110.925179
20150706 110.269997 111.93 110.169998 111.32 3864700 110.756042
20150707 111.720001 112.639999 110.699997 112.400002 5515900 111.830572
20150708 111.720001 112.459999 110.800003 111.00 3794100 110.437663
20150709 112.32 112.589996 111.199997 111.379997 3643700 110.815735
20150710 112.669998 113.480003 112.089996 113.099998 4631400 112.527023
20150713 114.209999 115.019997 114.07 114.900002 4171900 114.317907
20150714 114.50 115.529999 114.389999 115.360001 3688900 114.775576
20150715 115.419998 116.150002 115.07 115.580002 3364600 114.994462
20150716 115.870003 115.910004 113.830002 114.730003 5234800 114.14877
20150717 114.489998 115.00 114.00 114.470001 5497600 113.890085
20150720 112.25 114.110001 112.169998 113.410004 6107500 112.835458
20150721 113.410004 113.970001 112.68 113.860001 4660600 113.283175
20150722 113.959999 115.080002 113.800003 114.900002 5485200 114.317907
20150723 115.209999 116.110001 114.43 114.589996 4308900 114.009472
20150724 114.739998 115.230003 113.43 113.589996 4427800 113.014538
20150727 113.370003 113.889999 112.709999 113.07 4468200 112.497176
20150728 113.760002 115.029999 113.18 114.839996 4176800 114.258206
20150729 115.160004 116.760002 115.110001 116.370003 5104000 115.780461
20150730 115.940002 116.739998 115.349998 116.459999 3291100 115.870001
20150731 116.980003 118.129997 116.370003 117.029999 4301200 116.437113
20150803 117.620003 117.699997 116.160004 116.889999 3645000 116.297823
20150804 116.629997 117.82 116.25 117.529999 3008200 116.93458
20150805 118.379997 118.529999 117.099998 118.00 4299100 117.402201
20150806 118.389999 118.50 116.07 116.559998 4768900 115.969493
20150807 116.699997 117.160004 115.779999 116.93 3986100 116.337622
20150810 117.529999 118.339996 117.360001 117.599998 3408900 117.004226
20150811 117.019997 118.139999 116.760002 117.690002 4080000 117.093773
20150812 117.129997 117.879997 115.699997 117.690002 4575800 117.093773
20150813 118.00 120.139999 117.790001 119.019997 6255500 118.41703
20150814 119.300003 119.889999 118.459999 119.75 5135500 119.143335
20150817 119.099998 120.75 118.730003 119.699997 7255600 119.093585
20150818 121.830002 123.800003 121.150002 122.800003 11021900 122.177886
20150819 122.669998 123.790001 122.129997 122.760002 6490300 122.138088
20150820 121.980003 122.529999 120.540001 120.540001 5555500 119.929334
20150821 119.540001 120.360001 116.150002 116.160004 10190700 115.571526
20150824 110.050003 115.879997 92.169998 112.540001 13983100 111.969862
20150825 117.00 117.00 110.889999 110.970001 10221100 110.407816
20150826 114.059998 116.029999 112.080002 115.93 9313200 115.342688
20150827 117.50 118.089996 115.330002 117.660004 7579100 117.063927
20150828 117.43 118.459999 116.919998 117.519997 5016000 116.924629
20150831 117.010002 117.489998 115.93 116.459999 5444500 115.870001
20150901 113.989998 114.75 112.559998 113.07 7392900 113.07
20150902 114.830002 116.480003 114.32 116.480003 6487400 116.480003
20150903 117.029999 118.080002 116.18 116.599998 5302900 116.599998
20150904 114.68 115.690002 113.489998 114.419998 5752000 114.419998
20150908 115.690002 116.639999 114.730003 116.43 5719100 116.43
20150909 117.110001 117.470001 113.699997 113.970001 5260700 113.970001
20150910 114.00 115.410004 113.690002 114.489998 5247600 114.489998
20150911 113.970001 115.459999 113.699997 115.440002 4469600 115.440002
20150914 115.50 115.68 114.419998 114.730003 4246900 114.730003
20150915 114.779999 116.629997 113.900002 116.18 4983800 116.18
20150916 116.080002 118.029999 115.970001 117.82 5280600 117.82
20150917 118.330002 119.82 117.269997 117.910004 6501300 117.910004
20150918 116.510002 117.199997 114.980003 115.120003 11263400 115.120003
20150921 115.959999 117.110001 115.269997 116.580002 5201100 116.580002
20150922 115.400002 116.389999 114.889999 115.800003 4621200 115.800003
20150923 115.849998 116.550003 115.660004 116.169998 4078400 116.169998
20150924 115.339996 116.650002 114.839996 116.339996 5099100 116.339996
20150925 117.230003 118.169998 116.040001 116.739998 5456400 116.739998
