20130102 14.83 15.49 14.74 15.02 49765700 14.170432
20130103 15.13 15.72 14.92 15.14 42879400 14.283644
20130104 15.26 15.38 15.07 15.14 22010200 14.283644
20130107 15.19 15.47 15.15 15.17 19190100 14.311947
20130108 15.24 15.46 14.84 15.39 32886700 14.519504
20130109 15.63 15.92 15.55 15.85 34370700 14.953485
20130110 16.01 16.34 15.70 16.280001 36289100 15.359163
20130111 16.48 16.73 15.85 16.16 39137900 15.24595
20130114 16.450001 17.32 16.370001 16.950001 62084500 15.991267
20130115 16.82 16.860001 16.379999 16.530001 39179700 15.595023
20130116 16.50 17.32 16.49 17.209999 46989100 16.236559
20130117 17.25 17.450001 17.040001 17.110001 28715800 16.142216
20130118 16.860001 17.17 16.860001 17.110001 23546400 16.142216
20130122 17.200001 17.379999 17.01 17.25 27868800 16.274297
20130123 17.33 17.440001 16.91 17.01 20093000 16.047872
20130124 16.959999 17.299999 16.83 17.01 17059700 16.047872
20130125 17.09 17.23 16.940001 16.99 15429300 16.029003
20130128 17.02 17.17 16.90 17.02 15429300 16.057307
20130129 16.870001 16.92 16.299999 16.48 31364300 15.54785
20130130 16.51 16.57 16.280001 16.40 20502600 15.472375
20130131 16.379999 16.67 16.16 16.51 20505300 15.576154
20130201 16.67 16.75 16.42 16.459999 16749200 15.528981
20130204 16.309999 16.700001 16.15 16.18 16561800 15.264819
20130205 16.07 16.74 16.030001 16.610001 23299900 15.670498
20130206 17.01 17.059999 16.60 16.690001 23063900 15.745973
20130207 16.639999 16.67 16.27 16.440001 16287600 15.510113
20130208 16.450001 16.889999 16.42 16.870001 14976900 15.915792
20130211 16.860001 16.940001 16.68 16.83 11133700 15.878053
20130212 16.84 17.219999 16.74 17.10 14906400 16.132782
20130213 17.08 17.16 16.870001 17.01 11493700 16.047872
20130214 17.030001 17.120001 16.780001 17.030001 14264400 16.066742
20130215 17.110001 17.129999 16.719999 16.790001 15321500 15.840317
20130219 16.85 17.15 16.75 16.889999 17447200 15.934659
20130220 17.01 17.17 16.639999 16.700001 18007300 15.755407
20130221 16.610001 17.190001 16.57 17.10 37604300 16.132782
20130222 18.209999 19.83 18.110001 19.200001 133253100 18.114001
20130225 19.209999 19.450001 19.030001 19.07 41488900 17.991353
20130226 19.129999 19.92 19.049999 19.790001 38953200 18.670629
20130227 19.83 19.85 19.610001 19.77 29505000 18.65176
20130228 19.68 20.26 19.66 20.139999 27175700 19.000831
20130301 20.049999 20.360001 19.860001 20.15 20337300 19.010266
20130304 20.07 20.139999 19.790001 19.969999 19191300 18.840447
20130305 20.08 20.59 20.059999 20.370001 18507800 19.217823
20130306 20.559999 21.33 20.50 20.93 33708900 19.746148
20130307 20.93 21.120001 20.76 20.85 17905900 19.670673
20130308 21.120001 21.16 20.879999 21.00 19330300 19.812188
20130311 20.809999 21.049999 20.77 21.030001 14717800 19.965992
20130312 21.00 21.450001 20.940001 21.40 17673000 20.317271
20130313 21.379999 21.389999 21.059999 21.32 13852600 20.241318
20130314 21.32 21.940001 21.280001 21.93 24266900 20.820456
20130315 21.959999 22.18 21.74 22.18 31792500 21.057807
20130318 22.25 22.91 22.200001 22.83 39305700 21.67492
20130319 22.809999 23.139999 22.629999 23.110001 33874300 21.940755
20130320 23.129999 23.58 22.879999 22.92 35526900 21.760367
20130321 22.74 23.049999 22.27 22.32 36433300 21.190724
20130322 22.32 23.139999 22.32 23.040001 27924700 21.874297
20130325 23.08 23.440001 22.91 23.10 29581000 21.93126
20130326 23.18 23.709999 23.10 23.639999 27329000 22.443938
20130327 23.42 23.77 23.32 23.58 23973900 22.386974
20130328 23.50 23.93 23.40 23.84 24375300 22.63382
20130401 23.73 24.049999 23.26 23.309999 25232300 22.130635
20130402 22.35 22.48 21.82 22.10 48510200 20.981855
20130403 21.91 22.440001 21.84 21.91 30128500 20.801468
20130404 21.870001 22.33 21.790001 22.299999 20597300 21.171735
20130405 21.99 22.09 21.790001 21.969999 18875100 20.858431
20130408 22.049999 22.24 21.66 21.93 15245900 20.820456
20130409 21.98 22.32 21.889999 22.219999 16487500 21.095783
20130410 22.17 22.450001 22.17 22.32 15936000 21.190724
20130411 20.99 21.27 20.610001 20.879999 47718300 19.82358
20130412 20.780001 20.940001 20.66 20.90 19558400 19.842568
20130415 20.77 21.15 20.68 20.68 15919800 19.6337
20130416 20.780001 21.139999 20.67 21.030001 13923400 19.965992
20130417 20.870001 20.90 20.43 20.49 15693400 19.453312
20130418 20.530001 20.58 20.059999 20.209999 18681100 19.187478
20130419 19.59 19.93 19.07 19.559999 28418900 18.570365
20130422 19.690001 19.799999 19.309999 19.76 22852800 18.760247
20130423 19.75 20.00 19.549999 19.65 20012200 18.655812
20130424 19.52 20.35 19.49 19.84 25780900 18.836199
20130425 19.92 20.00 19.58 19.59 22505200 18.598848
20130426 19.66 20.35 19.559999 19.969999 27192500 18.959621
20130429 20.040001 20.610001 19.92 20.50 15918700 19.462806
20130430 20.549999 20.700001 20.24 20.60 15061200 19.557747
20130501 20.48 20.58 20.15 20.35 15127000 19.320396
20130502 20.43 20.620001 20.299999 20.450001 9394400 19.415337
20130503 20.629999 20.950001 20.58 20.629999 10923400 19.586228
20130506 20.66 20.799999 20.549999 20.639999 7597700 19.595723
20130507 20.73 20.860001 20.459999 20.50 13431300 19.462806
20130508 20.469999 21.07 20.440001 21.07 12844300 20.003967
20130509 21.040001 21.68 21.00 21.18 15489000 20.108402
20130510 21.280001 21.639999 21.190001 21.540001 12733600 20.450189
20130513 21.450001 21.530001 21.200001 21.35 8386000 20.269801
20130514 21.33 21.709999 21.07 21.52 18495400 20.4312
20130515 21.43 21.440001 20.77 20.969999 21036900 19.909026
20130516 20.91 21.540001 20.91 21.360001 17389200 20.279296
20130517 21.389999 21.49 21.059999 21.27 14610200 20.193849
20130520 21.24 21.360001 21.030001 21.18 11266100 20.108402
20130521 21.23 21.370001 21.040001 21.110001 10930300 20.041944
20130522 21.17 21.549999 21.110001 21.23 35159200 20.155872
20130523 23.209999 24.950001 22.90 24.860001 87691400 23.602214
20130524 24.58 24.780001 24.16 24.209999 29311300 22.985099
20130528 24.40 24.700001 24.209999 24.65 19644900 23.402838
20130529 24.440001 25.34 24.41 25.24 22508000 23.962987
20130530 25.18 25.469999 25.049999 25.26 23705900 23.981975
20130531 25.15 25.34 24.40 24.42 22355500 23.184475
20130603 24.459999 25.059999 24.370001 24.90 20681700 23.640189
20130604 24.84 25.200001 24.42 24.620001 16972300 23.374357
20130605 24.549999 24.66 24.120001 24.190001 15867900 22.966112
20130606 24.200001 24.57 23.709999 24.25 15147700 23.023076
20130607 24.33 24.809999 24.26 24.809999 12844300 23.554742
20130610 24.66 24.82 24.34 24.49 14162400 23.387621
20130611 24.27 24.620001 24.09 24.24 12508900 23.148874
20130612 24.690001 25.49 24.690001 24.91 22191000 23.788715
20130613 24.780001 25.280001 24.60 24.93 13706100 23.807816
20130614 24.93 25.09 24.549999 24.74 9749100 23.626368
20130617 24.879999 25.33 24.85 25.16 13240100 24.027462
20130618 25.17 25.549999 25.129999 25.440001 11493200 24.294859
20130619 25.41 25.870001 25.299999 25.43 17328200 24.285309
20130620 25.620001 25.620001 24.57 24.719999 17810400 23.607267
20130621 24.940001 25.049999 24.110001 24.15 23634800 23.062925
20130624 23.940001 24.00 23.190001 23.43 15995200 22.375336
20130625 23.719999 24.280001 23.709999 23.85 14435200 22.77643
20130626 24.190001 24.51 23.92 24.01 14482900 22.929228
20130627 24.110001 24.77 24.09 24.77 15520900 23.655018
20130628 24.549999 24.92 24.48 24.799999 15881500 23.683666
20130701 24.950001 25.10 24.799999 24.93 9981400 23.807816
20130702 24.889999 25.209999 24.790001 25.02 10293500 23.893764
20130703 24.879999 25.27 24.76 25.18 7485900 24.046562
20130705 25.290001 25.75 25.200001 25.58 12804600 24.428556
20130708 25.709999 25.870001 25.110001 25.17 11145500 24.037012
20130709 25.549999 25.620001 25.280001 25.469999 9828700 24.323507
20130710 26.08 26.709999 25.700001 25.93 33179700 24.762802
20130711 26.23 26.540001 25.99 26.379999 20139400 25.192545
20130712 26.389999 26.50 26.10 26.190001 11333800 25.011099
20130715 26.33 26.440001 26.110001 26.379999 8270600 25.192545
20130716 26.41 26.52 26.190001 26.450001 10876500 25.259396
20130717 26.280001 26.49 26.040001 26.309999 16597500 25.125696
20130718 26.24 26.43 25.93 26.33 10687100 25.144796
20130719 26.030001 26.110001 25.059999 25.139999 24885800 24.008362
20130722 25.25 25.690001 25.15 25.51 14231500 24.361708
20130723 25.620001 26.040001 25.620001 25.73 11201400 24.571804
20130724 25.83 26.139999 25.780001 26.110001 11263800 24.9347
20130725 26.040001 26.280001 25.790001 26.24 10950300 25.058847
20130726 26.01 26.049999 25.77 25.99 7457200 24.820101
20130729 25.959999 26.190001 25.610001 25.67 9059300 24.514505
20130730 25.77 26.049999 25.67 25.780001 13112000 24.619554
20130731 25.799999 26.18 25.57 25.68 18035900 24.524055
20130801 25.790001 26.360001 25.700001 26.23 9522100 25.049297
20130802 26.27 27.780001 26.24 27.00 30178500 25.784637
20130805 26.75 27.15 26.75 27.030001 8630900 25.813288
20130806 27.09 27.120001 26.41 26.440001 10890500 25.249845
20130807 26.360001 26.709999 26.23 26.690001 8030300 25.488592
20130808 26.889999 26.93 26.459999 26.870001 9960000 25.66049
20130809 26.73 27.10 26.50 26.77 11150100 25.564991
20130812 26.67 26.84 26.51 26.74 8746300 25.536341
20130813 27.02 27.58 26.969999 27.299999 17994700 26.071133
20130814 27.27 27.32 26.950001 27.18 10399900 25.956535
20130815 26.76 26.84 25.83 25.950001 15054800 24.781902
20130816 25.950001 26.57 25.92 26.42 15088600 25.230745
20130819 26.299999 26.530001 25.799999 25.879999 11810500 24.715052
20130820 25.870001 26.02 25.57 25.84 10686500 24.676853
20130821 25.93 26.040001 25.23 25.379999 25730100 24.237558
20130822 23.200001 23.24 21.809999 22.219999 67670500 21.219801
20130823 22.219999 22.450001 22.07 22.40 22067000 21.391699
20130826 22.360001 22.639999 22.25 22.27 17461600 21.267551
20130827 22.059999 22.379999 21.92 21.99 16716300 21.000155
20130828 22.030001 22.65 22.02 22.610001 18371400 21.592247
20130829 22.530001 22.690001 22.370001 22.52 11186600 21.506298
20130830 22.43 22.469999 22.200001 22.34 12125500 21.3344
20130903 22.49 22.700001 22.299999 22.370001 13731300 21.36305
20130904 22.360001 22.620001 22.27 22.27 13818700 21.267551
20130905 22.27 22.27 22.01 22.120001 15236700 21.124304
20130906 22.290001 22.59 22.049999 22.42 14231000 21.410799
20130909 22.33 22.450001 22.24 22.360001 10543700 21.492502
20130910 22.07 22.42 21.91 22.27 17345600 21.405993
20130911 22.309999 22.370001 22.18 22.27 11297800 21.405993
20130912 22.209999 22.299999 21.809999 21.959999 19889200 21.108019
20130913 21.959999 22.129999 21.700001 22.07 12872600 21.213752
20130916 22.290001 22.34 21.690001 21.74 14837300 20.896555
20130917 21.83 22.00 21.440001 21.67 15380500 20.829271
20130918 21.52 21.940001 21.52 21.799999 13116200 20.954227
20130919 21.91 21.969999 21.27 21.309999 17026400 20.483238
20130920 21.42 21.59 21.219999 21.219999 28151400 20.396729
20130923 21.209999 21.379999 20.959999 21.200001 14024300 20.377506
20130924 21.24 21.469999 21.02 21.24 13049300 20.415954
20130925 21.27 21.42 21.02 21.40 17279700 20.569746
20130926 21.27 21.59 21.24 21.299999 10444500 20.473625
20130927 21.219999 21.450001 21.08 21.17 10044100 20.34867
20130930 20.940001 21.08 20.82 20.99 13650500 20.175653
20131001 20.950001 21.32 20.950001 21.309999 10257500 20.483238
20131002 21.299999 21.620001 21.200001 21.40 16227800 20.569746
20131003 21.389999 21.42 20.799999 20.92 12740700 20.108369
20131004 20.940001 21.309999 20.879999 21.26 10113700 20.435178
20131007 21.00 21.190001 20.83 20.93 13986600 20.117981
20131008 20.889999 20.940001 20.25 20.75 17752400 19.944964
20131009 20.77 22.76 20.35 22.60 55970400 21.72319
20131010 23.02 23.51 22.059999 22.32 33998100 21.454053
20131011 22.389999 23.00 22.25 22.799999 18149900 21.91543
20131014 22.620001 22.99 22.40 22.90 11011000 22.011551
20131015 22.860001 22.959999 22.610001 22.790001 13452500 21.905819
20131016 22.93 23.35 22.809999 23.280001 17397300 22.376809
20131017 23.129999 23.43 22.969999 23.389999 9806800 22.48254
20131018 23.530001 23.629999 23.23 23.48 14360400 22.569048
20131021 23.52 23.780001 23.450001 23.549999 9412700 22.636332
20131022 23.58 24.389999 23.49 24.049999 16356400 23.116934
20131023 23.84 23.969999 23.629999 23.76 9147000 22.838186
20131024 23.780001 24.040001 23.75 23.879999 9049000 22.953529
20131025 24.08 24.10 23.799999 24.00 8360500 23.068874
20131028 23.99 24.09 23.719999 23.860001 12371400 22.934307
20131029 23.959999 24.10 23.639999 23.84 11287000 22.915082
20131030 23.860001 24.299999 23.860001 24.200001 11615700 23.261116
20131031 24.129999 24.57 24.09 24.370001 13802800 23.42452
20131101 24.50 26.15 24.50 25.92 34178400 24.914384
20131104 25.940001 25.940001 25.49 25.77 15111900 24.770204
20131105 25.709999 25.709999 25.15 25.469999 13095300 24.481842
20131106 25.57 25.74 25.43 25.610001 12642400 24.616412
20131107 25.66 26.280001 25.629999 25.690001 14833500 24.693308
20131108 25.58 25.950001 25.50 25.940001 15117900 24.933609
20131111 25.90 26.59 25.76 26.35 12233400 25.327702
20131112 26.190001 26.59 26.16 26.219999 9934200 25.202745
20131113 26.139999 26.51 26.049999 26.49 9289300 25.46227
20131114 25.75 25.940001 24.84 25.07 26392100 24.097361
20131115 25.15 25.309999 24.879999 25.209999 19314800 24.231929
20131118 25.32 25.379999 24.959999 25.00 11593000 24.030077
20131119 25.23 25.379999 24.889999 24.99 13023300 24.020465
20131120 24.969999 25.26 24.77 24.940001 17707900 23.972406
20131121 25.200001 25.24 24.969999 25.030001 11265800 24.058914
20131122 25.00 25.34 24.860001 25.26 10744300 24.27999
20131125 25.33 25.49 25.16 25.32 13955600 24.337662
20131126 25.209999 25.450001 25.09 25.09 25622100 24.116586
20131127 26.82 27.68 25.09 27.360001 52192400 26.298517
20131129 27.040001 27.540001 27.01 27.35 11988000 26.288905
20131202 27.24 27.50 27.15 27.32 14408500 26.260068
20131203 27.23 27.77 27.18 27.50 17916300 26.433085
20131204 28.049999 28.700001 27.99 28.129999 34062500 27.038642
20131205 28.15 28.18 27.030001 27.25 22038900 26.192784
20131206 27.610001 28.110001 27.59 27.700001 17175400 26.625327
20131209 27.610001 27.68 27.200001 27.25 15482100 26.330616
20131210 27.00 27.27 26.799999 27.040001 14763100 26.127702
20131211 26.85 27.18 26.85 26.99 15751300 26.079388
20131212 27.049999 27.110001 26.42 26.60 13422400 25.702547
20131213 26.67 26.879999 26.290001 26.77 11757700 25.866811
20131216 26.74 27.040001 26.68 26.90 12428500 25.992425
20131217 27.540001 27.860001 27.33 27.450001 19131300 26.523869
20131218 27.370001 27.52 26.65 27.51 15155400 26.581844
20131219 27.549999 28.23 27.51 28.040001 15935700 27.093963
20131220 28.08 28.190001 27.790001 27.790001 20481500 26.852398
20131223 27.99 28.10 27.75 28.049999 9427700 27.103624
20131224 28.00 28.200001 27.870001 28.16 4983400 27.209914
20131226 28.200001 28.700001 28.190001 28.309999 7792300 27.354853
20131227 28.43 28.440001 28.16 28.190001 6848300 27.238902
20131230 28.24 28.26 27.950001 28.07 7302600 27.12295
20131231 27.92 28.299999 27.83 27.98 9961400 27.035986
20140102 27.879999 28.219999 27.450001 27.66 13028200 26.726783
20140103 27.709999 28.50 27.700001 28.34 12675300 27.383841
20140106 28.299999 28.50 27.90 28.290001 10241000 27.335529
20140107 28.43 28.549999 27.870001 28.18 14321400 27.229239
20140108 28.18 28.200001 27.360001 27.450001 15212800 26.523869
20140109 27.57 27.879999 27.35 27.610001 18030200 26.678471
20140110 27.73 27.77 27.27 27.700001 14325800 26.765435
20140113 27.709999 28.790001 27.700001 28.120001 19713400 27.171264
20140114 28.120001 28.85 28.09 28.85 14852600 27.876635
20140115 28.90 29.07 28.540001 28.84 16377900 27.866972
20140116 29.50 29.82 29.120001 29.559999 22064600 28.562679
20140117 29.75 30.049999 29.67 29.799999 16056400 28.794581
20140121 29.799999 29.959999 29.450001 29.90 12086500 28.891208
20140122 29.629999 30.129999 29.459999 29.84 10237500 28.833233
20140123 29.42 29.73 29.059999 29.370001 9905300 28.379091
20140124 29.040001 29.200001 28.389999 28.49 17016600 27.52878
20140127 28.530001 29.09 28.379999 28.60 15924800 27.635069
20140128 28.57 29.08 28.49 29.00 12407000 28.021573
20140129 28.92 29.15 28.75 29.02 13915700 28.040899
20140130 29.15 29.42 29.08 29.25 9095700 28.263139
20140131 28.940001 29.190001 28.74 29.00 12934300 28.021573
20140203 29.059999 29.290001 27.959999 28.040001 14655400 27.093963
20140204 28.139999 28.41 27.889999 28.33 9581300 27.374178
20140205 28.17 28.440001 27.90 28.01 10278000 27.064975
20140206 28.23 28.66 28.200001 28.49 6693700 27.52878
20140207 28.700001 29.16 28.690001 29.07 7537300 28.089211
20140210 29.01 29.23 28.639999 28.809999 7813700 27.837983
20140211 28.879999 29.49 28.799999 29.360001 8613600 28.369428
20140212 29.360001 29.790001 29.360001 29.42 9725500 28.427403
20140213 29.309999 29.92 29.18 29.83 9492600 28.82357
20140214 29.860001 30.120001 29.719999 30.02 9514000 29.00716
20140218 30.00 30.049999 29.57 29.58 11250800 28.582005
20140219 29.43 29.77 29.26 29.450001 14889200 28.456392
20140220 29.32 30.280001 29.10 30.190001 26730100 29.171425
20140221 30.620001 30.709999 29.50 29.790001 29806400 28.78492
20140224 29.66 30.17 29.450001 29.92 14418000 28.910534
20140225 29.82 30.00 29.57 29.879999 9205400 28.871882
20140226 29.91 30.200001 29.809999 29.90 9007000 28.891208
20140227 29.719999 29.889999 29.629999 29.75 11122000 28.746269
20140228 29.84 30.360001 29.65 29.879999 13148800 28.871882
20140303 29.26 29.85 28.82 29.73 12456000 28.726944
20140304 29.93 30.24 29.860001 30.120001 13336700 29.103787
20140305 30.120001 30.15 29.85 29.940001 6507200 28.929859
20140306 29.99 30.200001 29.85 30.09 7135200 29.074798
20140307 30.25 30.48 30.040001 30.34 9285400 29.316363
20140310 30.049999 30.26 29.85 29.90 7427800 29.029947
20140311 30.00 30.26 29.780001 29.91 7073200 29.039656
20140312 29.809999 29.84 29.41 29.59 7404300 28.728968
20140313 29.639999 29.85 28.75 28.91 13214100 28.068755
20140314 28.870001 29.379999 28.83 29.07 8117000 28.224099
20140317 29.25 29.690001 29.23 29.48 7074100 28.622168
20140318 30.030001 30.629999 29.90 30.559999 19156500 29.670742
20140319 30.60 31.74 30.57 31.620001 23166800 30.699898
20140320 31.50 32.41 31.459999 31.48 23917900 30.563971
20140321 31.83 32.209999 31.65 31.950001 23672600 31.020296
20140324 32.02 32.209999 31.60 31.629999 13328800 30.709606
20140325 31.82 32.560001 31.75 32.560001 17230000 31.612546
20140326 32.77 33.119999 32.330002 32.349998 17237700 31.408654
20140327 32.16 32.290001 31.65 31.93 12374400 31.000877
20140328 32.189999 32.549999 31.940001 32.040001 11122700 31.107677
20140331 32.290001 32.59 32.25 32.360001 8803500 31.418365
20140401 32.299999 33.450001 32.290001 33.23 16457900 32.263048
20140402 33.34 33.66 33.009998 33.610001 14189500 32.631992
20140403 33.619999 33.639999 32.84 33.00 15483300 32.039741
20140404 33.23 33.48 32.41 32.639999 13662800 31.690216
20140407 32.900002 33.099998 32.509998 32.700001 12201000 31.748472
20140408 32.689999 32.779999 31.940001 32.450001 13600200 31.505746
20140409 32.639999 32.880001 32.279999 32.720001 12587300 31.76789
20140410 33.299999 33.900002 32.790001 32.799999 25617800 31.84556
20140411 32.57 32.939999 32.290001 32.450001 18736000 31.505746
20140414 32.599998 33.290001 32.560001 32.900002 13850800 31.942653
20140415 32.990002 33.00 31.879999 32.389999 13160400 31.447491
20140416 32.599998 33.099998 32.290001 32.490002 11551300 31.544583
20140417 32.290001 32.490002 31.450001 31.93 21235000 31.000877
20140421 32.040001 32.439999 31.879999 31.940001 15289800 31.010586
20140422 31.889999 32.07 31.629999 31.77 13541100 30.845533
20140423 31.84 31.959999 31.59 31.74 8790500 30.816405
20140424 31.940001 32.080002 31.75 32.00 11635700 31.06884
20140425 31.83 31.93 31.43 31.58 9104900 30.661061
20140428 31.65 32.330002 31.50 32.189999 10631600 31.25331
20140429 32.720001 33.09 32.619999 32.959999 12261600 32.000904
20140430 32.779999 33.27 32.639999 33.060001 11338200 32.097997
20140501 33.119999 33.279999 32.52 32.639999 8956900 31.690216
20140502 32.740002 32.790001 32.389999 32.490002 6418500 31.544583
20140505 32.290001 32.580002 32.029999 32.50 7027000 31.554291
20140506 32.48 32.599998 32.099998 32.130001 7052400 31.195058
20140507 32.34 32.459999 31.85 32.32 8460700 31.379528
20140508 32.290001 32.810001 32.09 32.23 6690200 31.292147
20140509 32.23 32.400002 32.00 32.360001 5603000 31.418365
20140512 32.400002 32.889999 32.380001 32.82 5983100 31.864979
20140513 32.919998 33.34 32.810001 33.279999 7346200 32.311592
20140514 33.130001 33.34 32.900002 32.970001 6792000 32.010615
20140515 32.970001 33.09 32.349998 32.41 7216200 31.466909
20140516 32.369999 32.52 32.189999 32.52 8030100 31.573709
20140519 32.549999 33.169998 32.48 33.110001 10141300 32.146541
20140520 33.139999 33.240002 32.689999 32.799999 8765900 31.84556
20140521 32.98 33.09 32.380001 32.52 10259300 31.573709
20140522 32.450001 33.360001 31.209999 31.780001 32458800 30.855242
20140523 32.310001 34.09 32.240002 33.720001 40760000 32.738791
20140527 33.50 33.650002 32.799999 33.099998 20948600 32.13683
20140528 33.049999 33.580002 33.00 33.349998 9502700 32.379555
20140529 33.419998 33.830002 33.330002 33.639999 9858000 32.661117
20140530 33.560001 33.799999 33.360001 33.50 12427900 32.525192
20140602 33.369999 33.639999 33.049999 33.43 10206200 32.457229
20140603 33.419998 33.810001 33.23 33.689999 8078100 32.709662
20140604 33.549999 33.869999 33.459999 33.759998 5664500 32.777625
20140605 33.709999 33.900002 33.560001 33.869999 6225100 32.884424
20140606 33.84 33.990002 33.77 33.84 5985200 32.855298
20140609 33.689999 33.919998 33.450001 33.740002 6783000 32.91383
20140610 33.630001 33.84 33.48 33.610001 4694500 32.787012
20140611 33.459999 33.630001 33.139999 33.25 5715000 32.435826
20140612 33.740002 34.299999 33.290001 33.389999 12562500 32.572398
20140613 34.00 35.200001 33.810001 35.16 22186500 34.299057
20140616 35.060001 35.060001 34.630001 34.900002 10025300 34.045425
20140617 34.900002 35.07 34.720001 34.91 6945100 34.055179
20140618 34.939999 34.98 34.41 34.709999 6353200 33.860075
20140619 34.689999 34.799999 34.34 34.48 5966200 33.635708
20140620 34.529999 34.549999 34.209999 34.220001 10980200 33.382076
20140623 34.380001 34.540001 34.009998 34.52 8209500 33.674729
20140624 34.540001 34.57 33.93 33.950001 9885500 33.118687
20140625 33.849998 33.849998 33.450001 33.59 10121500 32.767501
20140626 33.759998 33.950001 33.580002 33.91 6577800 33.079665
20140627 33.869999 34.02 33.669998 33.91 9116000 33.079665
20140630 33.889999 34.02 33.639999 33.68 7081800 32.855298
20140701 33.93 34.419998 33.68 34.18 8635000 33.343054
20140702 34.209999 34.240002 33.860001 33.880001 8961200 33.050401
20140703 34.040001 34.119999 33.919998 34.00 4860500 33.167462
20140707 33.91 34.00 33.669998 33.869999 6907100 33.040644
20140708 33.880001 33.93 33.43 33.50 7179700 32.679705
20140709 33.549999 33.790001 33.509998 33.650002 5683500 32.826033
20140710 33.439999 34.009998 33.240002 33.849998 8630400 33.021133
20140711 33.93 34.18 33.889999 33.970001 6458900 33.138197
20140714 34.200001 34.34 34.009998 34.150002 10877500 33.31379
20140715 34.349998 34.470001 34.00 34.150002 7717900 33.31379
20140716 34.419998 35.119999 34.419998 34.82 19258800 33.967382
20140717 34.689999 34.689999 34.330002 34.43 13630200 33.586933
20140718 34.52 34.84 34.439999 34.810001 10370800 33.957629
20140721 34.779999 34.84 34.389999 34.52 7301200 33.674729
20140722 34.549999 35.290001 34.52 35.150002 8166100 34.289304
20140723 35.169998 35.349998 34.98 34.98 6425900 34.123464
20140724 35.130001 35.18 34.869999 35.040001 7584800 34.181997
20140725 34.759998 35.57 34.669998 35.43 8215400 34.562446
20140728 35.400002 35.610001 35.25 35.599998 6787200 34.728282
20140729 35.709999 36.209999 35.599998 35.939999 12212800 35.059957
20140730 36.00 36.200001 35.84 36.110001 9724200 35.225796
20140731 35.73 35.860001 35.450001 35.610001 10709200 34.738039
20140801 35.330002 35.43 34.470001 35.189999 11871500 34.328321
20140804 35.279999 35.450001 35.00 35.330002 6478400 34.464896
20140805 35.110001 35.330002 34.82 35.07 5641100 34.211261
20140806 34.669998 35.279999 34.450001 35.040001 6112100 34.181997
20140807 35.220001 35.380001 34.66 34.82 6438200 33.967382
20140808 34.77 35.220001 34.630001 35.169998 5649000 34.308811
20140811 35.43 35.529999 35.119999 35.200001 5976000 34.338079
20140812 35.279999 35.330002 34.860001 35.119999 4844500 34.260036
20140813 35.259998 35.43 35.049999 35.299999 6787200 34.435629
20140814 35.299999 35.619999 34.959999 35.59 9824200 34.718528
20140815 35.73 35.75 34.91 35.07 11510500 34.211261
20140818 35.509998 35.540001 35.220001 35.34 9582800 34.47465
20140819 35.509998 35.77 35.290001 35.48 8787200 34.611221
20140820 35.720001 35.720001 34.869999 35.119999 18762100 34.260036
20140821 35.389999 37.400002 35.27 37.00 39516000 36.094002
20140822 36.849998 37.07 36.650002 36.84 14398700 35.93792
20140825 36.990002 37.360001 36.779999 37.150002 10954900 36.240331
20140826 37.240002 38.130001 37.110001 37.830002 13922300 36.90368
20140827 37.799999 38.200001 37.540001 38.16 9715500 37.225598
20140828 37.900002 38.09 37.599998 37.990002 6971600 37.059762
20140829 38.029999 38.18 37.82 38.00 6211900 37.069516
20140902 38.00 38.07 37.66 38.049999 7224400 37.118291
20140903 38.130001 38.25 38.040001 38.07 6854500 37.137802
20140904 38.049999 38.25 37.48 37.66 8634600 36.737841
20140905 37.59 37.66 37.169998 37.580002 11257300 36.659802
20140908 37.25 37.470001 37.110001 37.279999 7366700 36.522643
20140909 37.119999 37.150002 36.630001 36.790001 10295000 36.042599
20140910 36.93 37.07 36.75 37.029999 7857700 36.277721
20140911 37.00 37.029999 36.52 36.759998 8032700 36.013206
20140912 36.759998 36.849998 36.50 36.560001 7634100 35.817272
20140915 36.540001 36.549999 36.130001 36.25 7274300 35.513569
20140916 36.240002 36.330002 36.009998 36.259998 7657200 35.523364
20140917 36.330002 36.869999 36.27 36.669998 8730000 35.925034
20140918 36.630001 37.099998 36.59 37.009998 7840200 36.258127
20140919 37.169998 37.380001 36.720001 36.790001 11746800 36.042599
20140922 37.189999 37.189999 36.389999 36.470001 6723100 35.7291
20140923 36.299999 36.580002 35.779999 35.790001 10926200 35.062915
20140924 35.77 36.00 35.310001 35.950001 11722600 35.219664
20140925 35.98 35.990002 35.169998 35.27 8333700 34.553478
20140926 35.23 35.50 35.029999 35.369999 9727400 34.651445
20140929 35.049999 35.139999 34.630001 34.970001 9152000 34.259573
20140930 35.189999 35.650002 35.060001 35.470001 10730700 34.749416
20141001 35.389999 35.400002 34.400002 34.549999 13529400 33.848104
20141002 34.610001 34.790001 33.93 34.509998 9424900 33.808916
20141003 34.66 35.279999 34.66 35.200001 9258400 34.4849
20141006 37.099998 37.529999 36.529999 36.869999 55748900 36.120972
20141007 36.509998 36.860001 35.139999 35.220001 22754600 34.504495
20141008 34.889999 36.029999 34.700001 35.919998 17112700 35.190271
20141009 35.790001 35.860001 34.27 34.32 13984900 33.622777
20141010 34.200001 34.509998 33.48 33.50 14382200 32.819436
20141013 33.220001 33.380001 32.23 32.689999 20026900 32.02589
20141014 32.689999 32.98 32.150002 32.240002 13079200 31.585035
20141015 32.599998 33.119999 31.620001 32.799999 19921000 32.133656
20141016 31.75 34.169998 31.709999 34.00 23421200 33.309278
20141017 34.259998 34.48 33.790001 34.16 15444300 33.466028
20141020 33.02 33.959999 32.98 33.82 14209500 33.132935
20141021 34.27 34.82 34.18 34.740002 12050200 34.034246
20141022 34.73 34.900002 34.450001 34.490002 13381400 33.789325
20141023 34.73 35.209999 34.709999 34.939999 10046800 34.23018
20141024 35.00 35.419998 34.740002 34.93 12670400 34.220385
20141027 34.950001 35.41 34.799999 35.299999 10092300 34.582867
20141028 35.419998 35.77 35.380001 35.540001 12514800 34.817993
20141029 35.529999 36.00 35.040001 35.380001 13955900 34.661244
20141030 35.560001 35.77 35.209999 35.32 14134400 34.602462
20141031 35.75 35.950001 35.48 35.880001 20048000 35.151086
20141103 36.029999 36.150002 35.77 35.860001 12497000 35.131492
20141104 35.990002 36.400002 35.779999 35.900002 10210900 35.17068
20141105 36.169998 36.330002 35.860001 36.18 7441300 35.444991
20141106 36.029999 36.419998 35.990002 36.150002 6993100 35.415602
20141107 36.259998 36.419998 36.02 36.380001 8997200 35.640929
20141110 36.52 37.049999 36.50 36.900002 9578500 36.150365
20141111 36.900002 37.049999 36.540001 36.759998 7138800 36.013206
20141112 36.66 36.869999 36.48 36.509998 6297900 35.768285
20141113 36.599998 36.77 36.220001 36.360001 7679000 35.621335
20141114 36.439999 37.060001 36.43 36.919998 6335800 36.169956
20141117 36.720001 37.50 36.720001 37.41 8397500 36.650003
20141118 37.630001 37.799999 37.459999 37.50 5985300 36.738174
20141119 37.509998 37.52 37.09 37.18 5519600 36.424676
20141120 37.02 37.25 36.830002 36.93 7351100 36.179754
20141121 37.27 37.450001 36.91 37.259998 13061000 36.503048
20141124 37.540001 37.799999 37.330002 37.50 10871300 36.738174
20141125 37.50 38.25 37.50 37.630001 19081100 36.865534
20141126 37.380001 39.279999 37.25 39.16 25825900 38.364451
20141128 38.75 39.580002 38.650002 39.060001 7701500 38.266484
20141201 38.50 39.169998 38.439999 38.560001 14106400 37.776641
20141202 38.349998 39.330002 38.09 38.950001 9658100 38.158718
20141203 38.779999 39.34 38.77 39.049999 11076500 38.256685
20141204 39.049999 39.25 38.68 39.07 7467200 38.276279
20141205 39.110001 39.650002 39.02 39.549999 8968600 38.746527
20141208 38.75 38.900002 38.110001 38.459999 12074000 37.83172
20141209 37.540001 38.369999 37.34 38.200001 10551000 37.575969
20141210 37.549999 38.189999 37.279999 37.360001 13757600 36.749691
20141211 37.299999 38.900002 37.299999 38.470001 12335700 37.841559
20141212 38.209999 38.580002 37.869999 38.009998 13326900 37.389071
20141215 38.049999 38.240002 37.41 37.610001 12441200 36.995607
20141216 37.220001 38.310001 37.110001 37.32 11411400 36.710344
20141217 38.040001 38.759998 37.91 38.650002 11525600 38.018619
20141218 39.09 39.84 38.959999 39.82 12488500 39.169504
20141219 39.779999 40.259998 39.68 39.900002 18596600 39.248199
20141222 39.98 40.41 39.52 39.799999 10822400 39.14983
20141223 39.939999 40.599998 39.93 40.360001 9657800 39.700683
20141224 40.470001 40.830002 40.439999 40.540001 5529500 39.877743
20141226 40.529999 40.950001 40.50 40.700001 4887400 40.035129
20141229 40.580002 40.900002 40.400002 40.709999 7399000 40.044964
20141230 40.57 40.869999 40.549999 40.720001 5760200 40.054803
20141231 40.75 40.82 40.099998 40.130001 7211900 39.474441
20150102 40.060001 40.48 39.580002 40.240002 9811300 39.582645
20150105 39.799999 40.09 39.27 39.57 10831500 38.923588
20150106 39.869999 40.220001 38.919998 39.27 11988500 38.628489
20150107 39.540001 39.75 39.23 39.73 10508900 39.080974
20150108 40.119999 40.889999 40.080002 40.68 9829700 40.015456
20150109 40.84 41.099998 40.220001 40.669998 9697700 40.005617
20150112 40.68 40.799999 39.77 39.919998 8957300 39.267869
20150113 39.959999 40.669998 39.450001 39.810001 11539100 39.159669
20150114 39.490002 39.529999 38.790001 39.459999 10376600 38.815384
20150115 39.459999 39.639999 38.169998 38.189999 13777900 37.56613
20150116 37.880001 38.549999 37.580002 38.34 12977400 37.713682
20150120 38.439999 38.900002 38.110001 38.619999 10251000 37.989106
20150121 38.419998 38.970001 38.299999 38.57 8391500 37.939924
20150122 38.919998 40.09 38.580002 40.060001 11681800 39.405585
20150123 39.959999 40.25 39.759998 40.080002 7142000 39.425259
20150126 39.740002 39.740002 38.689999 38.84 11265600 38.205514
20150127 37.459999 37.849998 36.720001 37.360001 17203000 36.749691
20150128 37.830002 38.110001 37.110001 37.16 10656300 36.552958
20150129 37.299999 37.889999 36.75 37.740002 10152200 37.123485
20150130 37.419998 37.48 36.060001 36.130001 17497000 35.539785
20150202 36.259998 36.560001 35.439999 36.470001 15459600 35.874231
20150203 36.700001 37.799999 36.700001 37.77 14610300 37.152993
20150204 37.610001 38.290001 37.610001 37.900002 10479700 37.280871
20150205 37.970001 38.18 37.799999 37.950001 6313100 37.330053
20150206 37.939999 38.650002 37.830002 37.950001 8307500 37.330053
20150209 37.830002 37.84 37.310001 37.639999 7968200 37.025116
20150210 37.889999 38.310001 37.66 37.889999 7781500 37.271032
20150211 37.889999 38.439999 37.880001 38.18 7953700 37.556295
20150212 38.439999 38.849998 38.23 38.369999 9193600 37.74319
20150213 38.290001 38.580002 38.139999 38.560001 6630500 37.930089
20150217 38.549999 38.860001 38.299999 38.529999 7569900 37.900576
20150218 38.580002 38.580002 37.91 38.150002 8247200 37.526787
20150219 38.150002 38.400002 37.849998 38.380001 5732200 37.753029
20150220 38.34 38.490002 37.830002 38.389999 7518300 37.762864
20150223 38.48 38.50 37.919998 38.189999 9947900 37.56613
20150224 38.240002 38.709999 38.009998 38.490002 16300800 37.861233
20150225 35.360001 35.689999 34.419998 34.669998 62987700 34.103632
20150226 34.50 34.650002 33.689999 34.009998 32530600 33.454414
20150227 33.98 34.990002 33.919998 34.84 29539200 34.270857
20150302 34.84 35.130001 34.50 34.919998 15719600 34.349548
20150303 34.919998 35.040001 34.450001 34.57 13686400 34.005267
20150304 34.439999 34.490002 34.009998 34.189999 15652900 33.631474
20150305 34.279999 34.330002 33.84 34.00 18224700 33.444579
20150306 33.799999 33.950001 33.110001 33.18 17413000 32.637975
20150309 33.029999 33.09 32.619999 32.950001 14137600 32.568786
20150310 33.209999 33.209999 32.490002 32.669998 16633700 32.292023
20150311 32.98 32.98 32.41 32.610001 13762600 32.232719
20150312 31.629999 32.799999 31.51 32.720001 26255300 32.341447
20150313 32.59 32.59 32.00 32.43 14845500 32.054801
20150316 32.400002 32.709999 32.189999 32.380001 12498900 32.005381
20150317 32.279999 32.470001 32.200001 32.43 10408400 32.054801
20150318 32.360001 33.16 32.16 33.029999 13889400 32.647858
20150319 32.939999 33.040001 32.630001 32.84 11780900 32.460058
20150320 32.860001 33.59 32.860001 33.279999 25140600 32.894966
20150323 33.299999 33.740002 33.240002 33.450001 12723900 33.063001
20150324 33.419998 33.50 33.110001 33.310001 11106000 32.924621
20150325 33.419998 33.50 32.200001 32.200001 11313000 31.827463
20150326 31.91 32.599998 31.57 32.009998 13709000 31.639659
20150327 32.209999 32.330002 31.030001 31.49 19646100 31.125676
20150330 31.879999 31.98 31.48 31.57 11118600 31.204751
20150331 31.290001 31.450001 31.040001 31.16 13722100 30.799494
20150401 31.85 31.860001 31.219999 31.290001 15527600 30.927991
20150402 31.299999 31.75 31.219999 31.40 8527700 31.036717
20150406 31.07 31.879999 31.00 31.83 9231400 31.461743
20150407 31.73 31.809999 31.42 31.42 8444800 31.056486
20150408 31.50 31.969999 31.120001 31.52 11664700 31.15533
20150409 31.549999 31.77 31.370001 31.549999 7544300 31.184982
20150410 31.66 32.209999 31.32 32.110001 15519800 31.738504
20150413 32.110001 32.849998 31.90 32.700001 19703000 32.321678
20150414 32.689999 32.700001 32.029999 32.52 11325300 32.14376
20150415 32.73 33.27 32.630001 33.040001 11202300 32.657745
20150416 32.950001 33.169998 32.799999 32.810001 7559800 32.430406
20150417 32.560001 32.790001 32.330002 32.529999 10663700 32.153643
20150420 32.630001 33.450001 32.619999 33.41 10698000 33.023463
20150421 33.490002 33.619999 32.919998 33.209999 9364000 32.825776
20150422 33.299999 33.650002 33.029999 33.509998 9068800 33.122304
20150423 33.200001 33.700001 33.130001 33.380001 8612800 32.993811
20150424 33.75 33.75 33.150002 33.259998 7621100 32.875197
20150427 33.389999 33.389999 33.00 33.07 8411300 32.687396
20150428 33.189999 33.240002 32.73 33.240002 8935900 32.855431
20150429 33.139999 33.560001 32.889999 33.32 8641900 32.934504
20150430 33.310001 33.459999 32.84 32.970001 10519500 32.588555
20150501 33.200001 33.93 33.200001 33.799999 11589100 33.40895
20150504 33.799999 33.889999 33.580002 33.650002 5092900 33.260688
20150505 33.439999 33.669998 32.93 33.16 8725500 32.776355
20150506 33.189999 33.380001 32.25 32.50 8460600 32.123991
20150507 32.450001 33.00 32.27 32.82 7754700 32.440289
20150508 33.18 33.50 32.959999 33.41 7557300 33.023463
20150511 33.400002 33.82 33.330002 33.700001 9970400 33.310109
20150512 33.32 33.369999 32.900002 32.919998 9029100 32.53913
20150513 33.009998 33.48 32.970001 33.299999 6256300 32.914735
20150514 33.509998 33.73 33.400002 33.700001 6111900 33.310109
20150515 33.599998 33.73 33.290001 33.599998 9725600 33.211263
20150518 33.490002 33.52 33.009998 33.25 8765800 32.865314
20150519 33.240002 33.490002 33.209999 33.400002 7674700 33.01358
20150520 33.41 33.450001 32.779999 33.07 12001500 32.687396
20150521 33.099998 33.939999 33.02 33.830002 13435100 33.438606
20150522 34.27 35.599998 34.259998 34.759998 28605400 34.357843
20150526 34.470001 34.619999 33.259998 33.380001 17037700 32.993811
20150527 33.630001 33.82 33.220001 33.779999 13849400 33.389181
20150528 33.709999 33.91 33.470001 33.650002 6860200 33.260688
20150529 33.619999 33.700001 33.259998 33.400002 12397400 33.01358
20150601 33.41 33.990002 33.310001 33.759998 9252200 33.369412
20150602 33.66 34.279999 33.330002 33.880001 9851300 33.488026
20150603 34.009998 34.259998 33.849998 33.959999 10563500 33.567099
20150604 33.540001 33.830002 33.18 33.299999 12885500 32.914735
20150605 33.330002 33.439999 32.82 32.919998 12132500 32.53913
20150608 32.77 32.93 32.400002 32.689999 9491200 32.485469
20150609 32.66 32.849998 32.290001 32.580002 8203300 32.37616
20150610 32.66 33.150002 32.66 32.91 6656200 32.704094
20150611 32.939999 33.099998 32.470001 32.52 8896700 32.316535
20150612 32.48 32.68 32.200001 32.41 5225400 32.207222
20150615 32.27 32.27 31.65 31.709999 12203900 31.511601
20150616 31.719999 31.76 31.48 31.65 13011600 31.451977
20150617 31.700001 32.310001 31.700001 32.209999 10995700 32.008473
20150618 32.25 32.560001 32.02 32.080002 15268000 31.879289
20150619 31.959999 32.099998 31.799999 31.799999 14965200 31.601038
20150622 31.959999 32.00 31.690001 31.700001 11388500 31.501665
20150623 31.889999 31.90 31.540001 31.629999 11897500 31.432102
20150624 31.549999 31.77 31.52 31.540001 10243400 31.342666
20150625 31.709999 31.709999 31.07 31.209999 9561700 31.014729
20150626 30.58 30.90 30.27 30.530001 20335600 30.338985
20150629 30.33 30.41 29.90 29.969999 16508200 29.782488
20150630 30.07 30.209999 29.52 30.01 19352400 29.822238
20150701 30.33 30.549999 29.950001 30.52 18350900 30.329048
20150702 30.700001 31.01 30.639999 30.690001 15700700 30.497984
20150706 30.379999 30.629999 29.719999 30.57 11581200 30.378734
20150707 30.52 31.10 30.209999 30.799999 18130500 30.607295
20150708 30.49 30.68 30.32 30.450001 15465600 30.259486
20150709 30.73 30.84 30.34 30.389999 13029700 30.19986
20150710 30.799999 30.879999 30.34 30.65 9277900 30.458234
20150713 30.940001 30.98 30.52 30.74 6729000 30.547671
20150714 30.67 30.73 30.459999 30.51 8703300 30.31911
20150715 30.549999 30.690001 30.40 30.50 11886400 30.309172
20150716 30.629999 30.75 30.34 30.35 10712100 30.160111
20150717 30.34 30.450001 29.950001 30.360001 12333500 30.170049
20150720 30.40 30.540001 30.10 30.450001 11963600 30.259486
20150721 30.15 30.690001 30.09 30.66 17044800 30.468171
20150722 30.42 30.790001 30.35 30.77 12213000 30.577484
20150723 31.02 31.459999 30.799999 31.23 15227100 31.034605
20150724 31.18 31.41 30.540001 30.809999 23314400 30.617232
20150727 30.49 30.49 30.08 30.25 9972500 30.060737
20150728 30.51 30.530001 30.01 30.27 8032600 30.080612
20150729 30.219999 30.450001 30.09 30.299999 8571200 30.110423
20150730 30.219999 30.67 30.08 30.620001 7058000 30.428423
20150731 30.709999 30.82 30.48 30.52 11925600 30.329048
20150803 30.59 30.66 29.83 30.02 11539500 29.832176
20150804 30.049999 30.200001 29.52 29.76 12652900 29.573803
20150805 30.02 30.379999 29.969999 30.299999 10368500 30.110423
20150806 30.40 30.780001 30.110001 30.139999 10626800 29.951424
20150807 30.02 30.209999 29.40 29.41 10378400 29.225992
20150810 29.469999 30.290001 29.459999 30.24 9890800 30.050799
20150811 29.940001 29.969999 29.299999 29.32 9371100 29.136555
20150812 29.09 29.129999 28.379999 29.10 13033300 28.917932
20150813 29.00 29.41 28.440001 28.450001 8519800 28.271999
20150814 28.450001 28.83 28.41 28.709999 7595500 28.530371
20150817 28.50 28.799999 28.280001 28.610001 8224800 28.430998
20150818 28.35 28.58 28.209999 28.389999 10757300 28.212373
20150819 28.190001 28.370001 27.610001 27.74 16250200 27.566441
20150820 27.51 27.860001 27.209999 27.35 16614200 27.178881
20150821 26.950001 29.43 26.940001 27.469999 37383000 27.298129
20150824 25.610001 27.76 24.85 26.60 35288800 26.433574
20150825 27.18 27.379999 25.65 25.690001 23577400 25.529267
20150826 26.360001 27.129999 25.969999 27.10 22834600 26.930445
20150827 27.389999 27.860001 27.18 27.790001 17714600 27.616129
20150828 27.700001 28.129999 27.66 28.030001 14890000 27.854627
20150831 27.809999 28.120001 27.709999 28.059999 14840600 27.884438
20150901 27.389999 28.15 27.32 27.809999 17966300 27.636002
20150902 28.15 28.16 27.41 28.00 11307100 27.824814
20150903 28.030001 28.700001 27.940001 28.129999 10892900 27.954
20150904 27.42 27.58 26.969999 26.99 14872300 26.99
20150908 27.43 27.629999 27.23 27.59 10238100 27.59
20150909 27.889999 28.01 27.209999 27.26 11570300 27.26
20150910 27.190001 27.50 26.85 27.33 10061800 27.33
20150911 27.18 27.309999 26.92 27.15 11406200 27.15
20150914 27.190001 27.51 26.959999 27.040001 12963000 27.040001
20150915 26.959999 27.27 26.860001 27.110001 15886200 27.110001
20150916 27.75 28.549999 27.530001 28.469999 32237300 28.469999
20150917 27.780001 28.27 27.51 27.57 16959400 27.57
20150918 27.50 27.530001 26.450001 26.540001 29076300 26.540001
20150921 26.18 26.700001 26.18 26.440001 15908700 26.440001
20150922 25.889999 26.290001 25.379999 25.65 29603500 25.65
20150923 25.65 25.76 25.290001 25.49 11138100 25.49
20150924 25.18 25.33 24.940001 25.26 13153700 25.26
20150925 25.41 25.450001 24.76 25.01 12676200 25.01
