20130102 194.089996 196.350006 193.800003 196.350006 4234100 183.808239
20130103 195.669998 196.289993 194.440002 195.270004 3644700 182.797222
20130104 194.190002 194.460007 192.779999 193.990005 3380200 181.598983
20130107 193.399994 193.779999 192.339996 193.139999 2862300 180.80327
20130108 192.919998 193.300003 191.600006 192.869995 3026900 180.550512
20130109 193.479996 193.490005 191.649994 192.320007 3212000 180.035655
20130110 192.649994 192.960007 191.279999 192.880005 3608100 180.559883
20130111 194.149994 195.00 192.899994 194.449997 3880400 182.029592
20130114 192.820007 193.279999 191.75 192.619995 4172200 180.316481
20130115 191.309998 192.729996 190.389999 192.50 4172100 180.204151
20130116 192.00 193.179993 191.350006 192.589996 2962900 180.288398
20130117 193.850006 194.460007 193.240005 193.649994 3881600 181.280689
20130118 194.029999 195.00 193.800003 194.470001 4559600 182.048319
20130122 194.360001 196.080002 194.009995 196.080002 7172300 183.555481
20130123 203.50 208.580002 203.360001 204.720001 12530500 191.643605
20130124 203.910004 205.059998 203.080002 204.419998 4447200 191.362764
20130125 204.449997 205.179993 204.130005 204.970001 3358900 191.877636
20130128 204.850006 206.220001 204.289993 204.929993 2823700 191.840183
20130129 204.339996 205.729996 203.639999 203.899994 3617100 190.875975
20130130 203.690002 204.880005 203.190002 203.520004 2998400 190.520257
20130131 203.320007 204.470001 202.960007 203.070007 3091400 190.099003
20130201 204.649994 205.350006 203.839996 205.179993 3370700 192.074214
20130204 204.190002 205.020004 203.570007 203.789993 3188800 190.773001
20130205 204.309998 204.75 202.509995 202.789993 3636900 189.836875
20130206 200.389999 201.289993 199.559998 201.020004 3624200 188.972019
20130207 200.619995 200.910004 198.679993 199.740005 3076700 187.768736
20130208 199.970001 202.089996 199.679993 201.679993 2893300 189.592452
20130211 200.979996 201.949997 199.75 200.160004 2944700 188.163562
20130212 200.009995 200.740005 199.020004 200.039993 2461800 188.050745
20130213 200.649994 200.949997 199.570007 200.089996 2169800 188.097751
20130214 199.729996 200.320007 199.259995 199.649994 3294200 187.68412
20130215 199.979996 201.25 199.820007 200.979996 3627800 188.934409
20130219 200.600006 201.889999 200.220001 200.320007 2998300 188.313976
20130220 200.619995 201.720001 198.860001 199.309998 3715400 187.364501
20130221 198.630005 199.070007 198.110001 198.330002 3922900 186.44324
20130222 199.229996 201.089996 198.839996 201.089996 3107900 189.037817
20130225 201.669998 202.490005 197.509995 197.509995 3844800 185.672379
20130226 198.630005 199.899994 197.839996 199.139999 3391600 187.204691
20130227 198.889999 202.75 198.600006 202.330002 4185100 190.203503
20130228 202.179993 203.119995 200.789993 200.830002 4689200 188.793405
20130301 200.649994 202.940002 199.360001 202.910004 3308300 190.748743
20130304 202.589996 205.190002 202.550003 205.190002 3693400 192.892092
20130305 205.860001 207.699997 205.690002 206.529999 3807800 194.151776
20130306 207.029999 208.490005 206.660004 208.380005 3594800 195.890904
20130307 208.289993 209.600006 208.240005 209.419998 3884400 196.868566
20130308 209.850006 210.740005 209.429993 210.380005 3700500 197.771035
20130311 210.039993 210.199997 209.039993 210.080002 3049700 197.489013
20130312 209.399994 210.729996 209.089996 210.550003 3591600 197.930845
20130313 210.199997 212.360001 209.770004 212.059998 3355900 199.350339
20130314 212.149994 215.860001 212.149994 215.800003 5505500 202.86619
20130315 215.380005 215.899994 213.410004 214.919998 7930300 202.038927
20130318 212.899994 214.50 212.639999 213.210007 3006000 200.431423
20130319 214.130005 215.119995 211.830002 213.440002 3198600 200.647634
20130320 214.759995 215.820007 214.300003 215.059998 3019000 202.170536
20130321 212.960007 213.00 210.110001 212.259995 5830400 199.538349
20130322 212.210007 213.169998 211.619995 212.080002 3031500 199.369144
20130325 212.539993 212.809998 210.050003 210.740005 3242500 198.10946
20130326 211.770004 212.50 211.50 212.360001 2300300 199.632361
20130327 210.960007 212.160004 210.100006 210.889999 3223400 198.250464
20130328 209.830002 213.440002 209.740005 213.300003 3749900 200.516026
20130401 212.800003 213.50 211.25 212.380005 2144500 199.651167
20130402 212.919998 214.710007 211.570007 214.360001 3116800 201.512493
20130403 214.320007 214.889999 212.630005 212.660004 3128800 199.914384
20130404 212.770004 212.929993 210.039993 211.309998 3709500 198.64529
20130405 209.100006 209.839996 206.339996 209.410004 4148000 196.85917
20130408 209.070007 209.320007 207.330002 209.320007 2351200 196.774568
20130409 209.559998 210.00 208.610001 209.220001 2577300 196.680556
20130410 211.860001 212.509995 210.470001 212.00 3524200 199.293937
20130411 211.50 213.089996 210.850006 212.919998 3655600 200.158796
20130412 210.789993 211.490005 209.779999 211.380005 3165400 198.711101
20130415 210.440002 211.690002 209.259995 209.259995 4218100 196.718152
20130416 210.839996 212.00 209.199997 212.00 2859500 199.293937
20130417 210.529999 211.089996 209.50 209.669998 3269800 197.103582
20130418 210.110001 210.25 206.149994 207.149994 6502000 194.734613
20130419 195.740005 196.50 189.759995 190.00 18847000 178.612491
20130422 191.149994 191.380005 187.679993 187.830002 9845400 176.57255
20130423 189.270004 192.550003 188.610001 191.610001 6296100 180.125997
20130424 192.160004 192.50 191.089996 191.710007 3693900 180.22001
20130425 192.690002 195.169998 192.320007 193.949997 4650900 182.325748
20130426 194.160004 194.710007 193.25 194.309998 3490300 182.664172
20130429 194.779999 199.679993 194.649994 199.149994 5932400 187.214087
20130430 199.130005 202.589996 197.350006 202.539993 7539900 190.400909
20130501 201.869995 202.169998 199.199997 199.630005 4899100 187.665329
20130502 200.119995 202.429993 199.75 202.389999 3945100 190.259905
20130503 203.940002 205.320007 203.75 204.509995 4492700 192.25284
20130506 203.789993 203.990005 201.520004 202.779999 4826500 190.62653
20130507 202.809998 203.729996 201.649994 203.630005 3451000 191.425592
20130508 202.940002 204.850006 202.509995 204.820007 3601700 193.446765
20130509 204.690002 205.00 202.720001 203.240005 3542300 191.954497
20130510 203.369995 204.529999 202.820007 204.470001 3279200 193.116194
20130513 204.179993 204.470001 202.220001 202.470001 3648400 191.22725
20130514 202.089996 203.669998 202.080002 203.210007 3699700 191.926164
20130515 202.25 203.679993 202.039993 203.320007 4028100 192.030057
20130516 204.00 206.589996 204.00 204.690002 4507000 193.323979
20130517 205.25 209.50 204.990005 208.440002 5704100 196.865749
20130520 208.020004 209.149994 207.419998 207.600006 3614500 196.072396
20130521 207.240005 209.479996 207.00 208.649994 2982900 197.06408
20130522 208.50 210.149994 206.119995 206.990005 5186800 195.496268
20130523 205.479996 208.610001 205.130005 206.160004 5179100 194.712354
20130524 204.690002 206.429993 204.419998 205.720001 3295800 194.296784
20130528 207.440002 208.589996 207.160004 207.779999 4011500 196.242394
20130529 206.220001 208.419998 206.039993 207.919998 3439400 196.37462
20130530 206.970001 210.990005 206.970001 209.360001 4399700 197.734662
20130531 208.589996 211.979996 208.020004 208.020004 4949000 196.469073
20130603 208.25 210.050003 207.330002 208.949997 3322000 197.347425
20130604 208.600006 209.00 205.080002 206.190002 3598300 194.740687
20130605 205.160004 206.289993 202.399994 202.740005 4215400 191.482261
20130606 203.00 204.199997 201.470001 203.800003 3679400 192.4834
20130607 204.850006 206.350006 204.110001 206.350006 2953400 194.891806
20130610 206.970001 206.979996 204.899994 205.020004 2652300 193.635657
20130611 203.169998 205.949997 202.509995 203.979996 2814400 192.653398
20130612 204.589996 205.229996 200.509995 201.199997 3409800 190.027767
20130613 201.009995 204.399994 200.339996 203.770004 2899500 192.455067
20130614 203.970001 204.740005 201.809998 202.199997 2804500 190.972239
20130617 203.440002 205.169998 202.550003 203.039993 3219900 191.765592
20130618 203.020004 206.089996 202.869995 204.869995 3277800 193.493977
20130619 204.440002 205.029999 201.929993 201.940002 2846100 190.726681
20130620 200.669998 201.699997 197.279999 197.350006 4514800 186.391558
20130621 198.50 198.520004 193.539993 195.460007 8914800 184.606506
20130624 193.990005 194.910004 191.339996 193.539993 4356200 182.793107
20130625 195.309998 195.589996 193.149994 194.979996 3846200 184.153149
20130626 195.970001 196.229996 194.50 194.860001 3320200 184.039817
20130627 196.050003 196.899994 195.289993 195.649994 3514200 184.785944
20130628 191.729996 192.660004 188.410004 191.110001 10055800 180.498047
20130701 192.149994 193.800003 191.119995 191.279999 4442400 180.658606
20130702 190.779999 193.229996 190.259995 191.50 3657700 180.866391
20130703 190.979996 194.220001 190.509995 193.25 1872600 182.519217
20130705 194.490005 195.160004 192.350006 194.929993 2405400 184.105923
20130708 195.600006 195.779999 194.610001 194.979996 2947500 184.153149
20130709 191.880005 192.800003 190.779999 191.300003 5204200 180.677499
20130710 191.509995 193.429993 191.270004 192.25 3892000 181.574745
20130711 193.779999 194.110001 192.610001 192.800003 4177500 182.094207
20130712 193.070007 193.699997 191.589996 192.070007 4494700 181.404747
20130715 192.419998 194.889999 191.679993 194.00 5674700 183.227571
20130716 194.039993 194.580002 192.679993 193.850006 3745300 183.085906
20130717 194.720001 194.889999 193.029999 194.550003 6868400 183.747033
20130718 198.270004 200.940002 195.990005 197.990005 8393400 186.996019
20130719 197.910004 197.990005 193.240005 193.539993 6997600 182.793107
20130722 193.399994 195.789993 193.279999 194.089996 3398000 183.31257
20130723 194.210007 196.429993 194.100006 194.979996 2863800 184.153149
20130724 195.949997 197.300003 195.860001 196.610001 2957900 185.692643
20130725 196.300003 197.830002 195.660004 197.220001 3014300 186.268772
20130726 196.589996 197.369995 195.00 197.350006 2485100 186.391558
20130729 196.830002 197.190002 195.529999 196.210007 2113700 185.31486
20130730 196.990005 197.830002 195.809998 196.009995 2663200 185.125954
20130731 194.490005 196.910004 194.490005 195.039993 3810000 184.209815
20130801 196.649994 197.169998 195.410004 195.809998 2877700 184.937063
20130802 195.50 195.50 193.220001 195.160004 3874000 184.323162
20130805 195.160004 195.880005 194.350006 195.50 2490900 184.644279
20130806 192.259995 192.509995 190.270004 190.990005 5938500 180.384715
20130807 189.600006 189.929993 188.050003 188.559998 3901700 178.979897
20130808 189.449997 189.869995 186.789993 187.929993 4547600 178.381901
20130809 188.00 189.160004 187.00 187.820007 3249600 178.277504
20130812 186.970001 189.559998 186.889999 189.089996 3026500 179.482969
20130813 189.539993 189.990005 187.559998 188.419998 3542900 178.847011
20130814 188.580002 188.929993 187.300003 187.529999 2892300 178.002229
20130815 186.229996 187.00 185.449997 185.789993 3692400 176.350628
20130816 185.539993 186.460007 185.339996 185.339996 3426400 175.923494
20130819 185.300003 186.50 183.979996 184.229996 3248900 174.869888
20130820 184.369995 185.630005 183.169998 184.559998 3117800 175.183124
20130821 184.669998 186.570007 184.279999 184.860001 3551000 175.467885
20130822 185.649994 186.25 184.25 185.190002 2354300 175.78112
20130823 185.339996 185.740005 184.570007 185.419998 2292700 175.999431
20130826 185.270004 187.00 184.679993 184.740005 2170400 175.353986
20130827 183.630005 184.50 182.570007 182.740005 3190700 173.4556
20130828 182.679993 183.470001 181.100006 182.160004 3979200 172.905066
20130829 181.960007 183.699997 181.440002 182.639999 2980900 173.360674
20130830 182.75 182.990005 181.509995 182.270004 2731000 173.009477
20130903 183.630005 184.320007 182.509995 183.960007 3487200 174.613617
20130904 183.580002 184.190002 182.309998 183.130005 2597900 173.825784
20130905 183.350006 185.00 183.070007 184.149994 2867600 174.793951
20130906 184.649994 184.990005 182.649994 183.029999 2903500 173.730859
20130909 183.679993 185.490005 183.309998 184.979996 3017200 175.581783
20130910 187.199997 187.649994 186.369995 186.600006 3149600 177.119486
20130911 186.830002 190.869995 186.820007 190.699997 4962900 181.011171
20130912 190.960007 191.320007 189.850006 190.729996 3354800 181.039645
20130913 191.210007 193.100006 191.00 192.169998 3710400 182.406486
20130916 193.699997 194.809998 192.610001 193.149994 3902400 183.336691
20130917 193.419998 194.149994 191.830002 192.160004 2930900 182.396999
20130918 192.600006 194.889999 192.00 194.419998 3841800 184.542171
20130919 194.179993 194.889999 193.220001 193.389999 3178100 183.564503
20130920 193.960007 194.429993 190.020004 190.020004 8525900 180.365726
20130923 190.059998 192.410004 189.330002 190.990005 3340800 181.286445
20130924 190.929993 191.559998 189.660004 189.970001 3085300 180.318263
20130925 190.139999 190.619995 188.50 189.470001 2654500 179.843667
20130926 190.100006 191.759995 189.460007 190.220001 2093600 180.555562
20130927 188.869995 188.940002 186.449997 186.919998 3905500 177.423221
20130930 185.559998 186.740005 184.339996 185.179993 3978200 175.771619
20131001 185.339996 186.649994 184.649994 186.380005 2681200 176.910663
20131002 185.539993 186.309998 184.410004 184.960007 3617100 175.56281
20131003 184.699997 184.960007 183.00 183.860001 3211800 174.518691
20131004 184.169998 185.130005 183.580002 184.100006 2863600 174.746503
20131007 181.850006 183.309998 181.850006 182.009995 3966400 172.762678
20131008 181.889999 181.990005 178.710007 178.720001 5578300 169.639838
20131009 179.369995 181.669998 179.100006 181.320007 4423500 172.107747
20131010 183.169998 184.770004 182.360001 184.770004 3658900 175.382461
20131011 185.25 186.229996 184.119995 186.160004 3232600 176.701839
20131014 185.410004 186.990005 184.419998 186.970001 2663100 177.470683
20131015 185.740005 185.940002 184.220001 184.660004 3365100 175.278049
20131016 185.419998 186.729996 184.990005 186.729996 6718000 177.242872
20131017 173.839996 177.00 172.570007 174.830002 22368900 165.947477
20131018 174.800003 175.00 173.25 173.779999 10548000 164.950821
20131021 174.419998 174.75 172.630005 172.860001 7098700 164.077565
20131022 173.350006 175.570007 172.949997 174.970001 6977300 166.080363
20131023 175.089996 175.990005 174.399994 175.770004 5409400 166.839721
20131024 176.429993 177.889999 176.25 177.800003 5533300 168.766582
20131025 178.429993 179.100006 176.259995 176.850006 4842800 167.864851
20131028 177.039993 177.889999 176.199997 177.350006 3712700 168.339448
20131029 177.619995 182.320007 177.50 182.119995 8904600 172.86709
20131030 181.690002 182.179993 179.860001 180.149994 5273700 170.997178
20131031 179.649994 181.669998 179.039993 179.210007 4318100 170.104948
20131101 179.809998 180.339996 178.880005 179.229996 3644500 170.123922
20131104 179.899994 180.800003 179.339996 180.270004 3483300 171.111091
20131105 179.539993 179.800003 177.710007 177.850006 6096800 168.814045
20131106 177.910004 179.75 177.779999 179.190002 4560700 170.999372
20131107 179.600006 181.389999 179.600006 180.00 5219500 171.772345
20131108 178.830002 180.080002 177.350006 179.990005 6275000 171.762808
20131111 180.190002 183.389999 180.039993 182.880005 5222300 174.520707
20131112 182.529999 184.050003 182.259995 183.070007 4258500 174.702025
20131113 182.270004 183.550003 181.589996 183.550003 4704400 175.160081
20131114 180.479996 183.199997 179.660004 182.210007 6321500 173.881334
20131115 182.380005 183.279999 181.160004 183.190002 5176100 174.816535
20131118 183.520004 184.990005 183.270004 184.470001 5344900 176.038026
20131119 184.630005 186.199997 184.149994 185.25 4577000 176.782372
20131120 185.220001 186.240005 184.649994 185.190002 3645800 176.725117
20131121 185.539993 185.75 183.410004 184.130005 4459500 175.713571
20131122 183.50 184.990005 179.919998 181.300003 7610200 173.012926
20131125 180.25 180.75 177.820007 178.940002 7161900 170.760799
20131126 178.669998 178.940002 177.309998 177.309998 5756000 169.205301
20131127 177.830002 180.179993 177.820007 178.970001 4596500 170.789427
20131129 179.210007 180.759995 179.00 179.679993 2870500 171.466965
20131202 179.460007 179.589996 177.119995 177.479996 4560000 169.367528
20131203 177.00 178.229996 175.639999 176.080002 5864000 168.031527
20131204 175.369995 177.50 175.160004 175.740005 5267400 167.707072
20131205 176.149994 176.860001 175.279999 176.080002 4384900 168.031527
20131206 176.699997 178.00 176.009995 177.669998 4739800 169.548846
20131209 177.990005 178.149994 176.830002 177.460007 3796600 169.348453
20131210 176.899994 177.669998 176.059998 177.119995 4127800 169.023983
20131211 177.00 177.759995 175.100006 175.199997 4090400 167.191747
20131212 175.059998 175.800003 173.300003 173.369995 5671600 165.445393
20131213 173.520004 174.380005 172.729996 172.800003 4184400 164.901454
20131216 173.220001 178.350006 172.729996 177.850006 7517000 169.720626
20131217 177.360001 177.490005 175.119995 175.759995 5471900 167.726147
20131218 176.449997 178.740005 174.850006 178.699997 5697700 170.531764
20131219 177.880005 180.539993 177.880005 180.220001 5927000 171.98229
20131220 180.119995 182.00 180.020004 180.020004 7653500 171.791435
20131223 181.050003 182.929993 180.610001 182.229996 4079900 173.90041
20131224 181.960007 183.50 181.910004 183.220001 1613600 174.845163
20131226 183.559998 185.559998 183.509995 185.350006 3325700 176.877807
20131227 185.839996 186.50 184.559998 185.080002 3381600 176.620144
20131230 185.320007 186.699997 184.669998 186.410004 3018600 177.889353
20131231 186.490005 187.789993 186.300003 187.570007 3619700 178.996334
20140102 187.210007 187.399994 185.199997 185.529999 4546500 177.049572
20140103 185.830002 187.350006 185.300003 186.639999 4063200 178.108836
20140106 187.149994 187.360001 185.300003 186.00 4067800 177.49809
20140107 186.389999 190.350006 186.380005 189.710007 5932300 181.038515
20140108 189.330002 189.419998 187.259995 187.970001 4603700 179.378044
20140109 189.020004 189.50 186.550003 187.380005 4321300 178.815016
20140110 188.309998 188.570007 186.279999 187.259995 4022400 178.700491
20140113 186.259995 186.949997 183.860001 184.160004 5784700 175.742199
20140114 185.059998 186.429993 183.880005 185.919998 4619200 177.421745
20140115 185.820007 188.649994 185.490005 187.740005 4816500 179.158561
20140116 187.529999 188.990005 186.800003 188.759995 4770300 180.131928
20140117 188.039993 190.809998 187.860001 190.089996 7644600 181.401136
20140121 190.229996 190.389999 186.789993 188.429993 11076300 179.81701
20140122 181.279999 183.50 179.669998 182.25 13796100 173.9195
20140123 181.429993 183.720001 180.710007 182.729996 6973900 174.377555
20140124 181.25 182.809998 179.639999 179.639999 6890600 171.4288
20140127 179.610001 179.649994 177.660004 177.899994 5208600 169.768329
20140128 178.050003 178.449997 176.160004 176.850006 5333300 168.766335
20140129 175.979996 178.529999 175.889999 176.399994 4970900 168.336893
20140130 177.169998 177.860001 176.360001 177.360001 4853700 169.253018
20140131 176.110001 177.839996 175.339996 176.679993 5193400 168.604093
20140203 176.020004 176.020004 172.720001 172.899994 7186800 164.996875
20140204 173.529999 173.75 172.360001 172.839996 4349800 164.93962
20140205 172.190002 174.970001 172.190002 174.240005 4712300 166.275635
20140206 173.970001 174.850006 173.789993 174.669998 4292200 167.59977
20140207 175.639999 177.559998 175.070007 177.25 4692900 170.075339
20140210 176.970001 177.649994 176.25 177.139999 3540400 169.969791
20140211 176.809998 180.389999 176.800003 179.699997 4647300 172.426166
20140212 179.520004 181.25 179.259995 180.240005 3983000 172.944317
20140213 178.220001 182.360001 177.860001 181.839996 4482000 174.479544
20140214 181.259995 184.429993 180.990005 183.690002 4659900 176.254666
20140218 183.179993 184.00 182.320007 183.190002 4435200 175.774905
20140219 182.740005 185.649994 182.410004 182.949997 4671500 175.544614
20140220 182.960007 184.860001 182.789993 184.259995 4968200 176.801586
20140221 184.25 185.710007 182.619995 182.789993 5699300 175.391087
20140224 182.820007 185.160004 182.820007 183.449997 4595300 176.024375
20140225 183.520004 184.600006 182.880005 183.229996 3902300 175.813279
20140226 183.940002 185.279999 183.559998 184.059998 3740700 176.609684
20140227 183.830002 185.949997 183.809998 185.270004 3827800 177.770713
20140228 185.380005 186.119995 183.649994 185.169998 4667900 177.674755
20140303 183.330002 184.639999 182.820007 184.259995 3950100 176.801586
20140304 185.809998 187.160004 185.679993 186.440002 4733000 178.893352
20140305 186.570007 187.949997 186.399994 187.139999 3485200 179.565015
20140306 187.369995 188.389999 186.899994 187.639999 3817300 180.044776
20140307 188.350006 188.919998 187.179993 187.679993 4117800 180.083151
20140310 187.550003 188.369995 185.850006 186.389999 4591200 178.845373
20140311 187.410004 188.449997 186.039993 186.759995 4229500 179.200392
20140312 186.009995 187.449997 185.889999 186.220001 4833000 178.682256
20140313 186.410004 187.00 183.710007 183.899994 4913200 176.456157
20140314 183.889999 184.289993 182.210007 182.210007 5490300 174.834577
20140317 182.660004 186.350006 182.660004 185.809998 4938100 178.288849
20140318 185.990005 187.899994 185.539993 186.809998 3961300 179.248371
20140319 185.600006 186.699997 183.50 184.710007 4323900 177.233383
20140320 184.470001 188.259995 184.169998 187.899994 5062600 180.294247
20140321 188.50 188.699997 186.399994 186.669998 12535200 179.114038
20140324 187.429993 189.440002 187.369995 188.25 5738500 180.630085
20140325 188.759995 195.399994 188.699997 195.039993 10912700 187.145236
20140326 194.979996 195.630005 191.960007 192.619995 6851700 184.823194
20140327 191.910004 192.669998 189.320007 189.830002 6767700 182.146133
20140328 189.940002 192.619995 189.110001 190.449997 5194400 182.741032
20140331 191.639999 193.770004 191.399994 192.490005 8537300 184.698466
20140401 193.119995 195.130005 192.779999 194.50 5394100 186.6271
20140402 194.240005 194.50 192.490005 193.550003 4924100 185.715557
20140403 193.199997 193.380005 192.350006 192.690002 4091100 184.890367
20140404 193.119995 193.970001 191.279999 191.770004 6089900 184.007608
20140407 191.720001 195.309998 191.570007 194.520004 6740500 186.646295
20140408 193.889999 194.169998 192.690002 193.289993 5125000 185.466072
20140409 193.880005 197.00 193.600006 196.639999 5480100 188.680478
20140410 196.059998 199.210007 195.660004 195.679993 8417900 187.75933
20140411 195.039993 197.00 194.270004 195.190002 4835000 187.289173
20140414 196.240005 198.240005 195.880005 197.770004 5431100 189.764743
20140415 195.979996 197.410004 195.419998 197.020004 5351300 189.045101
20140416 198.050003 198.710007 195.00 196.399994 8527300 188.450187
20140417 187.25 190.699997 187.009995 190.009995 11255500 182.31884
20140421 189.800003 192.809998 189.740005 192.270004 5419700 184.48737
20140422 192.009995 193.00 191.199997 192.149994 3878600 184.372217
20140423 191.789993 192.410004 190.110001 191.729996 4736400 183.969219
20140424 192.220001 192.220001 190.029999 190.220001 4407100 182.520346
20140425 190.539993 190.669998 189.110001 189.630005 3871000 181.954231
20140428 191.139999 193.990005 190.580002 193.139999 5638300 185.322149
20140429 193.589996 195.940002 193.410004 195.110001 4626300 187.21241
20140430 194.380005 196.860001 194.350006 196.470001 4206800 188.517361
20140501 196.309998 196.740005 193.149994 193.529999 3674000 185.696362
20140502 193.75 193.839996 191.25 191.440002 3049900 183.690964
20140505 191.050003 191.490005 189.800003 191.259995 2222100 183.518243
20140506 190.929993 190.949997 189.25 190.029999 3188700 182.338034
20140507 189.339996 190.300003 186.929993 189.300003 3821000 182.695124
20140508 189.160004 190.570007 188.229996 188.910004 2431900 182.318732
20140509 188.979996 190.589996 188.369995 190.080002 2261600 183.447907
20140512 191.119995 193.020004 190.940002 192.570007 3777400 185.851034
20140513 192.789993 193.029999 191.759995 192.190002 2226600 185.484288
20140514 191.910004 191.990005 188.169998 188.720001 5251500 182.135359
20140515 189.070007 189.080002 186.179993 186.460007 4202200 179.954218
20140516 186.270004 187.410004 185.929993 187.059998 3949500 180.533274
20140519 186.610001 187.130005 186.039993 187.00 3270700 180.47537
20140520 186.25 186.699997 184.699997 184.889999 3026500 178.43899
20140521 185.850006 187.160004 184.949997 186.389999 2988000 179.886653
20140522 186.449997 186.449997 185.029999 185.679993 2218000 179.201419
20140523 185.839996 186.139999 185.309998 185.940002 2562900 179.452357
20140527 184.800003 185.649994 183.929993 184.779999 4793800 178.332827
20140528 184.479996 184.880005 182.940002 183.080002 3721600 176.692145
20140529 183.639999 183.779999 182.330002 183.759995 2759900 177.348412
20140530 183.380005 184.570007 182.490005 184.360001 4620500 177.927483
20140602 184.759995 186.279999 184.669998 185.690002 3200500 179.21108
20140603 185.550003 185.759995 184.119995 184.369995 2517100 177.937129
20140604 184.710007 185.449997 184.199997 184.509995 2376800 178.072244
20140605 184.660004 186.089996 183.919998 185.979996 2852200 179.490955
20140606 186.470001 187.649994 185.899994 186.369995 3296700 179.867347
20140609 186.220001 187.639999 185.960007 186.220001 2728400 179.722586
20140610 186.199997 186.220001 183.820007 184.289993 4154900 177.859918
20140611 183.610001 184.199997 182.009995 182.25 4061700 175.891103
20140612 182.479996 182.550003 180.910004 181.220001 4425300 174.897042
20140613 182.00 183.00 181.520004 182.559998 2773600 176.190284
20140616 182.399994 182.710007 181.240005 182.350006 3556200 175.987619
20140617 181.899994 182.809998 181.559998 182.259995 2460900 175.900748
20140618 182.039993 183.610001 181.789993 183.600006 3931800 177.194006
20140619 184.119995 184.470001 182.360001 182.820007 3551100 176.441222
20140620 182.589996 182.669998 181.399994 181.550003 10686800 175.215529
20140623 181.919998 182.25 181.00 182.139999 3231700 175.78494
20140624 181.50 183.00 180.649994 180.880005 3875400 174.568908
20140625 180.25 180.970001 180.059998 180.720001 2762800 174.414487
20140626 180.869995 181.369995 179.270004 180.369995 3258500 174.076693
20140627 179.770004 182.460007 179.660004 181.710007 4575500 175.36995
20140630 181.330002 181.929993 180.259995 181.270004 4223800 174.9453
20140701 181.699997 187.270004 181.699997 186.350006 6643100 179.848055
20140702 186.339996 188.990005 186.169998 188.389999 5093000 181.816871
20140703 188.389999 188.809998 187.350006 188.529999 2422400 181.951986
20140707 187.610001 188.270004 187.440002 188.039993 2958700 181.479077
20140708 187.649994 188.080002 186.369995 187.220001 3135100 180.687695
20140709 187.679993 188.899994 186.889999 188.419998 3309600 181.845823
20140710 186.440002 188.050003 186.210007 187.699997 3177800 181.150943
20140711 187.729996 188.350006 186.710007 188.00 2402500 181.440479
20140714 188.550003 190.440002 188.529999 189.860001 4501100 183.235582
20140715 189.539993 190.080002 188.210007 188.490005 4864700 181.913388
20140716 192.240005 193.360001 190.759995 192.360001 7812600 185.648355
20140717 192.360001 195.949997 192.00 192.490005 8872300 185.773823
20140718 191.960007 193.440002 190.00 192.50 8166400 185.783469
20140721 191.300003 191.699997 189.25 190.850006 4154400 184.191045
20140722 191.589996 194.720001 191.559998 194.089996 4853000 187.317989
20140723 194.110001 194.899994 193.570007 193.630005 3584200 186.874047
20140724 193.949997 195.619995 193.75 195.240005 3612700 188.427873
20140725 195.300003 195.899994 193.789993 194.399994 3376400 187.61717
20140728 194.300003 196.399994 193.649994 195.779999 3242400 188.949025
20140729 195.300003 195.889999 194.539993 194.570007 3264100 187.781252
20140730 195.199997 195.990005 192.899994 194.00 3943800 187.231133
20140731 192.839996 194.289993 191.539993 191.669998 4207500 184.982427
20140801 190.50 191.50 188.860001 189.149994 5181100 182.550348
20140804 189.350006 189.949997 188.600006 189.639999 2125900 183.023257
20140805 188.75 189.199997 186.440002 187.100006 3307900 180.571887
20140806 185.360001 186.880005 184.440002 185.970001 3847000 180.542767
20140807 186.639999 186.679993 183.580002 184.300003 2708600 178.921505
20140808 184.399994 186.669998 183.580002 186.630005 2781500 181.183509
20140811 187.809998 188.360001 186.279999 187.470001 2527200 181.998991
20140812 187.449997 188.690002 186.809998 187.339996 1858600 181.872781
20140813 188.00 188.479996 187.369995 187.949997 1797000 182.464979
20140814 187.570007 188.169998 186.929993 187.880005 1929500 182.39703
20140815 187.850006 188.880005 186.789993 187.380005 2814800 181.911622
20140818 188.100006 189.809998 187.759995 189.360001 2420300 183.833834
20140819 190.039993 190.25 189.360001 190.070007 2040100 184.523121
20140820 189.860001 190.389999 189.25 190.100006 2177600 184.552244
20140821 190.899994 192.070007 190.50 191.229996 2496500 185.649257
20140822 190.770004 191.880005 190.289993 190.410004 1940300 184.853195
20140825 191.389999 191.809998 190.710007 191.160004 1723600 185.581307
20140826 191.020004 193.529999 191.020004 192.990005 3175400 187.357903
20140827 193.029999 194.130005 191.559998 192.25 2190200 186.639494
20140828 191.470001 192.300003 190.660004 192.00 1503600 186.39679
20140829 192.279999 192.75 191.139999 192.300003 2909400 186.688037
20140902 192.679993 192.970001 190.929993 191.559998 2679700 185.969628
20140903 192.389999 192.949997 191.860001 191.949997 1822800 186.348246
20140904 191.690002 192.690002 190.059998 190.679993 2865000 185.115305
20140905 190.529999 191.75 190.089996 191.199997 2260200 185.620133
20140908 190.75 191.199997 189.509995 190.139999 2524200 184.59107
20140909 190.339996 190.740005 189.779999 189.990005 2403600 184.445453
20140910 190.119995 192.149994 190.100006 191.539993 2764000 185.950207
20140911 191.080002 192.779999 190.119995 191.720001 2298500 186.124962
20140912 191.470001 191.600006 190.570007 191.279999 2901000 185.6978
20140915 191.419998 192.490005 190.580002 191.809998 2456400 186.212332
20140916 191.25 193.570007 190.820007 192.960007 2561500 187.32878
20140917 193.220001 193.639999 192.300003 192.800003 3210800 187.173446
20140918 192.789993 194.130005 192.710007 193.75 2963300 188.095719
20140919 194.539993 195.00 193.190002 194.00 8852000 188.338423
20140922 193.720001 194.139999 192.630005 193.110001 3318000 187.474397
20140923 192.75 193.070007 191.520004 191.619995 3301800 186.027874
20140924 191.00 192.449997 189.880005 192.309998 3082600 186.69774
20140925 192.050003 192.50 188.970001 189.009995 4151400 183.494043
20140926 188.929993 190.330002 188.610001 190.059998 2493900 184.513403
20140929 188.509995 189.960007 188.119995 189.639999 2336300 184.105662
20140930 189.639999 190.850006 189.149994 189.830002 2932600 184.290119
20141001 189.910004 190.399994 186.789993 187.169998 3723200 181.707744
20141002 187.660004 187.779999 186.240005 186.910004 2283100 181.455337
20141003 188.110001 189.369995 187.559998 188.669998 3071500 183.163968
20141006 189.690002 190.889999 188.710007 189.039993 2099500 183.523166
20141007 187.770004 188.119995 185.539993 185.710007 2991300 180.29036
20141008 185.970001 189.600006 185.610001 189.360001 2984800 183.833834
20141009 189.119995 189.50 186.089996 186.419998 2625400 180.979631
20141010 185.860001 187.740005 185.100006 185.929993 5090200 180.503926
20141013 185.490005 186.649994 183.419998 183.520004 3596700 178.164269
20141014 184.889999 185.720001 183.589996 183.800003 3924700 178.436096
20141015 182.460007 183.789993 178.75 181.75 6895800 176.445919
20141016 179.800003 181.479996 178.690002 179.839996 5578600 174.591656
20141017 181.240005 182.839996 180.220001 182.050003 4350200 176.737167
20141020 166.850006 170.330002 166.690002 169.100006 23416500 164.165095
20141021 166.399994 166.679993 161.679993 163.229996 20949800 158.466391
20141022 162.410004 165.410004 161.100006 161.789993 11084800 157.068413
20141023 162.119995 162.830002 161.539993 162.179993 7599400 157.447031
20141024 162.080002 162.440002 161.449997 162.080002 6652100 157.349958
20141027 162.00 162.910004 161.809998 161.869995 4989100 157.14608
20141028 162.00 163.600006 161.800003 163.600006 7895300 158.825604
20141029 164.330002 164.619995 162.759995 163.460007 4739300 158.68969
20141030 163.50 164.619995 163.020004 164.350006 3896000 159.553716
20141031 165.479996 165.589996 163.619995 164.399994 5818000 159.602245
20141103 164.25 164.539993 163.380005 164.360001 4688200 159.563419
20141104 164.339996 164.360001 162.240005 162.649994 4246900 157.903316
20141105 163.130005 163.539993 161.559998 161.820007 4104700 157.097551
20141106 161.279999 161.529999 160.050003 161.460007 4067600 157.820866
20141107 161.419998 162.210007 160.850006 162.070007 3494800 158.417118
20141110 161.899994 164.470001 161.610001 163.490005 4958200 159.805111
20141111 163.699997 163.899994 162.600006 163.300003 3534400 159.619391
20141112 162.279999 163.00 161.759995 161.919998 3377600 158.27049
20141113 162.00 162.800003 161.800003 162.789993 3239500 159.120876
20141114 162.100006 164.490005 161.690002 164.160004 4976700 160.460008
20141117 164.160004 164.970001 163.720001 164.160004 4798900 160.460008
20141118 164.729996 164.75 161.889999 161.889999 5410100 158.241167
20141119 162.050003 162.100006 160.960007 161.429993 3802200 157.791529
20141120 160.949997 161.50 159.800003 160.639999 4182200 157.019341
20141121 161.830002 161.949997 160.75 160.919998 4076900 157.293029
20141124 161.539993 163.860001 161.059998 162.149994 6618500 158.495302
20141125 162.649994 163.50 161.559998 161.759995 4062300 158.114092
20141126 161.929993 162.100006 161.009995 161.949997 3966000 158.299812
20141128 162.75 163.369995 161.440002 162.169998 2405500 158.514855
20141201 161.639999 163.320007 161.350006 161.539993 4168400 157.89905
20141202 162.470001 162.729996 161.639999 162.669998 3464100 159.003586
20141203 162.470001 164.520004 162.00 164.520004 6429100 160.811894
20141204 164.009995 164.50 163.009995 164.050003 3859400 160.352487
20141205 163.610001 164.50 162.910004 163.270004 3013500 159.590068
20141208 163.289993 163.289993 161.539993 161.860001 2851000 158.211845
20141209 160.839996 163.020004 160.800003 162.990005 3861200 159.31638
20141210 163.009995 163.330002 160.029999 160.509995 4072800 156.892266
20141211 160.820007 162.929993 160.520004 161.070007 3989600 157.439657
20141212 160.25 160.50 155.330002 155.380005 8611700 151.877901
20141215 155.929993 156.740005 152.839996 153.059998 6500300 149.610184
20141216 152.029999 154.889999 150.50 151.410004 6782600 147.99738
20141217 151.520004 153.309998 151.110001 151.929993 5131000 148.505649
20141218 153.580002 157.679993 153.300003 157.679993 7302400 154.12605
20141219 157.490005 160.410004 157.490005 158.509995 8864900 154.937344
20141222 158.330002 161.910004 158.330002 161.440002 4682500 157.801313
20141223 162.229996 162.899994 161.610001 162.240005 4043300 158.583285
20141224 162.880005 162.990005 161.610001 161.820007 1868100 158.172753
20141226 162.270004 163.089996 162.009995 162.339996 1912200 158.681022
20141229 162.00 162.339996 159.449997 160.509995 3331800 156.892266
20141230 160.020004 160.820007 159.789993 160.050003 2829900 156.442642
20141231 160.410004 161.50 160.380005 160.440002 4011900 156.823852
20150102 161.309998 163.309998 161.00 162.059998 5525500 158.407334
20150105 161.270004 161.270004 159.190002 159.509995 4880400 155.914805
20150106 159.669998 159.960007 155.169998 156.070007 6146700 152.552352
20150107 157.199997 157.199997 154.029999 155.050003 4701800 151.555337
20150108 156.240005 159.039993 155.550003 158.419998 4236800 154.849376
20150109 158.419998 160.339996 157.25 159.110001 4484800 155.523827
20150112 159.00 159.25 155.759995 156.440002 4182800 152.914007
20150113 157.259995 159.970001 155.679993 156.809998 4377500 153.275663
20150114 154.860001 156.490005 153.740005 155.800003 4690300 152.288433
20150115 156.690002 156.970001 154.160004 154.570007 4248400 151.08616
20150116 153.820007 157.630005 153.820007 157.139999 5756000 153.598227
20150120 156.699997 157.330002 154.029999 156.949997 8392800 153.412507
20150121 153.029999 154.50 151.070007 152.089996 11897100 148.662046
20150122 151.940002 155.720001 151.759995 155.389999 6120100 151.88767
20150123 155.029999 157.600006 154.889999 155.869995 4834800 152.356848
20150126 158.259995 159.460007 155.770004 156.360001 7888100 152.835809
20150127 154.940002 155.089996 152.589996 153.669998 5659600 150.206436
20150128 154.00 154.529999 151.550003 151.550003 4495900 148.134224
20150129 151.380005 155.580002 149.520004 155.479996 8320800 151.975638
20150130 153.910004 155.240005 153.039993 153.309998 6563600 149.85455
20150202 154.00 154.660004 151.509995 154.660004 4712200 151.174128
20150203 154.75 158.600006 154.75 158.470001 5539400 154.898252
20150204 157.210007 158.710007 156.699997 156.960007 3678500 153.422291
20150205 157.289993 158.589996 157.149994 157.910004 5253600 154.350876
20150206 157.339996 158.080002 156.229996 156.720001 3225000 154.262284
20150209 156.00 157.50 155.399994 155.75 3057700 153.307494
20150210 156.740005 158.559998 155.080002 158.559998 4440600 156.073425
20150211 157.759995 159.089996 157.169998 158.199997 3626700 155.71907
20150212 158.720001 159.50 158.089996 158.520004 3333100 156.034059
20150213 158.779999 160.800003 158.639999 160.399994 3706900 157.884566
20150217 159.75 161.410004 159.729996 160.960007 2894500 158.435796
20150218 161.860001 162.470001 160.639999 162.190002 4358400 159.646503
20150219 162.050003 164.490005 161.440002 163.889999 3504400 161.31984
20150220 163.639999 164.339996 162.089996 163.649994 3353000 161.083599
20150223 164.229996 164.399994 162.50 162.910004 2714400 160.355213
20150224 162.490005 164.990005 161.509995 164.830002 4701600 162.245101
20150225 164.940002 164.960007 162.580002 162.809998 4004600 160.256775
20150226 163.740005 164.139999 159.770004 160.869995 7110800 158.347196
20150227 160.869995 162.289993 160.160004 161.940002 4410000 159.400424
20150302 161.940002 161.940002 159.809998 160.479996 5917900 157.963313
20150303 160.270004 161.75 160.00 161.029999 3234400 158.504691
20150304 160.539993 160.559998 158.720001 159.419998 3633600 156.919939
20150305 159.860001 161.50 159.699997 161.179993 3791700 158.652332
20150306 160.190002 161.440002 158.059998 158.50 4540200 156.014368
20150309 158.199997 161.149994 158.199997 160.770004 5193900 158.248774
20150310 159.600006 160.229996 157.809998 157.809998 4601000 155.335186
20150311 158.570007 159.139999 155.940002 156.800003 5709900 154.341031
20150312 156.270004 158.720001 156.270004 157.979996 4567300 155.502519
20150313 157.460007 157.520004 153.399994 154.279999 6064100 151.860546
20150316 155.050003 157.089996 154.800003 157.080002 3749600 154.616639
20150317 156.199997 157.289993 155.369995 156.960007 3311700 154.498525
20150318 156.850006 160.699997 155.800003 159.809998 5738800 157.303822
20150319 159.699997 160.919998 158.809998 159.809998 3878600 157.303822
20150320 160.949997 163.00 160.350006 162.880005 9006400 160.325685
20150323 162.770004 165.350006 162.729996 164.630005 5930100 162.048241
20150324 164.789993 164.889999 162.899994 163.00 4346100 160.443798
20150325 163.080002 163.080002 159.199997 159.199997 5428900 156.703387
20150326 159.270004 161.25 158.910004 160.589996 4396000 158.071589
20150327 160.789993 160.899994 159.229996 160.399994 3477900 157.884566
20150330 161.309998 163.600006 161.25 162.669998 4138000 160.118971
20150331 161.080002 162.330002 160.399994 160.50 4255400 157.983004
20150401 160.229996 160.619995 158.389999 159.179993 3700800 156.683697
20150402 159.520004 162.539993 158.889999 160.449997 4671600 157.933785
20150406 159.690002 162.800003 158.699997 162.039993 3465700 159.498846
20150407 161.669998 163.839996 161.619995 162.070007 3148000 159.52839
20150408 161.720001 163.550003 161.009995 161.850006 2524300 159.311839
20150409 161.699997 162.470001 160.720001 162.339996 2263500 159.794145
20150410 162.339996 163.330002 161.25 162.860001 2515700 160.305994
20150413 162.369995 164.00 162.360001 162.380005 3868900 159.833526
20150414 162.419998 162.740005 160.789993 162.300003 2719300 159.754779
20150415 162.630005 164.960007 162.50 164.130005 3498800 161.556082
20150416 163.309998 163.979996 162.539993 163.130005 3136900 160.571764
20150417 161.75 161.860001 160.029999 160.669998 4314400 158.150336
20150420 162.100006 166.639999 161.899994 166.160004 9609200 163.554246
20150421 166.070007 167.380005 164.050003 164.259995 9683600 161.684033
20150422 164.389999 166.00 162.889999 165.360001 4024800 162.766789
20150423 165.229996 171.910004 165.139999 170.240005 8235600 167.570264
20150424 170.229996 170.850006 168.740005 169.779999 3888400 167.117471
20150427 170.889999 171.490005 170.300003 170.729996 3168600 168.05257
20150428 170.830002 174.690002 170.020004 173.919998 5816700 171.192546
20150429 173.399994 175.130005 172.800003 174.399994 4518400 171.665015
20150430 173.770004 174.279999 170.300003 171.289993 5062900 168.603786
20150501 173.199997 174.00 172.419998 173.669998 3312100 170.946467
20150504 174.470001 176.300003 173.699997 173.970001 4028000 171.241765
20150505 173.509995 174.229996 171.960007 173.080002 3593600 170.365723
20150506 172.899994 174.050003 168.860001 170.050003 3612600 168.649969
20150507 169.630005 171.979996 169.039993 170.990005 2472000 169.582233
20150508 172.940002 173.330002 172.240005 172.679993 3092600 171.258306
20150511 172.649994 172.990005 170.860001 171.119995 2661000 169.711152
20150512 170.550003 171.490005 168.839996 170.550003 2962400 169.145853
20150513 171.240005 172.740005 170.75 172.279999 2457500 170.861605
20150514 173.50 174.399994 173.220001 174.050003 2439100 172.617037
20150515 173.910004 174.410004 172.600006 173.259995 2916600 171.833533
20150518 173.440002 173.490005 172.300003 173.059998 1970600 171.635182
20150519 172.970001 173.75 171.929993 173.479996 2523000 172.051723
20150520 173.330002 174.440002 172.460007 173.759995 2300300 172.329416
20150521 173.320007 174.139999 173.039993 173.339996 2295600 171.912876
20150522 173.039993 173.389999 172.190002 172.220001 2849700 170.802102
20150526 172.110001 172.119995 169.130005 170.130005 3854200 168.729313
20150527 171.160004 172.479996 170.490005 172.00 2764400 170.583912
20150528 171.449997 171.839996 170.660004 171.710007 1731400 170.296306
20150529 171.350006 171.350006 169.649994 169.649994 4092000 168.253254
20150601 170.210007 171.039993 169.029999 170.179993 2985500 168.778889
20150602 169.660004 170.449997 168.429993 169.649994 2571400 168.253254
20150603 170.50 171.559998 169.630005 169.919998 2131000 168.521035
20150604 169.529999 170.600006 167.929993 168.380005 3079300 166.99372
20150605 168.25 168.910004 167.199997 167.399994 3100500 166.021778
20150608 167.169998 167.279999 165.020004 165.339996 3758700 163.978741
20150609 165.339996 166.020004 163.369995 165.679993 3395900 164.315938
20150610 166.490005 169.389999 166.059998 168.919998 4680500 167.529268
20150611 169.259995 170.440002 168.539993 168.779999 3464000 167.390421
20150612 168.229996 168.300003 166.690002 166.990005 3065100 165.615165
20150615 166.990005 166.990005 164.25 166.259995 4245700 164.891164
20150616 166.330002 167.399994 165.910004 166.839996 3249800 165.466391
20150617 167.00 167.850006 166.100006 167.169998 2863000 165.793676
20150618 167.050003 168.720001 167.050003 168.25 3330900 166.864786
20150619 167.619995 168.419998 166.770004 166.990005 7074000 165.615165
20150622 167.649994 168.339996 167.199997 167.729996 2335800 166.349063
20150623 168.380005 169.970001 167.570007 168.619995 3701600 167.231735
20150624 168.710007 168.839996 166.830002 166.970001 3548100 165.595325
20150625 167.800003 168.130005 166.080002 166.080002 2408900 164.712653
20150626 166.229996 166.809998 165.229996 165.460007 8946000 164.097763
20150629 163.919998 165.350006 162.889999 162.970001 3314700 161.628258
20150630 163.990005 164.00 162.119995 162.660004 3597300 161.320812
20150701 163.970001 165.610001 163.600006 164.490005 3214500 163.135748
20150702 165.050003 165.320007 164.419998 165.089996 2852700 163.730799
20150706 163.830002 165.229996 163.520004 164.729996 3079800 163.373762
20150707 164.940002 165.350006 162.229996 165.00 3549900 163.641543
20150708 164.00 164.940002 162.679993 163.160004 2776300 161.816696
20150709 165.339996 165.509995 163.699997 163.850006 4199700 162.501017
20150710 165.660004 167.399994 165.520004 166.949997 4538300 165.575486
20150713 167.929993 169.889999 167.520004 169.380005 4229000 167.985487
20150714 169.429993 169.539993 168.240005 168.610001 3025300 167.221823
20150715 168.479996 169.270004 168.00 168.529999 1998000 167.142479
20150716 169.470001 171.089996 169.160004 171.00 3529900 169.592145
20150717 170.330002 172.520004 170.100006 172.509995 4356400 171.089708
20150720 172.789993 173.779999 172.139999 173.220001 7377800 171.793869
20150721 164.339996 166.350006 162.020004 163.070007 13752300 161.72744
20150722 162.729996 163.070007 159.699997 160.350006 7181800 159.029833
20150723 160.270004 162.75 159.830002 161.729996 5034200 160.398461
20150724 161.289993 161.929993 159.410004 159.75 3778200 158.434767
20150727 159.00 160.179993 158.600006 159.070007 3706200 157.760373
20150728 159.910004 160.190002 158.50 160.050003 2721000 158.7323
20150729 160.00 161.50 159.389999 161.089996 3378400 159.763731
20150730 160.50 161.399994 159.75 160.960007 1994700 159.634812
20150731 161.399994 162.059998 160.630005 161.990005 3580200 160.65633
20150803 161.699997 161.850006 157.899994 158.710007 4615700 157.403336
20150804 158.399994 158.820007 156.869995 157.600006 5260600 156.302474
20150805 159.100006 159.539993 157.479996 157.899994 3472800 156.599992
20150806 157.130005 157.539993 156.179993 156.320007 3004800 156.320007
20150807 155.889999 156.25 154.339996 155.119995 3778900 155.119995
20150810 156.770004 157.470001 156.119995 156.75 4597200 156.75
20150811 155.960007 155.990005 154.860001 155.509995 3143300 155.509995
20150812 154.259995 156.520004 153.949997 156.160004 3560300 156.160004
20150813 156.059998 156.089996 154.320007 155.070007 2505800 155.070007
20150814 155.00 156.210007 154.580002 155.75 3220300 155.75
20150817 155.199997 156.690002 154.699997 156.309998 2242100 156.309998
20150818 155.509995 156.520004 155.25 156.009995 2013800 156.009995
20150819 155.149994 155.669998 153.410004 153.940002 4177100 153.940002
20150820 152.740005 153.910004 152.50 152.660004 3949500 152.660004
20150821 151.50 153.190002 148.699997 148.850006 7304900 148.850006
20150824 143.470001 147.759995 143.00 143.470001 10057600 143.470001
20150825 146.940002 147.110001 140.619995 140.960007 6866900 140.960007
20150826 144.089996 146.979996 142.139999 146.699997 6186700 146.699997
20150827 148.50 148.970001 145.660004 148.539993 4762000 148.539993
20150828 147.75 148.199997 147.179993 147.979996 4058800 147.979996
20150831 147.380005 148.399994 146.259995 147.889999 4062600 147.889999
20150901 144.910004 144.979996 141.850006 142.679993 5258900 142.679993
20150902 144.740005 145.080002 143.179993 145.050003 4243500 145.050003
20150903 146.050003 148.029999 145.770004 146.779999 3593100 146.779999
20150904 144.570007 145.399994 143.320007 143.699997 4193900 143.699997
20150908 145.860001 147.339996 145.660004 147.229996 3892600 147.229996
20150909 148.740005 149.039993 144.850006 145.050003 3380000 145.050003
20150910 145.850006 147.160004 144.509995 146.199997 3455000 146.199997
20150911 145.910004 147.50 145.669998 147.369995 3107600 147.369995
20150914 147.369995 147.369995 145.410004 145.649994 3202200 145.649994
20150915 146.600006 147.929993 145.759995 147.529999 2709500 147.529999
20150916 147.839996 148.889999 147.539993 148.410004 2791200 148.410004
20150917 148.100006 149.679993 147.300003 148.139999 3946900 148.139999
20150918 146.050003 146.389999 143.979996 144.509995 7776500 144.509995
20150921 145.389999 146.979996 144.919998 146.479996 3329900 146.479996
20150922 144.619995 145.059998 143.770004 144.429993 3466400 144.429993
20150923 144.210007 144.570007 142.75 143.660004 2670500 143.660004
20150924 142.600006 145.070007 141.949997 144.410004 3211100 144.410004
20150925 145.550003 146.270004 144.529999 145.419998 3449300 145.419998
