20130102 21.15 21.379999 21.049999 21.379999 47623000 19.482123
20130103 21.40 21.48 21.139999 21.32 41054100 19.427449
20130104 21.360001 21.389999 21.049999 21.16 30142500 19.281652
20130107 21.280001 21.450001 21.18 21.25 36352100 19.363663
20130108 21.23 21.559999 21.02 21.09 48672000 19.217867
20130109 21.219999 21.469999 21.200001 21.450001 34290000 19.54591
20130110 21.610001 21.82 21.530001 21.799999 44621600 19.86484
20130111 21.799999 22.07 21.77 22.00 44944700 20.047087
20130114 21.98 22.129999 21.75 22.00 35724500 20.047087
20130115 21.950001 22.129999 21.780001 21.879999 33990300 19.937738
20130116 21.91 22.200001 21.85 22.110001 36763700 20.147323
20130117 22.120001 23.059999 22.110001 22.68 101020600 20.666724
20130118 21.360001 21.440001 21.030001 21.25 143760400 19.363663
20130122 21.280001 21.290001 21.030001 21.17 51127400 19.290765
20130123 21.200001 21.219999 21.040001 21.110001 42432300 19.236092
20130124 21.10 21.18 20.93 20.950001 58396800 19.090295
20130125 21.040001 21.07 20.879999 20.959999 107632800 19.099406
20130128 21.01 21.09 20.99 21.049999 105398300 19.181416
20130129 21.09 21.299999 21.01 21.280001 105703100 19.391001
20130130 21.290001 21.459999 21.219999 21.370001 34151300 19.473012
20130131 21.299999 21.32 21.02 21.040001 36534100 19.172306
20130201 21.190001 21.360001 21.09 21.360001 31867100 19.463899
20130204 21.299999 21.379999 21.15 21.16 38345600 19.281652
20130205 21.139999 21.33 21.059999 21.18 30076500 19.507304
20130206 21.16 21.200001 20.91 20.99 32361000 19.332309
20130207 20.969999 20.969999 20.700001 20.809999 41015200 19.166524
20130208 20.90 21.09 20.879999 21.00 28150100 19.34152
20130211 21.00 21.059999 20.92 21.030001 18897200 19.369151
20130212 21.030001 21.25 20.99 21.190001 28391400 19.516515
20130213 21.219999 21.299999 21.15 21.25 21267200 19.571776
20130214 21.129999 21.280001 21.059999 21.23 35262200 19.553355
20130215 21.23 21.299999 20.99 21.120001 33809100 19.452043
20130219 21.18 21.209999 21.059999 21.09 31061600 19.424412
20130220 21.09 21.10 20.700001 20.73 46119800 19.092842
20130221 20.75 20.76 20.120001 20.25 60754500 18.650751
20130222 20.32 20.49 20.10 20.42 34534800 18.807325
20130225 20.57 20.65 20.23 20.23 41525600 18.63233
20130226 20.49 20.85 20.41 20.58 67247100 18.954689
20130227 20.60 21.040001 20.51 20.93 46966600 19.277048
20130228 20.91 21.08 20.82 20.879999 34808000 19.230996
20130301 20.790001 21.190001 20.66 21.030001 45695700 19.369151
20130304 21.16 21.290001 20.959999 21.27 47545800 19.590197
20130305 21.34 21.59 21.299999 21.51 38796400 19.811242
20130306 21.530001 21.790001 21.51 21.75 37188900 20.032288
20130307 21.799999 21.99 21.75 21.889999 42380000 20.161231
20130308 21.950001 22.040001 21.469999 21.58 44990500 19.875714
20130311 21.530001 21.74 21.280001 21.690001 42148200 19.977027
20130312 21.66 21.73 21.450001 21.639999 28617300 19.930975
20130313 21.559999 21.700001 21.459999 21.66 24617400 19.949396
20130314 21.74 21.85 21.51 21.65 28836500 19.940185
20130315 21.610001 21.700001 21.27 21.379999 52949600 19.691508
20130318 21.24 21.49 21.190001 21.26 35154400 19.580986
20130319 21.26 21.360001 21.01 21.139999 42546000 19.470462
20130320 21.309999 21.360001 21.110001 21.18 29919000 19.507304
20130321 21.01 21.139999 20.90 21.040001 32607200 19.378361
20130322 21.15 21.34 21.08 21.33 30803200 19.645458
20130325 21.389999 21.42 21.08 21.15 32740700 19.479673
20130326 21.280001 21.77 21.25 21.77 39548500 20.050709
20130327 21.620001 21.98 21.51 21.83 45370900 20.10597
20130328 21.85 21.91 21.60 21.84 33336700 20.11518
20130401 21.67 21.700001 21.32 21.43 33718100 19.73756
20130402 21.52 21.58 21.32 21.459999 28166700 19.76519
20130403 21.450001 21.50 21.01 21.049999 36620800 19.38757
20130404 21.049999 21.190001 20.959999 21.139999 28702500 19.470462
20130405 20.940001 20.969999 20.75 20.940001 36721600 19.286259
20130408 20.889999 21.09 20.799999 21.09 34213000 19.424412
20130409 21.110001 21.889999 21.059999 21.75 61518700 20.032288
20130410 21.719999 22.42 21.709999 22.26 67102900 20.502011
20130411 21.73 21.91 21.49 21.83 59295600 20.10597
20130412 21.74 21.799999 21.469999 21.68 34028000 19.967817
20130415 21.50 21.709999 21.360001 21.379999 38459200 19.691508
20130416 21.469999 21.93 21.42 21.92 64767000 20.188862
20130417 21.790001 22.139999 21.57 21.93 79461200 20.198073
20130418 22.049999 22.40 21.90 22.24 76237300 20.48359
20130419 22.27 22.450001 22.209999 22.440001 49101000 20.667796
20130422 22.48 22.940001 22.35 22.879999 52817000 21.073045
20130423 22.98 23.450001 22.93 23.379999 62494100 21.533558
20130424 23.280001 23.790001 23.25 23.66 54282000 21.791445
20130425 23.65 23.870001 23.32 23.379999 109178000 21.533558
20130426 23.309999 23.559999 23.139999 23.40 101377300 21.551979
20130429 23.440001 23.83 23.40 23.76 102141600 21.883548
20130430 23.719999 24.00 23.639999 23.950001 41468900 22.058543
20130501 23.82 24.17 23.809999 23.99 38373800 22.095383
20130502 23.73 24.15 23.67 24.110001 33486300 22.205907
20130503 24.219999 24.219999 23.950001 23.959999 30085800 22.275633
20130506 24.17 24.209999 23.85 23.91 31009100 22.229149
20130507 23.969999 24.25 23.940001 24.15 38605600 22.452277
20130508 24.040001 24.290001 23.959999 24.25 24900600 22.545247
20130509 24.200001 24.57 24.10 24.360001 31333900 22.647515
20130510 24.42 24.540001 24.35 24.50 22554800 22.777672
20130513 24.41 24.49 24.030001 24.08 28535200 22.387198
20130514 24.08 24.17 23.780001 23.84 36694400 22.16407
20130515 23.889999 24.200001 23.809999 24.200001 33568900 22.498763
20130516 24.059999 24.40 23.93 23.940001 29812900 22.25704
20130517 24.120001 24.219999 23.90 24.040001 36277400 22.350011
20130520 24.08 24.25 24.00 24.08 31324400 22.387198
20130521 24.10 24.25 24.00 24.15 37917900 22.452277
20130522 24.129999 24.530001 23.940001 24.07 49686400 22.377901
20130523 23.879999 24.120001 23.84 24.049999 38132900 22.359306
20130524 23.92 24.040001 23.58 23.92 30861700 22.238446
20130528 24.16 24.40 24.00 24.08 31153700 22.387198
20130529 23.959999 24.379999 23.889999 24.27 31653900 22.563842
20130530 24.280001 24.50 24.209999 24.209999 26299900 22.508058
20130531 24.23 24.709999 24.129999 24.280001 47793200 22.573139
20130603 24.879999 25.450001 24.83 25.24 76493500 23.465651
20130604 25.559999 25.98 25.35 25.360001 68515500 23.577216
20130605 25.110001 25.280001 24.65 24.700001 53335200 22.963613
20130606 24.75 24.940001 24.27 24.65 40020000 22.917127
20130607 24.40 24.700001 24.219999 24.59 35539400 22.861346
20130610 24.709999 25.09 24.639999 25.01 29780800 23.25182
20130611 24.83 25.08 24.629999 24.709999 27077800 22.972909
20130612 24.959999 25.00 24.41 24.459999 24535200 22.740483
20130613 24.459999 25.01 24.40 24.99 27707000 23.233226
20130614 25.02 25.139999 24.84 24.92 24762700 23.168147
20130617 25.110001 25.35 24.91 25.10 42643200 23.335493
20130618 25.07 25.65 25.07 25.469999 36674300 23.679482
20130619 25.49 25.68 25.00 25.00 28843900 23.242523
20130620 24.73 24.75 24.10 24.190001 63565700 22.489466
20130621 24.309999 24.35 24.09 24.200001 67754000 22.498763
20130624 24.08 24.219999 23.41 23.58 49145200 21.922347
20130625 23.83 23.940001 23.57 23.879999 34571300 22.201257
20130626 24.200001 24.24 23.889999 24.01 33645000 22.322119
20130627 24.10 24.35 24.01 24.049999 25564500 22.359306
20130628 23.93 24.41 23.73 24.23 80413900 22.526653
20130701 24.35 24.42 23.84 23.889999 29698200 22.210554
20130702 23.870001 24.040001 23.540001 23.719999 28290100 22.052505
20130703 23.700001 23.90 23.450001 23.76 18167200 22.089694
20130705 23.950001 24.08 23.68 24.059999 17830400 22.368603
20130708 23.860001 23.91 23.030001 23.190001 68826600 21.559765
20130709 23.299999 23.42 23.110001 23.139999 34739800 21.513279
20130710 23.139999 23.299999 22.639999 23.25 50037500 21.615546
20130711 23.559999 24.00 23.469999 23.99 41313800 22.303525
20130712 23.950001 24.00 23.65 23.90 34561900 22.219851
20130715 23.84 23.969999 23.76 23.940001 25650100 22.25704
20130716 24.00 24.299999 23.90 24.25 34496100 22.545247
20130717 24.299999 24.43 24.040001 24.15 44084200 22.452277
20130718 23.469999 23.610001 23.16 23.24 77863900 21.606249
20130719 23.110001 23.15 22.809999 23.040001 45866700 21.42031
20130722 23.07 23.120001 22.73 22.77 35890900 21.16929
20130723 22.85 22.99 22.639999 22.75 28521400 21.150696
20130724 22.93 23.00 22.629999 22.93 33432700 21.318042
20130725 22.85 23.059999 22.82 23.059999 114558100 21.438903
20130726 22.940001 23.26 22.90 23.26 110474500 21.624843
20130729 23.17 23.299999 23.07 23.24 85543100 21.606249
20130730 23.299999 23.50 23.280001 23.379999 28855200 21.736407
20130731 23.370001 23.459999 23.26 23.34 27679200 21.699219
20130801 23.41 23.49 23.02 23.200001 37832700 21.569062
20130802 23.18 23.219999 23.00 23.219999 36242100 21.587655
20130805 23.00 23.02 22.85 22.92 20869000 21.517245
20130806 22.879999 22.93 22.709999 22.799999 28843300 21.404588
20130807 22.709999 22.790001 22.549999 22.700001 23350900 21.31071
20130808 22.75 22.780001 22.41 22.450001 34792500 21.076011
20130809 22.41 22.549999 22.309999 22.51 25145400 21.132338
20130812 22.48 22.700001 22.450001 22.639999 23520400 21.254381
20130813 22.690001 22.700001 22.389999 22.52 26099200 21.141726
20130814 22.40 22.74 22.35 22.57 23202500 21.188665
20130815 22.280001 22.41 21.969999 22.030001 40451200 20.681716
20130816 22.059999 22.190001 21.889999 21.91 30079000 20.569059
20130819 22.08 22.700001 22.049999 22.280001 43412200 20.916415
20130820 22.309999 22.68 22.299999 22.52 32084300 21.141726
20130821 22.540001 22.58 22.059999 22.17 32403300 20.813147
20130822 22.26 22.389999 22.17 22.26 17380600 20.897639
20130823 22.34 22.57 22.33 22.440001 23088700 21.066623
20130826 22.40 22.52 22.23 22.27 22267800 20.907027
20130827 22.120001 22.219999 22.00 22.190001 37638500 20.831923
20130828 22.200001 22.41 22.129999 22.290001 28090000 20.925803
20130829 22.24 22.43 22.049999 22.059999 28303500 20.709878
20130830 22.24 22.25 21.90 21.98 33896300 20.634775
20130903 22.209999 22.24 21.969999 22.07 26427300 20.719267
20130904 22.379999 22.780001 22.280001 22.639999 37941800 21.254381
20130905 22.68 22.73 22.49 22.60 22552800 21.21683
20130906 22.690001 22.82 22.40 22.67 27606600 21.282546
20130909 22.719999 23.030001 22.700001 22.91 27770600 21.507857
20130910 23.07 23.129999 22.93 22.98 31705400 21.573572
20130911 22.91 22.98 22.709999 22.809999 45815300 21.413977
20130912 22.780001 22.84 22.60 22.629999 29517900 21.244993
20130913 23.049999 23.459999 23.040001 23.440001 61134800 22.00542
20130916 23.629999 23.709999 23.35 23.389999 30088500 21.958479
20130917 23.690001 23.889999 23.67 23.74 37540700 22.287059
20130918 23.85 23.92 23.559999 23.90 31975400 22.437266
20130919 23.959999 24.09 23.84 23.91 28261400 22.446655
20130920 23.940001 23.959999 23.57 23.77 47069000 22.315223
20130923 23.700001 23.85 23.610001 23.620001 22437100 22.174404
20130924 23.58 23.85 23.58 23.700001 24410100 22.249508
20130925 23.780001 23.809999 23.58 23.700001 19879900 22.249508
20130926 23.75 23.799999 23.200001 23.41 32003300 21.977256
20130927 23.209999 23.389999 22.879999 22.98 28924100 21.573572
20130930 22.719999 23.17 22.60 22.92 32489600 21.517245
20131001 22.940001 23.040001 22.700001 22.83 25888800 21.432753
20131002 22.709999 22.90 22.67 22.889999 23205400 21.48908
20131003 22.82 22.84 22.50 22.60 34888500 21.21683
20131004 22.60 22.85 22.60 22.809999 22550000 21.413977
20131007 22.709999 23.00 22.57 22.83 21321300 21.432753
20131008 22.870001 22.879999 22.48 22.48 36111200 21.104173
20131009 22.51 22.959999 22.48 22.59 40435400 21.207442
20131010 22.99 23.219999 22.92 23.10 39189400 21.686229
20131011 22.83 23.26 22.82 23.26 24550600 21.836436
20131014 23.09 23.49 23.030001 23.450001 27176700 22.014808
20131015 23.40 23.59 23.32 23.389999 42957700 21.958479
20131016 23.26 23.74 23.219999 23.700001 47723400 22.249508
20131017 23.58 23.940001 23.49 23.92 28694900 22.456043
20131018 23.860001 23.98 23.68 23.879999 29579100 22.41849
20131021 23.940001 24.17 23.82 24.139999 35297600 22.662578
20131022 24.17 24.200001 24.01 24.07 29010800 22.596862
20131023 23.93 24.049999 23.559999 23.74 31651100 22.287059
20131024 23.860001 23.969999 23.780001 23.780001 47590200 22.324612
20131025 24.110001 24.24 24.02 24.24 59634700 22.756458
20131028 24.18 24.49 24.17 24.360001 65581600 22.869114
20131029 24.40 24.67 24.35 24.52 29961700 23.019322
20131030 24.530001 24.68 24.40 24.50 24091800 23.000545
20131031 24.52 24.73 24.43 24.469999 30901400 22.972381
20131101 24.51 24.65 24.219999 24.33 28302100 22.84095
20131104 24.32 24.40 24.15 24.26 26639800 22.775234
20131105 23.92 24.110001 23.77 24.030001 22849900 22.770497
20131106 24.059999 24.309999 23.889999 24.25 25525700 22.978965
20131107 24.370001 24.379999 24.00 24.059999 25631100 22.798923
20131108 24.030001 24.120001 23.84 24.09 31502900 22.827351
20131111 24.040001 24.290001 23.93 24.17 19236500 22.903158
20131112 23.99 24.50 23.98 24.43 37813500 23.149531
20131113 24.25 24.620001 24.200001 24.60 22990300 23.31062
20131114 24.43 24.50 24.35 24.389999 20198900 23.111626
20131115 24.40 24.549999 24.25 24.52 22866500 23.234814
20131118 24.610001 24.700001 24.48 24.60 24712500 23.31062
20131119 24.74 24.870001 24.610001 24.700001 24870200 23.405379
20131120 24.700001 24.82 24.459999 24.559999 20288600 23.272716
20131121 24.610001 25.290001 24.52 25.23 44050600 23.907599
20131122 24.50 24.51 23.84 23.870001 77908100 22.618883
20131125 24.02 24.02 23.50 23.75 43389300 22.505172
20131126 23.790001 23.84 23.52 23.65 30600800 22.410413
20131127 23.639999 23.92 23.52 23.90 28419200 22.647309
20131129 23.90 23.99 23.76 23.84 13802900 22.590455
20131202 24.00 24.00 23.65 23.700001 25685300 22.457793
20131203 23.690001 23.73 23.40 23.549999 35066400 22.315654
20131204 23.52 23.85 23.52 23.74 43501500 22.495696
20131205 23.82 24.35 23.75 24.26 45399100 22.988441
20131206 24.969999 25.25 24.75 24.82 53871400 23.519089
20131209 24.84 25.08 24.68 24.93 29614700 23.623324
20131210 24.889999 24.969999 24.66 24.82 18203700 23.519089
20131211 24.74 24.879999 24.40 24.42 24682400 23.140055
20131212 24.719999 24.889999 24.42 24.469999 21917800 23.187433
20131213 24.209999 24.49 24.16 24.290001 20631200 23.016869
20131216 24.33 24.709999 24.33 24.450001 25061100 23.168483
20131217 24.42 24.77 24.379999 24.66 28158500 23.367475
20131218 24.709999 25.200001 24.530001 25.15 42680500 23.831792
20131219 25.120001 25.24 24.889999 25.139999 31880600 23.822316
20131220 25.110001 25.35 25.040001 25.059999 55380100 23.746509
20131223 25.27 25.43 25.18 25.32 28120800 23.992882
20131224 25.379999 25.620001 25.35 25.43 12157900 24.097117
20131226 25.43 25.700001 25.43 25.700001 16957000 24.352966
20131227 25.75 25.799999 25.48 25.60 12970600 24.258207
20131230 25.67 25.85 25.60 25.85 19787200 24.495103
20131231 25.809999 26.040001 25.77 25.959999 22808100 24.599336
20140102 25.780001 25.82 25.469999 25.790001 31833300 24.438248
20140103 25.860001 25.90 25.60 25.780001 27796700 24.428772
20140106 25.77 25.790001 25.450001 25.459999 28682300 24.125543
20140107 25.540001 25.73 25.469999 25.59 19665100 24.24873
20140108 25.639999 25.709999 25.299999 25.43 29680500 24.097117
20140109 25.42 25.549999 25.25 25.309999 20878000 23.983406
20140110 25.50 25.85 25.50 25.530001 30588800 24.191876
20140113 25.629999 25.99 25.42 25.50 40274500 24.163448
20140114 26.01 26.549999 25.90 26.51 74142900 25.12051
20140115 26.719999 27.120001 26.610001 26.67 58277700 25.272123
20140116 26.639999 26.74 26.33 26.540001 48960800 25.148938
20140117 25.360001 25.860001 25.25 25.85 111758900 24.495103
20140121 25.790001 25.799999 25.27 25.59 42286400 24.24873
20140122 25.389999 25.540001 25.15 25.309999 48749900 23.983406
20140123 25.17 25.25 24.90 25.129999 40241000 23.81284
20140124 24.879999 25.190001 24.790001 24.809999 34838700 23.509613
20140127 24.77 24.99 24.66 24.719999 32564900 23.42433
20140128 24.709999 25.049999 24.57 24.90 32453800 23.594895
20140129 24.75 24.959999 24.629999 24.68 27145700 23.386427
20140130 24.75 24.889999 24.540001 24.74 24610100 23.443282
20140131 24.450001 24.65 24.40 24.540001 28623300 23.253766
20140203 24.50 24.51 23.889999 23.950001 52868200 22.69469
20140204 23.99 24.040001 23.58 23.82 50816300 22.571502
20140205 23.700001 23.76 23.50 23.52 32476200 22.499757
20140206 23.60 24.08 23.549999 23.99 28008400 22.949369
20140207 24.200001 24.26 23.77 24.209999 30808400 23.159825
20140210 24.110001 24.370001 24.059999 24.290001 24571300 23.236357
20140211 24.35 24.52 24.33 24.469999 17911700 23.408547
20140212 24.51 24.690001 24.370001 24.549999 25874100 23.485077
20140213 24.43 24.74 24.309999 24.700001 22922000 23.628572
20140214 24.58 24.76 24.41 24.76 20539700 23.685968
20140218 24.67 24.780001 24.549999 24.76 17738100 23.685968
20140219 24.65 24.719999 24.42 24.50 25686000 23.437246
20140220 24.540001 24.85 24.50 24.74 20193800 23.666836
20140221 24.950001 24.959999 24.35 24.42 30579800 23.360717
20140224 24.51 24.879999 24.41 24.629999 24145500 23.561607
20140225 24.67 24.709999 24.459999 24.620001 21539100 23.552042
20140226 24.74 24.98 24.610001 24.799999 19820200 23.724232
20140227 24.799999 24.799999 24.51 24.76 20863900 23.685968
20140228 24.790001 24.85 24.57 24.76 23482700 23.685968
20140303 24.549999 24.59 24.299999 24.50 25728500 23.437246
20140304 24.719999 24.780001 24.50 24.610001 23661200 23.542475
20140305 24.700001 24.709999 24.40 24.50 21036200 23.437246
20140306 24.57 24.65 24.379999 24.629999 22371700 23.561607
20140307 24.700001 24.85 24.57 24.639999 25373400 23.571173
20140310 24.610001 24.889999 24.58 24.84 24908100 23.762498
20140311 24.780001 24.85 24.610001 24.73 26656800 23.657269
20140312 24.65 24.879999 24.610001 24.76 21244800 23.685968
20140313 24.799999 25.00 24.43 24.57 26243300 23.50421
20140314 24.48 24.65 24.40 24.50 21807200 23.437246
20140317 24.639999 24.82 24.49 24.700001 18525800 23.628572
20140318 24.68 24.90 24.549999 24.82 26344000 23.743365
20140319 24.85 25.25 24.77 25.02 34229400 23.93469
20140320 25.00 25.59 24.940001 25.43 37009100 24.326905
20140321 25.610001 25.68 25.16 25.17 56861900 24.078183
20140324 25.209999 25.379999 24.92 25.120001 36950600 24.030353
20140325 25.190001 25.67 25.17 25.459999 32317400 24.355603
20140326 25.59 25.74 25.32 25.379999 26442800 24.279073
20140327 25.360001 25.75 25.290001 25.309999 27201100 24.21211
20140328 25.41 25.809999 25.32 25.620001 22884500 24.508664
20140331 25.65 26.059999 25.620001 25.809999 29336300 24.690421
20140401 25.799999 26.00 25.639999 25.99 23778700 24.862613
20140402 25.959999 26.049999 25.639999 25.889999 22464700 24.766951
20140403 26.15 26.459999 26.139999 26.41 38581300 25.264395
20140404 26.49 26.73 26.110001 26.16 47918000 25.025239
20140407 26.299999 26.74 26.200001 26.49 49813500 25.340925
20140408 26.360001 26.98 26.35 26.91 56699500 25.742706
20140409 26.93 27.02 26.73 26.98 34481800 25.809669
20140410 27.01 27.09 26.360001 26.43 40478200 25.283528
20140411 26.27 26.59 26.17 26.18 36121100 25.044372
20140414 26.309999 26.65 26.139999 26.559999 26957900 25.407888
20140415 26.51 26.83 26.360001 26.77 45074400 25.608779
20140416 26.98 27.24 26.60 26.93 59033600 25.761839
20140417 26.879999 27.16 26.790001 27.040001 38112600 25.867068
20140421 27.049999 27.049999 26.73 26.950001 20398600 25.780972
20140422 26.91 26.98 26.66 26.84 29601600 25.675743
20140423 26.799999 26.969999 26.719999 26.75 25574300 25.589647
20140424 26.809999 26.959999 26.639999 26.75 25432800 25.589647
20140425 26.65 26.719999 26.190001 26.26 33614400 25.120902
20140428 26.17 26.389999 26.01 26.33 33472800 25.187865
20140429 26.360001 26.66 26.35 26.48 22146000 25.331358
20140430 26.32 26.700001 26.219999 26.690001 25863900 25.53225
20140501 26.51 26.67 26.389999 26.450001 19755200 25.302661
20140502 26.559999 26.639999 26.40 26.41 24235200 25.264395
20140505 26.16 26.26 25.99 26.17 20738900 25.249922
20140506 26.16 26.379999 26.00 26.200001 21818000 25.278868
20140507 26.26 26.450001 26.219999 26.370001 24692800 25.442891
20140508 26.32 26.530001 26.219999 26.34 24166900 25.413945
20140509 26.370001 26.41 26.219999 26.299999 20324400 25.375351
20140512 26.41 26.540001 26.299999 26.370001 20607800 25.442891
20140513 26.49 26.540001 26.33 26.450001 20525000 25.520079
20140514 26.49 26.52 26.33 26.33 17811900 25.404297
20140515 26.33 26.50 26.01 26.01 31752700 25.095547
20140516 26.049999 26.07 25.74 25.82 30017200 24.912227
20140519 25.75 26.09 25.75 26.040001 22679600 25.124493
20140520 26.02 26.17 25.879999 26.040001 22292600 25.124493
20140521 26.10 26.25 26.00 26.200001 18721300 25.278868
20140522 26.209999 26.27 26.08 26.15 15926500 25.230625
20140523 26.15 26.299999 26.139999 26.290001 17172200 25.365704
20140527 26.33 26.74 26.18 26.709999 27271900 25.770936
20140528 26.700001 26.940001 26.66 26.879999 27150100 25.934959
20140529 26.91 26.959999 26.719999 26.959999 20638900 26.012146
20140530 26.940001 27.32 26.93 27.32 43641000 26.35949
20140602 27.309999 27.35 27.120001 27.26 20264900 26.3016
20140603 27.219999 27.700001 27.120001 27.66 33256300 26.687537
20140604 27.51 27.76 27.50 27.60 21612500 26.629647
20140605 27.559999 27.66 27.43 27.66 26546200 26.687537
20140606 27.780001 28.209999 27.73 28.17 34795600 27.179607
20140609 28.10 28.42 27.83 27.91 39933000 26.928747
20140610 27.85 28.33 27.719999 28.24 34256900 27.247145
20140611 28.139999 28.209999 27.799999 27.93 27747700 26.948045
20140612 27.860001 28.10 27.77 27.959999 31211400 26.976989
20140613 29.75 30.059999 29.559999 29.870001 122194300 28.819839
20140616 29.719999 30.15 29.67 30.01 36407800 28.954916
20140617 29.879999 30.10 29.84 29.950001 28440600 28.897026
20140618 29.879999 29.98 29.67 29.93 34412300 28.877729
20140619 29.969999 30.09 29.889999 30.09 27166600 29.032104
20140620 30.07 30.200001 30.030001 30.200001 39826400 29.138237
20140623 30.10 30.309999 29.85 30.23 26528900 29.167181
20140624 30.16 30.83 30.09 30.50 53397600 29.427689
20140625 30.48 31.00 30.450001 30.879999 44293300 29.794328
20140626 30.809999 30.90 30.610001 30.780001 26722300 29.697845
20140627 30.870001 31.00 30.700001 30.93 30776300 29.842571
20140630 30.870001 31.00 30.66 30.90 21558400 29.813625
20140701 30.99 31.09 30.870001 30.98 28240000 29.890813
20140702 30.99 31.049999 30.799999 30.98 16831200 29.890813
20140703 31.08 31.360001 31.02 31.139999 20437600 30.045187
20140707 31.09 31.200001 30.92 31.030001 22233400 29.939056
20140708 31.00 31.08 30.700001 30.790001 37608700 29.707494
20140709 30.84 30.98 30.690001 30.889999 28302400 29.803977
20140710 30.60 31.33 30.440001 31.26 32455100 30.160969
20140711 31.26 31.450001 31.040001 31.25 20045000 30.151321
20140714 31.41 31.58 31.34 31.49 24244600 30.382883
20140715 31.58 31.799999 31.16 31.709999 61006100 30.595147
20140716 33.310001 34.740002 33.209999 34.650002 135893200 33.431786
20140717 34.200001 34.360001 33.630001 33.700001 70591100 32.515185
20140718 33.799999 33.84 33.389999 33.700001 46528800 32.515185
20140721 33.549999 34.23 33.540001 34.060001 32097200 32.862529
20140722 34.16 34.830002 34.07 34.790001 42915100 33.566863
20140723 34.68 34.709999 34.299999 34.50 26077000 33.287058
20140724 34.380001 34.669998 34.099998 34.25 33180400 33.045847
20140725 34.150002 34.369999 33.93 34.25 31614000 33.045847
20140728 34.23 34.32 33.880001 34.23 30972200 33.02655
20140729 34.27 34.369999 34.09 34.189999 26141700 32.987956
20140730 34.310001 34.57 34.040001 34.349998 32782800 33.14233
20140731 34.09 34.25 33.810001 33.889999 35431200 32.698504
20140801 33.75 34.029999 33.610001 33.740002 33472400 32.553779
20140804 33.790001 34.09 33.549999 34.049999 27250100 32.852878
20140805 33.759998 33.779999 32.599998 32.82 49845100 31.876763
20140806 32.599998 33.189999 32.389999 32.849998 27923900 31.9059
20140807 32.93 33.150002 32.540001 32.68 27820100 31.740787
20140808 32.779999 33.00 32.540001 32.599998 35484000 31.663085
20140811 32.82 33.240002 32.810001 33.02 27718600 32.071016
20140812 32.91 33.150002 32.68 33.130001 24805600 32.177855
20140813 33.240002 34.150002 33.23 34.099998 36291000 33.119975
20140814 34.049999 34.23 33.740002 33.939999 25458000 32.964574
20140815 34.099998 34.209999 33.709999 34.169998 28577600 33.187963
20140818 34.259998 34.470001 33.98 34.41 27232200 33.421067
20140819 34.50 34.50 34.25 34.34 29281900 33.353079
20140820 34.23 34.509998 34.18 34.50 27140300 33.508481
20140821 34.459999 35.189999 34.450001 35.150002 37164900 34.139801
20140822 35.200001 35.200001 34.91 34.939999 21196700 33.935834
20140825 35.09 35.150002 34.650002 34.810001 18614500 33.809573
20140826 34.790001 35.049999 34.689999 34.799999 19664700 33.799858
20140827 34.889999 34.939999 34.630001 34.790001 17168900 33.790147
20140828 34.610001 34.810001 34.610001 34.650002 18908900 33.654171
20140829 34.810001 34.939999 34.669998 34.919998 32302800 33.916408
20140902 34.759998 34.91 34.43 34.57 32094800 33.576469
20140903 34.82 34.880001 34.450001 34.57 26668800 33.576469
20140904 34.529999 35.09 34.52 34.91 27632400 33.906697
20140905 34.919998 35.119999 34.830002 35.00 20841900 33.994111
20140908 34.959999 35.560001 34.880001 35.330002 24859600 34.314629
20140909 35.290001 35.290001 34.849998 34.91 22333100 33.906697
20140910 34.849998 35.130001 34.669998 35.02 19964200 34.013536
20140911 34.790001 35.02 34.529999 35.02 21949000 34.013536
20140912 34.900002 34.91 34.50 34.619999 26732600 33.625031
20140915 34.709999 34.77 34.23 34.540001 22438000 33.547332
20140916 34.470001 35.080002 34.470001 34.93 20875700 33.926123
20140917 34.91 35.200001 34.740002 34.98 26278900 33.974685
20140918 35.119999 35.169998 34.860001 35.169998 23809600 34.159223
20140919 35.16 35.220001 34.82 34.82 46851900 33.819284
20140922 34.779999 35.029999 34.549999 34.709999 25447700 33.712444
20140923 34.709999 34.709999 34.380001 34.419998 25690700 33.430778
20140924 34.400002 34.849998 34.369999 34.75 18829000 33.751296
20140925 34.68 34.790001 33.880001 34.139999 34639700 33.158826
20140926 34.259998 34.360001 33.630001 34.259998 25882300 33.275377
20140929 34.060001 34.990002 33.939999 34.900002 29003100 33.896986
20140930 34.900002 35.00 34.41 34.82 35274600 33.819284
20141001 34.610001 34.779999 33.84 33.990002 35086600 33.01314
20141002 33.959999 34.00 33.259998 33.52 32910800 32.556646
20141003 33.66 34.18 33.470001 34.029999 25834600 33.051987
20141006 34.150002 34.48 33.869999 34.110001 24321100 33.12969
20141007 34.040001 34.049999 33.419998 33.470001 25972100 32.508084
20141008 33.490002 34.369999 33.139999 34.27 34960600 33.285091
20141009 34.150002 34.43 33.580002 33.619999 28185700 32.653771
20141010 32.619999 32.860001 30.50 31.91 80917600 30.992916
20141013 31.719999 32.369999 31.469999 31.469999 42110200 30.565561
20141014 31.99 32.669998 31.709999 32.139999 68671000 31.216306
20141015 30.540001 31.65 29.65 31.280001 92305200 30.381023
20141016 30.889999 31.51 30.75 30.85 47787400 29.963381
20141017 31.200001 31.709999 30.969999 31.379999 37504500 30.478148
20141020 31.040001 31.700001 30.90 31.58 30523700 30.6724
20141021 31.67 32.619999 31.58 32.610001 33278400 31.672799
20141022 32.66 32.869999 32.220001 32.27 26725600 31.342571
20141023 32.720001 32.91 32.599998 32.689999 22254900 31.750498
20141024 32.720001 33.330002 32.57 33.18 27814300 32.226417
20141027 33.080002 33.299999 32.77 33.200001 23751900 32.245843
20141028 33.23 33.75 33.23 33.740002 21857800 32.770324
20141029 33.759998 33.970001 33.509998 33.919998 24615200 32.945148
20141030 33.580002 33.610001 32.400002 32.580002 55217900 31.643663
20141031 33.740002 34.009998 32.630001 34.009998 52089700 33.032561
20141103 33.810001 34.48 33.790001 34.310001 28703600 33.323943
20141104 34.25 34.779999 34.209999 34.540001 34695900 33.547332
20141105 34.049999 34.099998 33.599998 33.759998 34705500 33.004746
20141106 33.689999 34.23 33.41 33.82 25240600 33.063405
20141107 33.98 34.00 33.189999 33.580002 27604500 32.828776
20141110 33.43 33.490002 33.080002 33.259998 30653600 32.515931
20141111 33.360001 33.540001 33.200001 33.310001 19676600 32.564816
20141112 33.23 33.419998 33.00 33.380001 22854400 32.633249
20141113 33.349998 33.860001 33.34 33.68 26447400 32.926537
20141114 33.75 33.970001 33.349998 33.950001 18102500 33.190497
20141117 33.82 34.25 33.759998 34.240002 17646000 33.474011
20141118 34.189999 34.900002 34.16 34.709999 30674800 33.933494
20141119 34.689999 34.790001 34.25 34.349998 21289500 33.581547
20141120 34.139999 35.970001 34.00 35.950001 61994700 35.145755
20141121 35.98 36.459999 35.50 35.59 56720400 34.793808
20141124 35.889999 36.43 35.84 36.25 33317900 35.439043
20141125 36.360001 36.48 36.150002 36.32 29088500 35.507477
20141126 36.369999 36.990002 36.279999 36.900002 24060000 36.074503
20141128 37.040001 37.689999 36.939999 37.25 19128500 36.416672
20141201 37.209999 37.619999 36.900002 37.169998 30904000 36.338459
20141202 37.18 37.599998 37.18 37.599998 28343700 36.75884
20141203 37.68 37.889999 37.41 37.43 30660800 36.592645
20141204 37.400002 37.459999 37.040001 37.459999 23359100 36.621973
20141205 37.57 37.900002 37.52 37.669998 20527600 36.827274
20141208 37.459999 37.73 36.939999 37.200001 28134800 36.367791
20141209 36.669998 37.09 36.299999 36.889999 28487300 36.064725
20141210 36.93 37.02 36.299999 36.419998 27499900 35.605238
20141211 36.50 37.209999 36.439999 36.700001 25088200 35.878977
20141212 36.450001 36.82 36.220001 36.23 29322500 35.41949
20141215 36.389999 36.779999 35.900002 35.919998 30633400 35.116424
20141216 35.860001 36.50 35.560001 35.560001 31166300 34.76448
20141217 35.619999 36.330002 35.330002 36.240002 31637700 35.429268
20141218 36.75 37.02 36.43 37.02 32128100 36.191817
20141219 37.02 37.16 36.23 36.369999 76786800 35.556357
20141222 36.389999 37.259998 36.389999 37.209999 29227100 36.377566
20141223 37.400002 37.700001 37.299999 37.43 22169700 36.592645
20141224 37.470001 37.599998 37.18 37.439999 12109100 36.60242
20141226 37.52 37.740002 37.52 37.549999 14037200 36.709959
20141229 37.450001 37.52 37.169998 37.18 12203300 36.348238
20141230 37.080002 37.189999 36.759998 36.759998 15214100 35.937632
20141231 36.630001 37.040001 36.290001 36.290001 20393600 35.478149
20150102 36.669998 37.16 36.110001 36.360001 23605600 35.546583
20150105 36.200001 36.450001 35.939999 35.950001 32785000 35.145755
20150106 36.080002 36.23 35.259998 35.279999 30847600 34.490742
20150107 35.639999 36.07 35.27 36.02 27725200 35.214189
20150108 36.369999 37.00 36.259998 36.689999 31765400 35.869198
20150109 36.77 37.110001 36.400002 36.759998 22846000 35.937632
20150112 36.900002 37.00 36.23 36.599998 29400800 35.781211
20150113 36.869999 37.490002 36.290001 36.50 31478000 35.68345
20150114 36.330002 36.91 35.91 36.349998 34250300 35.536804
20150115 36.529999 36.880001 36.029999 36.189999 47181800 35.380384
20150116 36.119999 36.66 35.509998 36.450001 62812200 35.634569
20150120 36.099998 36.459999 35.57 36.09 35929400 35.282622
20150121 35.849998 36.68 35.77 36.48 27442600 35.663897
20150122 36.560001 37.00 36.139999 36.91 31809900 36.084278
20150123 36.959999 37.029999 36.380001 36.450001 27427100 35.634569
20150126 36.189999 36.299999 35.57 35.810001 30906800 35.008888
20150127 34.400002 34.720001 33.549999 34.189999 58456200 33.425126
20150128 34.470001 34.700001 33.720001 33.779999 34929100 33.024299
20150129 33.84 34.279999 33.459999 34.209999 29569400 33.444679
20150130 33.700001 33.990002 33.00 33.040001 38719700 32.300855
20150202 33.060001 33.75 32.650002 33.650002 38733800 32.89721
20150203 33.779999 34.049999 32.610001 33.700001 36038300 32.94609
20150204 33.669998 33.84 33.299999 33.599998 25052800 33.083937
20150205 33.68 33.990002 33.450001 33.939999 20491400 33.418715
20150206 33.919998 34.00 33.139999 33.299999 29124600 32.788545
20150209 33.00 33.240002 32.669998 32.93 28705500 32.424229
20150210 33.200001 33.73 33.049999 33.700001 20200000 33.182403
20150211 33.669998 33.759998 33.32 33.549999 18364200 33.034705
20150212 33.98 34.130001 33.759998 34.130001 20056700 33.605799
20150213 34.25 34.369999 33.950001 34.360001 18037900 33.832266
20150217 34.400002 34.75 34.259998 34.740002 19374100 34.206431
20150218 34.650002 34.709999 34.189999 34.27 19992900 33.743648
20150219 34.25 34.419998 34.049999 34.209999 11017500 33.684568
20150220 34.150002 34.57 33.91 34.41 20955600 33.881497
20150223 34.400002 34.50 33.580002 33.759998 25565500 33.241479
20150224 33.610001 34.490002 33.509998 34.41 29607500 33.881497
20150225 34.029999 34.150002 33.73 33.950001 24686300 33.428563
20150226 33.619999 33.880001 33.43 33.650002 25928400 33.133172
20150227 33.630001 33.639999 33.209999 33.25 24427300 32.739314
20150302 33.290001 34.130001 33.119999 34.060001 25406400 33.536874
20150303 33.950001 34.380001 33.91 34.099998 27332000 33.576257
20150304 33.860001 34.41 33.720001 34.119999 23005800 33.59595
20150305 34.259998 34.50 33.59 33.73 21225800 33.211941
20150306 33.540001 33.68 33.080002 33.189999 32373100 32.680234
20150309 33.200001 33.27 32.48 32.720001 33058800 32.217455
20150310 32.240002 32.41 31.50 31.700001 50278900 31.213121
20150311 31.969999 32.959999 31.950001 32.330002 49683600 31.833446
20150312 31.01 31.60 30.58 30.799999 107402400 30.326943
20150313 30.629999 30.98 30.360001 30.93 47954700 30.454947
20150316 30.93 31.110001 30.65 30.83 33074600 30.356482
20150317 30.58 30.73 30.41 30.59 29215600 30.120169
20150318 30.41 31.200001 30.299999 30.889999 39834100 30.41556
20150319 30.780001 31.10 30.690001 30.74 27414200 30.267865
20150320 30.99 31.620001 30.93 31.309999 64777100 30.82911
20150323 31.290001 31.790001 31.200001 31.200001 29694000 30.7208
20150324 31.16 31.32 30.74 30.790001 28471400 30.317098
20150325 30.809999 30.889999 29.860001 29.889999 37691000 29.430919
20150326 29.50 30.40 29.309999 30.08 45450100 29.618002
20150327 30.01 33.00 29.85 32.00 73857200 31.508512
20150330 31.66 32.099998 31.299999 31.459999 51391500 30.976805
20150331 31.43 31.93 31.200001 31.27 32098500 30.789725
20150401 31.129999 31.32 30.65 30.809999 31532100 30.336789
20150402 30.799999 31.23 30.67 30.809999 20909600 30.336789
20150406 30.809999 31.25 30.450001 31.040001 21490900 30.563258
20150407 31.07 31.59 31.00 31.26 23258300 30.779878
20150408 31.23 31.559999 31.059999 31.309999 18250300 30.82911
20150409 30.68 31.620001 30.57 31.24 34167600 30.760185
20150410 31.33 31.940001 31.33 31.93 28084900 31.439588
20150413 31.809999 32.049999 31.709999 31.73 23489000 31.242659
20150414 31.68 31.940001 31.27 31.49 39754000 31.006345
20150415 32.259998 32.990002 32.07 32.830002 61083500 32.325766
20150416 32.849998 32.990002 32.700001 32.869999 28903200 32.365149
20150417 32.509998 32.700001 32.220001 32.470001 30593600 31.971295
20150420 32.610001 32.790001 32.529999 32.73 20649300 32.2273
20150421 32.93 32.970001 32.279999 32.43 19023800 31.931908
20150422 32.41 32.720001 32.029999 32.700001 21144200 32.197762
20150423 32.040001 32.41 32.009998 32.349998 23775300 31.853135
20150424 32.41 32.48 32.02 32.080002 22759900 31.587286
20150427 32.080002 32.689999 32.080002 32.50 25869600 32.000833
20150428 32.299999 33.040001 32.23 33.02 29572800 32.512847
20150429 32.560001 33.00 32.549999 32.889999 21819000 32.384842
20150430 32.709999 32.849998 32.299999 32.549999 22013300 32.050064
20150501 32.630001 33.490002 32.619999 33.419998 27091200 32.906701
20150504 33.27 33.50 33.220001 33.43 21397300 32.916549
20150505 33.00 33.099998 32.57 32.639999 29779200 32.371081
20150506 32.50 32.790001 31.93 32.220001 31985400 31.954543
20150507 32.27 32.630001 32.18 32.240002 21475300 31.974379
20150508 32.509998 32.880001 32.34 32.799999 26926500 32.529763
20150511 32.68 32.709999 32.43 32.689999 18358600 32.420669
20150512 32.439999 32.50 32.00 32.25 24530200 31.984295
20150513 32.27 32.900002 32.27 32.639999 20470800 32.371081
20150514 32.860001 33.130001 32.77 32.970001 21098900 32.698364
20150515 33.09 33.119999 32.75 32.990002 17149700 32.7182
20150518 32.98 33.41 32.849998 33.41 23689500 33.134738
20150519 33.360001 33.380001 32.990002 33.150002 21867100 32.876882
20150520 33.060001 33.50 33.009998 33.369999 21359800 33.095066
20150521 33.209999 33.560001 33.07 33.549999 21269800 33.273584
20150522 33.470001 33.509998 33.32 33.450001 20845000 33.174409
20150526 33.27 33.290001 32.84 33.099998 28594500 32.827291
20150527 33.200001 33.849998 33.130001 33.709999 30172700 33.432265
20150528 33.740002 34.150002 33.68 34.009998 27065700 33.729793
20150529 34.240002 34.75 34.209999 34.459999 43545500 34.176086
20150601 34.369999 34.59 33.68 33.91 46734500 33.630618
20150602 33.639999 33.75 33.139999 33.27 36351100 32.995892
20150603 33.169998 33.240002 32.59 32.73 38138700 32.46034
20150604 32.509998 32.720001 32.200001 32.310001 33761800 32.043802
20150605 32.279999 32.299999 31.83 31.84 27778500 31.577673
20150608 31.809999 31.950001 31.209999 31.299999 38171600 31.042121
20150609 31.33 31.66 31.15 31.25 33976700 30.992534
20150610 31.459999 32.16 31.370001 31.82 33336800 31.557838
20150611 31.950001 32.099998 31.84 31.85 24293600 31.587591
20150612 31.719999 32.099998 31.200001 31.32 31629800 31.061957
20150615 31.120001 31.51 30.940001 31.389999 23175000 31.13138
20150616 31.26 31.76 31.129999 31.639999 20254500 31.37932
20150617 31.75 32.09 31.690001 31.950001 28194200 31.686768
20150618 32.080002 32.50 32.00 32.380001 27722400 32.113225
20150619 32.400002 32.57 31.959999 32.07 39008400 31.805778
20150622 32.259998 32.389999 32.080002 32.259998 23608400 31.994211
20150623 32.310001 32.34 31.93 32.09 17995900 31.825613
20150624 32.150002 32.150002 31.879999 31.91 23313900 31.647096
20150625 32.02 32.32 31.99 31.99 22743300 31.726437
20150626 31.51 31.530001 30.76 31.02 62157200 30.764429
20150629 30.700001 30.98 30.309999 30.389999 35194500 30.139619
20150630 30.629999 30.690001 30.15 30.42 34412200 30.169372
20150701 30.49 30.549999 30.01 30.18 27178900 29.93135
20150702 30.18 30.92 30.10 30.559999 27105200 30.308218
20150706 30.24 30.450001 29.84 30.040001 32468100 29.792504
20150707 29.870001 29.93 29.09 29.90 43833700 29.653656
20150708 29.40 29.67 29.15 29.50 45223800 29.256952
20150709 29.719999 29.889999 28.82 28.93 47167800 28.691649
20150710 29.200001 29.35 28.940001 29.17 31423800 28.929671
20150713 29.27 29.82 29.190001 29.73 26452400 29.485057
20150714 29.66 30.110001 29.440001 29.65 39778300 29.405716
20150715 29.65 29.99 29.469999 29.690001 47852500 29.445387
20150716 30.469999 30.48 29.10 29.90 81166700 29.653656
20150717 29.66 29.799999 29.10 29.469999 43697600 29.227199
20150720 29.620001 29.620001 29.07 29.10 33812900 28.860248
20150721 28.959999 29.26 28.67 28.719999 45191000 28.483378
20150722 28.57 28.85 28.43 28.610001 36387200 28.374285
20150723 28.66 28.969999 28.43 28.60 33775200 28.364368
20150724 28.530001 28.639999 28.059999 28.059999 31621000 27.828816
20150727 28.07 28.42 27.620001 28.35 42161100 28.116427
20150728 28.51 29.18 28.440001 28.959999 33182400 28.7214
20150729 28.950001 29.129999 28.790001 29.01 26470200 28.770989
20150730 29.10 29.450001 28.85 28.91 26582400 28.671813
20150731 29.120001 29.120001 28.77 28.950001 27158800 28.711484
20150803 29.00 29.35 28.90 29.049999 26213600 28.810659
20150804 28.98 29.15 28.860001 29.129999 25741700 28.89
20150805 29.190001 29.389999 29.02 29.120001 23622700 29.120001
20150806 29.16 29.23 28.85 29.01 27958200 29.01
20150807 28.799999 28.959999 28.690001 28.879999 25587000 28.879999
20150810 29.07 29.68 29.059999 29.639999 22643700 29.639999
20150811 29.469999 29.48 28.959999 28.969999 23434700 28.969999
20150812 28.66 29.57 28.66 29.459999 33589100 29.459999
20150813 29.40 29.450001 28.870001 28.870001 18781000 28.870001
20150814 28.92 29.040001 28.82 29.02 14279000 29.02
20150817 28.83 29.200001 28.709999 29.08 15506500 29.08
20150818 28.950001 29.049999 28.799999 28.91 19097400 28.91
20150819 28.65 28.799999 28.280001 28.360001 30450600 28.360001
20150820 28.030001 28.24 27.530001 27.530001 31492000 27.530001
20150821 27.33 27.629999 26.559999 26.559999 51667600 26.559999
20150824 25.200001 27.629999 24.870001 26.25 82795500 26.25
20150825 27.040001 27.15 25.870001 25.870001 58673100 25.870001
20150826 26.51 27.34 26.08 27.299999 46911700 27.299999
20150827 27.719999 27.91 27.01 27.719999 38254400 27.719999
20150828 27.67 28.610001 27.450001 28.42 43004100 28.42
20150831 28.33 29.129999 28.16 28.540001 42197500 28.540001
20150901 27.91 28.17 27.66 27.82 43630100 27.82
20150902 28.35 28.60 28.139999 28.60 34239300 28.60
20150903 28.799999 29.42 28.690001 29.08 38312900 29.08
20150904 28.57 28.90 28.41 28.52 29116500 28.52
20150908 28.98 29.50 28.950001 29.50 27636400 29.50
20150909 29.719999 30.120001 29.17 29.24 30669900 29.24
20150910 29.18 29.66 28.90 29.27 25121500 29.27
20150911 29.08 29.52 29.040001 29.469999 21611700 29.469999
20150914 29.469999 29.530001 29.09 29.389999 24063700 29.389999
20150915 29.559999 29.940001 29.48 29.73 29399900 29.73
20150916 29.620001 29.790001 29.40 29.77 25932000 29.77
20150917 29.620001 30.200001 29.549999 29.709999 29468900 29.709999
20150918 29.219999 29.42 28.809999 29.02 60138700 29.02
20150921 29.09 29.34 28.940001 29.16 24179500 29.16
20150922 28.67 28.90 28.48 28.67 26593200 28.67
20150923 29.02 29.09 28.59 28.74 25770000 28.74
20150924 28.379999 28.67 27.870001 28.48 32437500 28.48
20150925 28.940001 29.120001 28.629999 28.809999 29042100 28.809999
