20130102 71.019997 71.019997 70.300003 70.839996 12874200 65.450521
20130103 70.980003 71.00 70.449997 70.739998 9598300 65.358131
20130104 71.239998 71.730003 71.010002 71.550003 11631800 66.106511
20130107 71.50 71.529999 71.190002 71.400002 7548800 65.967922
20130108 71.309998 71.650002 71.25 71.410004 9825300 65.977163
20130109 71.639999 71.849998 71.50 71.730003 7672800 66.272817
20130110 71.809998 72.379997 71.739998 72.190002 11888500 66.69782
20130111 72.190002 72.580002 72.160004 72.349998 7766700 66.845643
20130114 72.599998 72.790001 72.370003 72.559998 7386000 67.039666
20130115 72.25 72.440002 72.00 72.370003 7795100 66.864126
20130116 72.260002 72.82 72.25 72.580002 8779900 67.058148
20130117 72.879997 73.010002 72.370003 72.900002 10570100 67.353802
20130118 72.900002 73.230003 72.790001 73.230003 13558600 67.658698
20130122 72.919998 73.209999 72.419998 72.690002 11469800 67.15978
20130123 72.519997 72.910004 72.470001 72.849998 10155100 67.307604
20130124 72.959999 73.230003 72.839996 73.099998 9369700 67.538584
20130125 73.129997 73.93 73.059998 73.919998 10421500 68.296198
20130128 73.959999 74.00 73.43 73.620003 9420900 68.019026
20130129 73.669998 74.620003 73.639999 74.410004 12386500 68.748924
20130130 74.449997 74.800003 74.010002 74.089996 9245500 68.453263
20130131 74.080002 74.360001 73.779999 73.919998 10448700 68.296198
20130201 74.139999 74.419998 74.080002 74.18 10016300 68.536419
20130204 73.559998 74.25 73.559998 74.110001 9200700 68.471745
20130205 74.489998 74.82 74.470001 74.660004 10230800 68.979904
20130206 74.57 75.389999 74.519997 75.389999 12084000 69.654362
20130207 74.82 75.199997 74.68 75.059998 9798200 69.349467
20130208 75.169998 75.610001 74.730003 75.480003 8153300 69.737519
20130211 75.279999 75.50 75.050003 75.410004 5697100 69.672845
20130212 75.419998 75.860001 75.419998 75.800003 7598900 70.033173
20130213 75.790001 75.870003 75.370003 75.660004 8014800 69.903825
20130214 75.50 76.089996 75.379997 75.809998 9681800 70.042407
20130215 75.720001 76.160004 75.510002 76.160004 10528400 70.365785
20130219 76.029999 77.00 75.959999 76.959999 9747400 71.104917
20130220 76.790001 76.970001 76.540001 76.650002 7857500 70.818504
20130221 76.470001 77.019997 76.379997 76.870003 9465700 71.021768
20130222 76.389999 76.489998 75.970001 76.25 8571500 71.012456
20130225 76.470001 76.660004 75.57 75.57 10603300 70.379164
20130226 75.879997 76.339996 75.50 75.75 10742100 70.5468
20130227 75.68 76.449997 75.599998 76.32 8180300 71.077647
20130228 76.230003 76.489998 76.110001 76.110001 11806300 70.882073
20130301 75.790001 76.769997 75.730003 76.699997 9528300 71.431543
20130304 76.730003 77.279999 76.730003 77.199997 12628000 71.897198
20130305 77.559998 77.709999 77.440002 77.660004 9399400 72.325607
20130306 77.690002 77.739998 77.220001 77.389999 8535200 72.074149
20130307 77.620003 77.959999 77.589996 77.75 7996500 72.409422
20130308 77.839996 78.220001 77.699997 78.190002 8554100 72.819201
20130311 77.919998 78.519997 77.839996 78.440002 8807600 73.052029
20130312 78.50 78.690002 78.209999 78.559998 8790500 73.163781
20130313 78.519997 78.669998 78.199997 78.550003 7983400 73.154473
20130314 78.669998 79.099998 78.489998 79.099998 10130400 73.66669
20130315 78.620003 79.239998 78.620003 79.190002 18296500 73.750512
20130318 78.720001 79.190002 78.699997 78.809998 8005400 73.396609
20130319 78.980003 79.089996 78.50 78.860001 7095800 73.443178
20130320 79.18 79.610001 79.169998 79.449997 8000800 73.992648
20130321 79.120003 79.50 78.769997 79.010002 8436300 73.582876
20130322 79.110001 79.739998 79.019997 79.739998 6873100 74.262729
20130325 79.830002 79.940002 79.470001 79.68 9616600 74.206852
20130326 79.93 80.879997 79.849998 80.849998 12682900 75.296484
20130327 80.559998 81.349998 80.269997 81.269997 10703400 75.687633
20130328 81.370003 81.589996 80.949997 81.529999 11332100 75.929776
20130401 81.389999 81.959999 81.279999 81.93 7376800 76.302302
20130402 82.00 82.690002 81.900002 82.690002 10342200 77.0101
20130403 82.739998 82.949997 81.57 82.07 12254000 76.432685
20130404 82.199997 82.720001 81.93 82.410004 10303000 76.749334
20130405 81.790001 82.110001 81.620003 82.040001 8581400 76.404746
20130408 81.269997 81.389999 80.309998 81.110001 15828500 75.538627
20130409 81.260002 81.75 81.239998 81.519997 9111000 75.920461
20130410 81.830002 82.199997 81.739998 82.019997 7583200 76.386116
20130411 82.139999 82.959999 82.080002 82.32 9882700 76.665512
20130412 82.25 82.739998 82.169998 82.739998 6987000 77.056661
20130415 82.720001 83.089996 81.709999 81.709999 12385800 76.097412
20130416 82.330002 83.540001 82.07 83.440002 12620000 77.708583
20130417 83.360001 84.43 83.290001 83.900002 13693300 78.136985
20130418 83.959999 84.300003 83.029999 83.18 9921500 77.46644
20130419 83.510002 84.57 83.470001 84.489998 10787600 78.686455
20130422 84.589996 84.93 84.199997 84.830002 6989900 79.003105
20130423 84.989998 85.68 84.00 85.449997 8982100 79.580513
20130424 85.68 85.739998 84.279999 84.389999 9480600 78.593326
20130425 84.540001 85.440002 84.339996 85.220001 8689400 79.366315
20130426 85.300003 85.489998 84.809998 85.120003 6784700 79.273186
20130429 85.019997 85.889999 84.910004 85.580002 8038000 79.701588
20130430 85.389999 85.699997 84.889999 85.230003 12099600 79.37563
20130501 84.50 85.129997 83.879997 84.230003 12312100 78.44432
20130502 84.440002 85.209999 84.169998 85.160004 8668900 79.310439
20130503 85.580002 85.989998 85.449997 85.75 9213800 79.859909
20130506 85.779999 85.779999 84.550003 84.68 8815600 78.863407
20130507 84.870003 85.57 84.629997 85.529999 9061800 79.655019
20130508 85.480003 85.599998 84.93 85.459999 8044600 79.589828
20130509 85.449997 85.690002 84.959999 85.150002 8342000 79.301124
20130510 85.290001 85.760002 85.18 85.760002 7594800 79.869224
20130513 85.559998 86.07 85.440002 85.849998 6631500 79.953039
20130514 85.760002 87.080002 85.760002 86.970001 10360700 80.996109
20130515 86.940002 87.879997 86.940002 87.639999 13444400 81.620086
20130516 87.330002 87.769997 87.059998 87.449997 9441900 81.443135
20130517 87.470001 88.199997 87.410004 88.089996 11437700 82.039173
20130520 88.099998 88.199997 87.809998 88.010002 7235800 81.964674
20130521 87.940002 88.639999 87.790001 88.589996 10099600 82.504829
20130522 88.699997 89.989998 88.199997 88.459999 13825900 82.383761
20130523 87.110001 87.970001 87.00 87.209999 14446900 81.830157
20130524 86.800003 87.029999 86.489998 86.82 10390100 81.464216
20130528 87.540001 88.290001 87.269997 87.610001 8380200 82.205483
20130529 87.080002 87.160004 85.139999 85.650002 11872100 80.366393
20130530 85.709999 86.309998 85.68 85.989998 7801200 80.685416
20130531 85.68 85.989998 84.18 84.18 13302700 78.987074
20130603 84.279999 84.709999 83.370003 84.709999 11768500 79.484378
20130604 84.720001 85.029999 83.559998 84.099998 9972000 78.912007
20130605 83.910004 85.00 83.480003 83.68 9839100 78.517918
20130606 83.589996 84.459999 82.650002 84.459999 10671000 79.2498
20130607 84.959999 85.18 84.400002 84.910004 8907700 79.672044
20130610 85.010002 85.709999 84.730003 85.139999 8477100 79.887852
20130611 84.760002 85.019997 84.129997 84.690002 8967000 79.465615
20130612 85.18 85.50 83.699997 83.739998 8413200 78.574214
20130613 83.599998 84.959999 83.080002 84.910004 8570000 79.672044
20130614 84.709999 85.480003 84.660004 84.910004 6357100 79.672044
20130617 85.370003 86.400002 84.980003 85.629997 8429100 80.347623
20130618 85.75 86.440002 85.629997 86.360001 7233600 81.032593
20130619 86.43 86.50 84.800003 84.860001 8288400 79.625126
20130620 84.209999 84.449997 82.120003 82.620003 15172600 77.52331
20130621 83.00 84.32 82.50 83.199997 20715800 78.067525
20130624 82.919998 85.309998 82.809998 84.610001 14777500 79.390548
20130625 85.160004 85.589996 84.540001 85.349998 11239400 80.084897
20130626 85.949997 87.32 85.940002 86.989998 11966500 81.623727
20130627 87.529999 87.82 86.489998 86.709999 8890300 81.361001
20130628 86.720001 87.379997 85.849998 85.860001 11896300 80.563438
20130701 85.720001 87.639999 85.50 86.629997 9905200 81.285934
20130702 86.650002 87.199997 86.209999 86.57 8572100 81.229638
20130703 86.540001 87.040001 86.099998 86.779999 3599900 81.426683
20130705 87.580002 87.879997 86.919998 87.870003 5403600 82.449446
20130708 88.089996 88.989998 87.970001 88.589996 12051400 83.125024
20130709 88.650002 89.080002 88.360001 88.879997 9348600 83.397136
20130710 88.879997 89.480003 88.809998 89.239998 7067100 83.734928
20130711 89.809998 89.93 89.00 89.669998 8941300 84.138403
20130712 89.690002 89.989998 89.379997 89.989998 7590600 84.438662
20130715 89.910004 90.809998 89.760002 90.400002 13343200 84.823373
20130716 91.040001 91.660004 90.129997 90.400002 11409200 84.823373
20130717 90.580002 90.970001 89.879997 90.129997 12832200 84.570025
20130718 90.330002 90.949997 90.059998 90.169998 8329300 84.607559
20130719 90.239998 92.269997 90.050003 92.230003 12506300 86.540485
20130722 92.080002 92.559998 91.610001 92.279999 9916200 86.587397
20130723 92.389999 92.860001 92.110001 92.419998 8467700 86.71876
20130724 92.650002 92.660004 91.75 92.360001 6846300 86.662463
20130725 92.00 92.75 91.75 92.57 7368000 86.859508
20130726 92.32 92.93 91.650002 92.830002 8663700 87.103471
20130729 92.629997 93.389999 92.610001 93.209999 7925000 87.460027
20130730 93.470001 93.970001 93.019997 93.169998 8863000 87.422493
20130731 93.230003 94.419998 93.190002 93.50 11365700 87.732138
20130801 94.160004 94.400002 93.699997 93.769997 11098600 87.985479
20130802 93.559998 94.389999 93.449997 94.389999 8503100 88.567235
20130805 94.050003 94.300003 93.43 93.800003 7192400 88.013634
20130806 93.879997 93.940002 93.50 93.809998 6415000 88.023012
20130807 93.599998 94.029999 93.470001 93.660004 9056900 87.882271
20130808 94.269997 94.370003 92.709999 93.339996 11090000 87.582005
20130809 93.389999 93.389999 91.779999 92.360001 12135800 86.662463
20130812 92.080002 92.769997 91.75 92.00 11012300 86.324671
20130813 91.889999 93.349998 91.760002 93.010002 10099800 87.272367
20130814 92.790001 92.949997 90.510002 90.699997 12716800 85.104863
20130815 90.32 90.410004 89.089996 89.550003 12010700 84.02581
20130816 89.129997 89.800003 88.769997 89.370003 14100700 83.856914
20130819 89.470001 91.25 89.349998 90.449997 8687000 84.870285
20130820 90.550003 91.650002 89.730003 89.730003 8559200 84.194706
20130821 89.470001 89.629997 88.68 88.800003 7940700 83.322076
20130822 88.760002 89.029999 88.120003 88.260002 7191900 82.815387
20130823 87.93 88.440002 87.209999 88.410004 7714900 83.581147
20130826 88.360001 88.480003 87.389999 87.529999 6724500 82.749207
20130827 86.970001 87.080002 85.959999 86.169998 9941200 81.463488
20130828 86.360001 86.910004 85.879997 86.529999 8829200 81.803826
20130829 86.410004 87.139999 85.989998 86.57 5768800 81.841642
20130830 86.779999 86.779999 85.849998 86.410004 7471300 81.690385
20130903 86.889999 87.300003 86.029999 86.419998 7590500 81.699833
20130904 86.459999 87.25 86.25 86.900002 8458800 82.153619
20130905 87.00 87.169998 86.620003 87.040001 5647900 82.285972
20130906 87.220001 87.919998 86.00 87.160004 10034900 82.399421
20130909 87.389999 87.599998 87.010002 87.559998 6819700 82.777567
20130910 88.139999 88.580002 87.849998 88.529999 8658700 83.694588
20130911 88.629997 89.269997 88.139999 89.230003 8098100 84.356359
20130912 89.300003 89.57 88.879997 89.010002 7938500 84.148374
20130913 89.129997 89.25 88.199997 88.57 7738600 83.732404
20130916 89.43 89.57 88.830002 89.029999 7563700 84.167279
20130917 89.050003 89.220001 88.580002 89.059998 6291100 84.195639
20130918 88.910004 89.910004 88.300003 89.910004 10115500 84.999219
20130919 90.050003 90.199997 89.790001 90.07 6721000 85.150476
20130920 90.199997 90.720001 89.68 89.68 14708600 84.781778
20130923 89.43 89.75 88.809998 89.089996 7376200 84.223999
20130924 89.019997 89.199997 88.150002 88.220001 7797500 83.401522
20130925 88.419998 88.470001 87.07 87.080002 7493200 82.323788
20130926 87.279999 87.699997 86.720001 87.07 6400600 82.314333
20130927 86.809998 86.940002 86.440002 86.730003 5461100 81.992906
20130930 86.330002 86.949997 86.150002 86.690002 7962300 81.95509
20131001 86.589996 87.489998 86.260002 87.470001 6318700 82.692486
20131002 87.129997 87.290001 86.440002 87.290001 6383400 82.522318
20131003 87.190002 87.400002 86.279999 86.580002 7724600 81.851098
20131004 86.82 87.419998 86.559998 87.309998 6050000 82.541222
20131007 86.699997 86.980003 86.290001 86.589996 5705200 81.860546
20131008 86.620003 86.739998 85.57 85.610001 8669800 80.934077
20131009 85.93 86.230003 85.50 85.959999 8014200 81.264959
20131010 86.720001 87.779999 86.699997 87.779999 8647900 82.985552
20131011 88.620003 89.480003 88.019997 89.449997 8449800 84.564337
20131014 88.830002 89.889999 88.629997 89.800003 9198600 84.895226
20131015 90.330002 91.459999 89.93 89.93 11024000 85.018123
20131016 90.419998 91.169998 90.160004 91.110001 8116000 86.133673
20131017 90.870003 92.00 90.769997 91.970001 8569600 86.946701
20131018 91.75 92.050003 91.139999 91.629997 9082600 86.625268
20131021 91.629997 91.629997 90.769997 91.199997 6940500 86.218754
20131022 91.529999 92.559998 91.50 92.360001 9635500 87.315399
20131023 92.07 92.43 91.519997 92.099998 6449600 87.069598
20131024 92.650002 92.989998 92.139999 92.349998 5251000 87.305944
20131025 92.040001 92.269997 91.779999 92.089996 6076000 87.060142
20131028 91.959999 92.800003 91.919998 92.389999 6551000 87.34376
20131029 92.800003 93.18 92.580002 93.139999 6096700 88.052796
20131030 93.269997 93.449997 92.650002 92.790001 6295400 87.721914
20131031 92.849998 93.349998 92.32 92.610001 7773900 87.551745
20131101 92.379997 93.580002 92.379997 93.370003 6835900 88.270236
20131104 93.459999 93.50 92.43 93.029999 6862500 87.948803
20131105 92.540001 92.949997 92.279999 92.809998 5350600 87.740818
20131106 93.029999 93.199997 92.720001 93.040001 5301300 87.958259
20131107 93.190002 93.349998 92.690002 92.690002 6116900 87.627377
20131108 92.629997 94.099998 92.559998 94.050003 7229500 88.913096
20131111 93.970001 94.639999 93.940002 94.290001 4723100 89.139985
20131112 93.980003 94.089996 93.00 93.559998 7639600 88.449854
20131113 93.360001 93.449997 92.32 93.339996 8954300 88.241869
20131114 93.400002 94.139999 93.400002 93.919998 7045700 88.790192
20131115 93.629997 94.400002 93.550003 94.389999 7063000 89.234522
20131118 94.360001 94.599998 94.010002 94.300003 8492000 89.149441
20131119 94.269997 94.919998 94.00 94.860001 6624200 89.678852
20131120 94.940002 95.470001 94.660004 95.150002 7076500 89.953014
20131121 95.459999 95.75 95.050003 95.199997 6896200 90.000278
20131122 94.389999 95.580002 94.389999 95.25 6462100 90.676185
20131125 95.489998 95.989998 95.080002 95.629997 6374600 91.037935
20131126 95.580002 95.870003 94.970001 95.059998 7267600 90.495307
20131127 95.339996 95.370003 94.610001 94.980003 4603800 90.419154
20131129 95.230003 95.50 94.43 94.660004 4106800 90.11452
20131202 94.410004 94.660004 93.970001 94.279999 5827400 89.752763
20131203 94.199997 94.559998 93.510002 93.970001 9061100 89.457651
20131204 93.760002 94.25 93.129997 93.629997 6218500 89.133974
20131205 93.419998 93.629997 92.660004 92.970001 8666200 88.50567
20131206 93.599998 94.480003 93.419998 94.440002 7280400 89.905083
20131209 94.300003 94.480003 93.699997 94.440002 6974500 89.905083
20131210 94.580002 94.790001 93.959999 94.139999 7576600 89.619486
20131211 94.400002 94.449997 93.029999 93.110001 9424300 88.638947
20131212 92.839996 92.860001 91.07 91.160004 12285700 86.782587
20131213 91.459999 91.860001 91.080002 91.349998 7909000 86.963458
20131216 91.419998 92.32 91.160004 91.370003 6623000 86.982502
20131217 91.300003 91.330002 90.50 90.660004 8794000 86.306596
20131218 90.949997 92.660004 89.769997 92.639999 9691100 88.191514
20131219 92.400002 92.400002 91.419998 91.980003 7341000 87.563211
20131220 91.949997 92.75 91.949997 92.089996 11265000 87.667922
20131223 92.559998 92.68 91.760002 92.029999 5312200 87.610806
20131224 92.18 92.389999 91.849998 92.059998 3147300 87.639364
20131226 91.989998 92.540001 91.769997 92.540001 3459100 88.096318
20131227 92.769997 92.959999 92.18 92.349998 3511300 87.915439
20131230 92.160004 92.300003 91.730003 92.300003 4370100 87.867844
20131231 92.169998 92.220001 91.150002 91.589996 6348200 87.191932
20140102 91.139999 91.730003 91.010002 91.029999 5919600 86.658825
20140103 91.290001 92.220001 91.260002 91.849998 5637600 87.439449
20140106 91.93 92.75 91.870003 92.330002 7443500 87.896403
20140107 93.040001 94.620003 92.989998 94.290001 11063300 89.762285
20140108 94.169998 94.599998 93.879997 94.160004 9096700 89.63853
20140109 94.940002 95.379997 94.089996 94.730003 7944700 90.181158
20140110 94.639999 94.980003 94.139999 94.739998 6697400 90.190673
20140113 94.370003 94.989998 94.059998 94.50 9589200 89.9622
20140114 94.599998 94.900002 94.32 94.720001 7567300 90.171637
20140115 94.650002 95.269997 94.510002 94.800003 7390700 90.247797
20140116 94.599998 95.089996 94.230003 94.639999 8401100 90.095476
20140117 94.720001 95.169998 94.379997 95.059998 13714400 90.495307
20140121 94.93 95.099998 92.620003 94.029999 16368400 89.514767
20140122 93.989998 94.550003 93.540001 94.32 8875500 89.790843
20140123 93.739998 93.800003 92.410004 92.739998 9322300 88.286711
20140124 92.120003 92.610001 90.610001 90.610001 10604200 86.258994
20140127 90.300003 90.760002 89.849998 89.940002 8685200 85.621169
20140128 90.580002 90.599998 89.790001 90.099998 8254400 85.773482
20140129 89.470001 89.709999 88.529999 88.900002 11160100 84.631108
20140130 89.620003 89.779999 89.010002 89.50 6874900 85.202295
20140131 89.010002 89.339996 88.150002 88.470001 12193800 84.221756
20140203 88.75 88.779999 86.610001 86.779999 13944600 82.612906
20140204 86.93 87.279999 86.089996 86.620003 11436400 82.460592
20140205 86.489998 87.669998 86.480003 87.279999 10667300 83.088896
20140206 87.629997 88.760002 87.550003 88.75 10037900 84.488309
20140207 88.919998 90.040001 88.610001 90.040001 9435100 85.716365
20140210 90.239998 91.080002 89.800003 91.07 8080200 86.696905
20140211 91.089996 92.970001 90.949997 92.970001 11556300 88.50567
20140212 92.949997 92.989998 91.949997 92.419998 7696100 87.982078
20140213 92.00 92.620003 91.709999 92.559998 5926000 88.115354
20140214 92.599998 92.949997 92.029999 92.760002 5485100 88.305755
20140218 92.769997 92.849998 92.089996 92.169998 6926500 87.744082
20140219 92.150002 92.75 91.57 91.639999 7693400 87.239534
20140220 91.690002 92.730003 91.309998 92.379997 8160100 87.943997
20140221 91.860001 92.25 91.449997 91.519997 7381500 87.752233
20140224 91.449997 92.059998 91.099998 91.110001 8406700 87.359116
20140225 91.589996 91.870003 90.660004 91.110001 6383400 87.359116
20140226 91.110001 91.540001 90.769997 91.110001 6334100 87.359116
20140227 91.160004 91.419998 90.75 91.360001 7040300 87.598824
20140228 91.419998 92.639999 91.059998 92.120003 9643700 88.327537
20140303 91.129997 91.980003 90.830002 91.559998 7506700 87.790587
20140304 92.470001 93.459999 92.25 93.339996 8796300 89.497305
20140305 93.269997 93.300003 92.379997 92.589996 6842500 88.778182
20140306 93.190002 93.650002 92.82 92.889999 7718300 89.065834
20140307 93.370003 93.480003 92.690002 93.32 6792000 89.478132
20140310 93.169998 93.489998 92.790001 93.449997 4878200 89.602777
20140311 93.709999 93.75 93.089996 93.489998 5837200 89.641132
20140312 92.82 93.620003 92.650002 93.599998 6154900 89.746604
20140313 93.849998 94.199997 92.980003 93.00 7659400 89.171306
20140314 92.879997 93.440002 92.459999 92.809998 7337800 88.989126
20140317 93.260002 94.18 93.18 93.93 5872600 90.06302
20140318 93.900002 94.239998 93.480003 93.940002 5891900 90.07261
20140319 93.889999 94.360001 92.919998 93.589996 5937600 89.737013
20140320 93.519997 94.190002 92.959999 94.120003 5727400 90.2452
20140321 94.769997 95.93 93.879997 95.93 23988800 91.980682
20140324 95.300003 95.43 94.540001 95.199997 13944100 91.280732
20140325 95.699997 97.699997 95.699997 97.379997 14167300 93.370985
20140326 97.510002 98.470001 97.050003 97.050003 11215100 93.054576
20140327 97.080002 97.699997 96.260002 97.279999 8694600 93.275103
20140328 97.510002 98.220001 96.959999 97.440002 8816000 93.428519
20140331 98.00 98.599998 97.610001 98.230003 7545700 94.185997
20140401 98.309998 98.68 97.370003 97.940002 7068500 93.907935
20140402 98.010002 98.389999 97.370003 98.230003 7995600 94.185997
20140403 97.970001 98.339996 97.529999 98.260002 5471200 94.214761
20140404 98.620003 99.379997 98.32 98.419998 10309700 94.36817
20140407 98.389999 99.360001 97.830002 97.889999 11409200 93.859991
20140408 98.029999 98.730003 97.50 98.059998 9601800 94.02299
20140409 98.419998 99.00 97.779999 98.949997 8921300 94.876349
20140410 98.860001 98.93 96.519997 96.540001 9667800 92.56557
20140411 96.199997 97.199997 96.050003 96.870003 8710700 92.881986
20140414 97.279999 97.360001 96.25 97.139999 8617200 93.140867
20140415 98.449997 99.209999 98.050003 99.199997 13999100 95.116057
20140416 99.57 99.709999 98.07 98.75 11308000 94.684586
20140417 98.690002 99.650002 98.690002 98.959999 9153500 94.88594
20140421 99.010002 100.129997 98.669998 100.00 7031400 95.883125
20140422 100.00 100.75 99.739998 100.18 7937900 96.055715
20140423 100.239998 100.559998 99.919998 100.220001 5876000 96.094069
20140424 100.239998 100.370003 99.550003 99.959999 6149900 95.844771
20140425 99.970001 100.260002 99.400002 99.790001 5895900 95.681771
20140428 100.559998 101.50 100.120003 101.339996 8792900 97.167955
20140429 101.629997 101.980003 100.959999 101.029999 7811200 96.87072
20140430 100.839996 101.669998 100.699997 101.290001 8513600 97.120018
20140501 100.769997 101.029999 99.93 100.529999 6590500 96.391304
20140502 100.169998 100.379997 98.879997 99.309998 8744200 95.221529
20140505 99.290001 100.169998 99.040001 100.00 5438200 95.883125
20140506 100.019997 100.019997 99.510002 99.510002 5795900 95.4133
20140507 99.849998 101.050003 99.349998 100.910004 8720800 96.755665
20140508 100.669998 101.089996 100.360001 100.50 5667900 96.362541
20140509 100.860001 101.25 100.410004 100.910004 5691700 96.755665
20140512 101.239998 101.239998 100.419998 100.519997 7437300 96.381714
20140513 100.900002 101.489998 100.629997 101.019997 6183200 96.86113
20140514 100.949997 101.099998 100.769997 100.870003 4187200 96.717311
20140515 100.639999 100.839996 100.410004 100.690002 7007600 96.544721
20140516 100.57 100.889999 100.139999 100.580002 6516900 96.439249
20140519 100.220001 100.93 100.129997 100.639999 6997200 96.496776
20140520 100.809998 100.980003 99.959999 100.25 5438400 96.122833
20140521 100.599998 101.199997 100.529999 101.139999 5302500 96.976192
20140522 100.580002 101.010002 100.080002 100.959999 5124900 97.478257
20140523 101.040001 101.160004 100.669998 100.980003 5275700 97.497571
20140527 101.099998 101.360001 100.269997 100.809998 4524400 97.333428
20140528 100.669998 100.93 100.120003 100.300003 4352700 96.841022
20140529 100.559998 100.800003 100.150002 100.760002 3685200 97.285157
20140530 100.699997 101.540001 100.550003 101.459999 5973900 97.961014
20140602 101.540001 102.260002 101.010002 102.169998 5845400 98.646528
20140603 101.910004 102.599998 101.839996 102.459999 6681300 98.926527
20140604 102.230003 102.709999 101.940002 102.68 5608600 99.138942
20140605 102.779999 103.360001 102.419998 103.220001 4730900 99.66032
20140606 103.25 103.330002 102.839996 103.18 4624000 99.621698
20140609 103.07 103.230003 102.68 103.220001 3748800 99.66032
20140610 103.470001 104.120003 102.769997 104.099998 5792100 100.509969
20140611 103.809998 104.150002 103.129997 103.32 5960500 99.75687
20140612 103.18 103.209999 102.510002 102.529999 5930700 98.994113
20140613 102.510002 102.650002 102.169998 102.529999 4301600 98.994113
20140616 102.519997 102.889999 101.839996 102.449997 5645500 98.91687
20140617 102.129997 102.199997 101.379997 101.93 4834600 98.414806
20140618 101.910004 102.830002 101.860001 102.809998 5445000 99.264456
20140619 102.93 103.870003 102.809998 103.809998 5481500 100.229969
20140620 104.370003 105.480003 104.07 105.269997 12459700 101.639618
20140623 104.910004 105.120003 104.440002 104.75 6063200 101.137554
20140624 104.629997 105.230003 104.550003 104.589996 5915000 100.983069
20140625 104.230003 105.870003 104.230003 105.760002 6411100 102.112725
20140626 105.839996 105.970001 105.029999 105.650002 5106900 102.006518
20140627 105.470001 105.589996 104.449997 104.989998 6463000 101.369276
20140630 105.620003 106.00 104.519997 104.620003 6944200 101.01204
20140701 105.150002 106.00 104.989998 105.870003 5129200 102.218932
20140702 105.699997 105.970001 105.300003 105.860001 3764900 102.209275
20140703 105.870003 106.25 105.110001 105.419998 4199100 101.784447
20140707 105.419998 106.739998 105.269997 106.470001 7014900 102.798239
20140708 106.209999 106.25 105.519997 105.720001 6268400 102.074104
20140709 106.00 106.209999 105.720001 106.040001 5720900 102.383068
20140710 105.080002 106.00 104.519997 105.800003 4955100 102.151347
20140711 105.839996 106.010002 104.860001 105.099998 5461000 101.475483
20140714 105.379997 105.489998 105.110001 105.379997 7784800 101.745825
20140715 105.230003 105.470001 102.769997 103.279999 14219700 99.718248
20140716 103.529999 103.669998 101.949997 102.220001 11946800 98.694806
20140717 101.900002 102.099998 100.260002 100.370003 11218900 96.908607
20140718 100.669998 101.959999 100.370003 101.800003 8408400 98.289292
20140721 101.440002 101.580002 101.019997 101.269997 6379900 97.777564
20140722 101.910004 102.540001 101.779999 102.470001 6554100 98.936185
20140723 102.800003 102.93 101.879997 102.190002 4815300 98.665842
20140724 102.339996 102.730003 102.019997 102.199997 5177200 98.675492
20140725 102.269997 102.400002 101.800003 102.110001 3951500 98.588599
20140728 101.889999 102.400002 101.660004 102.110001 4634800 98.588599
20140729 102.449997 102.510002 101.690002 101.959999 6053900 98.443771
20140730 102.269997 102.849998 101.809998 102.300003 5994800 98.772049
20140731 101.769997 101.839996 100.050003 100.089996 9141500 96.638257
20140801 99.760002 100.410004 98.800003 99.900002 8610700 96.454815
20140804 99.989998 100.379997 99.32 100.160004 6790800 96.70585
20140805 99.830002 100.239998 99.550003 99.82 6230900 96.377572
20140806 99.669998 100.830002 99.599998 100.709999 7412100 97.236878
20140807 101.089996 101.190002 99.580002 99.93 7417800 96.483779
20140808 100.209999 101.150002 99.769997 101.080002 5618400 97.594121
20140811 101.620003 101.779999 101.010002 101.160004 5703000 97.671364
20140812 101.00 101.220001 100.309998 100.629997 4577700 97.159636
20140813 101.150002 101.949997 101.150002 101.739998 4563700 98.231356
20140814 101.889999 102.050003 101.50 102.019997 5239400 98.501699
20140815 102.209999 102.440002 100.800003 101.169998 6986000 97.681014
20140818 101.919998 102.720001 101.75 102.699997 5979500 99.158249
20140819 102.730003 102.959999 102.019997 102.959999 5670000 99.409284
20140820 102.870003 103.300003 102.699997 103.209999 5183000 99.650663
20140821 103.330002 104.419998 103.330002 104.190002 8357600 100.596869
20140822 103.629997 104.029999 102.970001 103.099998 5076300 100.217771
20140825 103.650002 103.809998 103.089996 103.230003 3678200 100.344141
20140826 103.470001 103.720001 103.169998 103.440002 3512400 100.54827
20140827 103.599998 103.720001 102.910004 103.220001 4786100 100.334419
20140828 102.900002 103.190002 102.709999 102.949997 3482200 100.071963
20140829 103.099998 103.760002 103.010002 103.730003 5287800 100.830164
20140902 103.300003 103.709999 103.019997 103.360001 4644800 100.470504
20140903 103.82 104.099998 103.540001 103.760002 4725800 100.859324
20140904 103.989998 104.099998 103.760002 103.839996 6147700 100.937082
20140905 103.919998 104.419998 103.339996 104.419998 5744400 101.500869
20140908 104.419998 104.580002 103.830002 104.050003 4900300 101.141217
20140909 104.400002 104.400002 103.550003 103.800003 5999400 100.898206
20140910 104.190002 105.339996 103.959999 104.989998 7402200 102.054934
20140911 104.779999 104.889999 104.099998 104.550003 4834100 101.62724
20140912 104.540001 104.809998 103.959999 104.580002 5929200 101.6564
20140915 104.589996 104.910004 104.349998 104.720001 4525500 101.792485
20140916 104.489998 105.940002 104.300003 105.879997 6081400 102.920053
20140917 105.879997 106.629997 105.800003 106.190002 6627800 103.221392
20140918 106.18 107.410004 106.029999 107.349998 6628700 104.348959
20140919 107.889999 108.370003 107.620003 107.989998 13033400 104.971067
20140922 108.00 108.25 107.779999 107.879997 5788300 104.864142
20140923 107.769997 108.099998 107.190002 107.459999 8108100 104.455885
20140924 107.699997 108.769997 107.339996 108.639999 5890900 105.602897
20140925 108.529999 108.550003 107.07 107.099998 5688200 104.105948
20140926 107.410004 107.489998 106.199997 107.099998 4467500 104.105948
20140929 106.379997 106.650002 106.040001 106.540001 6581600 103.561606
20140930 106.50 107.209999 106.449997 106.589996 6822500 103.610204
20141001 105.980003 106.279999 103.949997 104.300003 12263700 101.384229
20141002 104.059998 104.540001 103.25 103.849998 7566100 100.946804
20141003 104.230003 105.190002 104.129997 105.129997 6856100 102.19102
20141006 105.68 106.00 104.370003 104.860001 5015100 101.928571
20141007 104.459999 104.459999 102.339996 102.389999 8407800 99.52762
20141008 102.43 105.029999 102.040001 104.910004 8337000 101.977176
20141009 104.629997 104.860001 101.790001 102.080002 10675900 99.226289
20141010 102.349998 102.529999 101.230003 101.230003 9984100 98.400053
20141013 101.459999 101.459999 99.019997 99.120003 10334600 96.349039
20141014 100.529999 100.900002 95.339996 97.010002 20807400 94.298024
20141015 96.050003 98.720001 95.099998 98.209999 21905900 95.464475
20141016 96.970001 98.00 96.50 96.779999 14575300 94.074451
20141017 97.540001 99.150002 97.309998 98.699997 12272900 95.940774
20141020 98.830002 99.199997 98.32 99.199997 7988900 96.426796
20141021 99.830002 100.379997 99.339996 100.360001 7287300 97.554371
20141022 101.099998 101.790001 100.519997 101.220001 9360100 98.39033
20141023 102.260002 102.980003 101.940002 102.629997 7570400 99.760909
20141024 102.949997 103.290001 102.209999 103.129997 5973100 100.246931
20141027 103.07 104.239998 103.040001 104.07 7043900 101.160655
20141028 104.550003 104.800003 103.559998 104.790001 10222100 101.860528
20141029 105.00 105.559998 104.860001 105.559998 8188300 102.608999
20141030 105.169998 107.050003 104.910004 107.040001 9067700 104.047628
20141031 107.940002 108.18 107.260002 107.779999 10800100 104.766939
20141103 107.830002 108.120003 106.75 107.459999 7082600 104.455885
20141104 107.889999 108.730003 107.339996 108.620003 9349000 105.58346
20141105 109.050003 109.260002 107.949997 108.82 6966800 105.777866
20141106 108.93 109.32 108.550003 109.010002 6200300 105.962557
20141107 109.00 109.029999 107.919998 108.199997 6652600 105.175196
20141110 108.07 108.919998 107.199997 108.82 7573300 105.777866
20141111 108.879997 109.400002 108.550003 108.910004 6221100 105.865354
20141112 108.669998 109.00 108.389999 108.75 4889400 105.709823
20141113 109.050003 109.489998 108.50 109.07 4859600 106.020877
20141114 108.919998 109.059998 108.010002 108.160004 5650700 105.13632
20141117 108.00 108.690002 107.610001 108.300003 5232700 105.272406
20141118 108.129997 109.059998 107.720001 108.830002 5407200 105.787588
20141119 108.449997 108.809998 108.099998 108.760002 5217800 105.719545
20141120 108.550003 108.57 107.690002 108.18 8085600 105.155758
20141121 108.730003 108.730003 107.620003 107.860001 8417300 105.527536
20141124 107.919998 108.230003 106.639999 106.879997 9097800 104.568726
20141125 106.980003 107.190002 106.699997 106.699997 7362400 104.392618
20141126 106.769997 107.25 106.599998 107.209999 5503700 104.891591
20141128 107.610001 108.82 107.330002 108.25 5881200 105.909102
20141201 107.889999 108.809998 107.349998 108.029999 5638800 105.693858
20141202 107.970001 108.529999 107.50 108.510002 6181400 106.163482
20141203 108.540001 108.989998 107.650002 107.720001 8957400 105.390565
20141204 108.089996 108.300003 107.379997 107.559998 6697600 105.234021
20141205 107.529999 108.739998 107.220001 108.510002 6449700 106.163482
20141208 108.419998 108.879997 108.139999 108.519997 6499300 106.17326
20141209 108.220001 108.470001 106.889999 108.050003 7214300 105.71343
20141210 107.610001 107.959999 106.150002 106.239998 9416400 103.942566
20141211 105.849998 107.309998 105.360001 106.720001 7114600 104.412189
20141212 106.650002 106.870003 104.389999 104.43 8325500 102.17171
20141215 104.769997 105.059998 103.629997 103.959999 12110600 101.711872
20141216 103.480003 105.209999 102.50 102.760002 10209200 100.537825
20141217 103.269997 104.489998 102.699997 104.07 10207600 101.819494
20141218 105.620003 106.82 104.739998 106.809998 11756800 104.50024
20141219 106.629997 107.389999 105.50 105.550003 19154400 103.267492
20141222 105.690002 106.830002 105.669998 106.739998 8124500 104.431754
20141223 106.660004 106.910004 103.919998 104.279999 10171700 102.024952
20141224 104.379997 105.330002 104.379997 104.589996 3415100 102.328246
20141226 105.07 105.690002 104.690002 105.059998 2947800 102.788083
20141229 104.639999 105.690002 104.610001 105.330002 4273400 103.052249
20141230 105.419998 105.800003 105.059998 105.360001 4371700 103.081599
20141231 105.610001 106.110001 104.540001 104.57 6202100 102.308682
20150102 105.050003 105.550003 104.129997 104.519997 5753600 102.25976
20150105 104.480003 104.730003 103.68 103.790001 8079300 101.54555
20150106 104.339996 104.989998 102.940002 103.279999 7428000 101.046577
20150107 103.910004 105.830002 103.809998 105.559998 7931700 103.277271
20150108 106.059998 106.489998 105.75 106.389999 9916000 104.089324
20150109 106.50 106.50 104.75 104.940002 7360100 102.670683
20150112 105.169998 105.82 104.300003 104.580002 6839000 102.318467
20150113 105.440002 106.330002 104.239998 104.760002 10151100 102.494575
20150114 103.860001 104.43 103.510002 104.00 8887700 101.751008
20150115 104.00 104.00 101.949997 102.489998 10834800 100.27366
20150116 102.059998 104.620003 102.00 104.040001 14092300 101.790144
20150120 101.550003 102.050003 100.260002 101.290001 20460000 99.099612
20150121 100.559998 102.099998 100.400002 101.900002 11702900 99.696422
20150122 102.389999 103.830002 101.57 103.760002 9036600 101.5162
20150123 102.940002 102.970001 101.940002 102.199997 10126000 99.98993
20150126 101.800003 102.449997 101.209999 102.260002 8962800 100.048637
20150127 101.830002 102.769997 100.93 102.089996 10160500 99.882308
20150128 102.480003 102.93 101.440002 101.480003 9053200 99.285506
20150129 101.510002 102.459999 100.669998 102.379997 7569300 100.166038
20150130 101.580002 102.00 100.089996 100.139999 10676300 97.97448
20150202 100.489998 100.849998 99.379997 100.830002 8990700 98.649561
20150203 101.400002 102.559998 101.120003 102.459999 10005200 100.24431
20150204 102.120003 102.449997 101.019997 101.360001 9514100 99.168098
20150205 101.57 102.559998 101.459999 102.459999 6642200 100.24431
20150206 102.110001 102.449997 100.830002 101.099998 9118500 98.913719
20150209 101.059998 101.059998 99.099998 99.779999 9851700 97.622264
20150210 100.190002 100.699997 99.43 100.349998 12275500 98.179938
20150211 100.459999 100.790001 99.949997 100.379997 8177000 98.209288
20150212 100.50 100.540001 97.150002 98.440002 25835200 96.311245
20150213 98.440002 99.669998 98.330002 99.620003 11153600 97.465728
20150217 99.389999 100.480003 99.120003 100.440002 8627100 98.267995
20150218 100.699997 100.940002 99.379997 99.959999 7878200 97.798372
20150219 99.949997 100.839996 99.610001 100.699997 10028200 98.522367
20150220 100.18 100.370003 99.110001 100.260002 10085700 98.778531
20150223 100.739998 100.769997 99.800003 100.18 6878200 98.699712
20150224 100.25 101.050003 100.00 100.699997 6587200 99.212025
20150225 100.940002 101.290001 100.160004 101.209999 9684000 99.714491
20150226 101.379997 103.18 101.220001 102.800003 11437900 101.281
20150227 103.040001 103.330002 102.480003 102.510002 8500000 100.995285
20150302 102.510002 103.410004 102.510002 103.220001 7277600 101.694793
20150303 103.099998 103.099998 101.809998 102.339996 6419700 100.827791
20150304 102.120003 102.120003 101.169998 101.650002 8665500 100.147992
20150305 102.07 103.209999 102.00 102.519997 8042300 101.005131
20150306 102.089996 102.43 99.879997 100.110001 9287600 98.630746
20150309 100.199997 100.919998 99.760002 100.660004 5701100 99.172622
20150310 99.989998 100.440002 99.510002 99.529999 8735700 98.059315
20150311 99.830002 99.830002 98.220001 98.32 9138100 96.867195
20150312 98.959999 100.239998 98.830002 99.830002 8318000 98.354885
20150313 99.849998 100.050003 98.639999 99.209999 7821800 97.744043
20150316 99.739998 101.07 99.739998 101.059998 7726500 99.566706
20150317 100.110001 100.519997 99.410004 99.889999 7301500 98.413996
20150318 99.889999 101.739998 99.129997 101.459999 7972500 99.960797
20150319 101.040001 101.959999 100.910004 101.690002 6863100 100.187402
20150320 101.870003 102.900002 101.760002 102.400002 12433800 100.886909
20150323 102.470001 103.349998 102.230003 102.980003 9016000 101.458341
20150324 102.830002 103.230003 101.93 101.959999 8390700 100.453409
20150325 101.849998 102.50 100.339996 100.339996 8444100 98.857344
20150326 99.949997 100.809998 99.559998 100.139999 9972400 98.660302
20150327 100.279999 100.949997 100.150002 100.339996 5847400 98.857344
20150330 101.239998 101.860001 100.760002 101.550003 6061200 100.049471
20150331 100.970001 101.489998 100.589996 100.599998 8028000 99.113504
20150401 100.459999 100.459999 98.610001 99.150002 11368100 97.684932
20150402 99.440002 99.989998 98.889999 99.639999 6097100 98.16769
20150406 98.839996 99.559998 98.040001 99.160004 9697600 97.694787
20150407 99.550003 100.870003 99.43 100.099998 7900300 98.620892
20150408 99.839996 100.449997 99.599998 100.160004 7354100 98.68001
20150409 100.57 101.650002 100.330002 101.330002 8073900 99.83272
20150410 101.330002 102.139999 100.93 102.059998 6786500 100.551929
20150413 101.540001 101.980003 100.550003 100.550003 10753500 99.064247
20150414 101.050003 101.459999 100.190002 100.519997 9322200 99.034684
20150415 100.540001 101.239998 100.330002 100.599998 8237100 99.113504
20150416 100.269997 100.32 99.769997 99.790001 7324800 98.315475
20150417 99.370003 99.849998 99.110001 99.580002 11084200 98.108579
20150420 100.260002 100.879997 100.050003 100.209999 6668500 98.729267
20150421 100.660004 100.989998 100.160004 100.300003 6532700 98.817941
20150422 100.629997 100.800003 99.959999 100.43 4763900 98.946018
20150423 100.50 100.82 99.910004 100.459999 7351500 98.975573
20150424 100.110001 101.529999 100.00 101.080002 6566900 99.586414
20150427 101.160004 101.599998 100.470001 100.580002 9113900 99.093803
20150428 100.449997 100.949997 99.309998 100.739998 7484600 99.251434
20150429 100.510002 100.610001 99.900002 100.389999 8926200 98.906608
20150430 100.07 100.150002 98.769997 99.199997 10170600 97.734189
20150501 99.620003 100.389999 99.620003 100.129997 6255000 98.650447
20150504 100.330002 100.550003 100.160004 100.349998 5532400 98.867198
20150505 100.129997 100.290001 99.290001 99.50 8828000 98.029759
20150506 99.620003 99.870003 98.660004 99.169998 8030800 97.704634
20150507 98.940002 100.00 98.910004 99.660004 6401600 98.187399
20150508 100.480003 101.669998 100.440002 101.470001 7508600 99.970651
20150511 101.32 101.660004 101.010002 101.029999 5698900 99.53715
20150512 100.879997 101.050003 100.279999 100.470001 6903100 98.985427
20150513 100.68 101.129997 100.470001 100.550003 5826800 99.064247
20150514 100.970001 101.870003 100.949997 101.830002 5454000 100.325332
20150515 101.980003 102.32 101.669998 102.300003 6023500 100.788389
20150518 102.370003 104.339996 102.32 103.419998 10479600 101.891834
20150519 103.660004 104.120003 103.260002 103.959999 7724100 102.423856
20150520 104.419998 104.480003 103.309998 103.599998 7146500 102.069175
20150521 102.910004 103.300003 102.339996 102.419998 6875600 101.642442
20150522 102.269997 102.410004 101.330002 101.349998 6216600 100.580565
20150526 101.230003 101.550003 100.580002 100.82 7918900 100.05459
20150527 101.010002 101.410004 100.800003 101.129997 9297900 100.362234
20150528 101.010002 101.699997 100.809998 101.150002 5700100 100.382087
20150529 101.550003 101.620003 99.830002 100.139999 9957800 99.379752
20150601 100.279999 100.599998 99.720001 100.040001 7298100 99.280513
20150602 99.919998 100.239998 99.099998 99.980003 8312400 99.220971
20150603 100.32 100.43 99.839996 100.089996 5375200 99.330129
20150604 99.940002 100.470001 99.059998 99.230003 8057900 98.476665
20150605 98.989998 99.050003 98.199997 98.589996 7557300 97.841517
20150608 98.599998 98.980003 97.959999 97.959999 7054600 97.216302
20150609 98.440002 98.540001 97.800003 98.209999 7844300 97.464404
20150610 98.480003 99.550003 98.199997 98.879997 10025100 98.129316
20150611 99.199997 99.800003 98.830002 99.239998 6175200 98.486583
20150612 98.879997 99.230003 98.120003 98.349998 8717200 97.603341
20150615 97.75 97.870003 97.010002 97.489998 6833500 96.749869
20150616 97.50 98.489998 97.099998 98.360001 6049500 97.613267
20150617 98.379997 99.120003 98.150002 98.730003 6155800 97.980461
20150618 98.860001 100.550003 98.709999 100.360001 8815800 99.598083
20150619 99.879997 100.199997 99.779999 99.860001 11653600 99.101879
20150622 100.599998 100.839996 99.989998 100.089996 5055900 99.330129
20150623 100.099998 100.360001 99.480003 99.779999 6046600 99.022485
20150624 99.510002 99.809998 99.07 99.330002 7254700 98.575904
20150625 99.50 99.980003 99.110001 99.120003 6581100 98.367499
20150626 99.43 100.129997 99.25 99.639999 9041100 98.883548
20150629 98.980003 99.349998 97.620003 97.68 11150900 96.938429
20150630 98.43 98.449997 97.300003 97.459999 8967900 96.720098
20150701 98.300003 98.68 97.639999 98.470001 6726700 97.722432
20150702 98.849998 99.019997 98.32 98.440002 6091900 97.692661
20150706 97.709999 98.50 96.639999 98.199997 6817800 97.454478
20150707 98.629997 98.980003 97.519997 98.919998 7122600 98.169013
20150708 98.419998 98.589996 97.690002 97.769997 6845500 97.027742
20150709 99.050003 99.540001 98.400002 98.400002 7316400 97.652964
20150710 99.779999 99.889999 99.089996 99.529999 6969300 98.774383
20150713 100.050003 100.480003 99.870003 100.269997 6986300 99.508763
20150714 99.260002 99.879997 98.550003 99.779999 9890600 99.022485
20150715 99.760002 100.940002 99.629997 100.419998 7990300 99.657625
20150716 100.949997 101.360001 100.779999 101.110001 5775000 100.342389
20150717 100.889999 100.910004 99.959999 100.080002 8054200 99.32021
20150720 100.50 100.650002 100.099998 100.370003 5016200 99.608009
20150721 100.599998 100.809998 100.07 100.339996 5891600 99.578231
20150722 100.410004 100.709999 99.730003 100.18 6721900 99.419449
20150723 100.50 100.599998 100.00 100.199997 5016100 99.439294
20150724 99.75 99.949997 99.050003 99.150002 6524200 98.39727
20150727 98.970001 98.989998 97.919998 98.279999 8734000 97.533872
20150728 98.889999 99.230003 98.419998 99.019997 7757500 98.268252
20150729 99.260002 100.050003 99.050003 99.730003 7853500 98.972869
20150730 99.800003 100.00 99.379997 99.839996 5517400 99.082027
20150731 100.339996 100.980003 99.959999 100.209999 6216800 99.44922
20150803 100.00 100.209999 99.230003 100.019997 6172500 99.26066
20150804 100.410004 100.50 99.650002 99.800003 6005300 99.042337
20150805 100.57 101.00 100.349998 100.519997 4571300 99.756865
20150806 100.489998 100.599998 99.010002 99.07 6988000 98.317876
20150807 99.019997 99.07 98.160004 98.849998 6027900 98.099545
20150810 99.57 100.059998 99.449997 99.790001 6133500 99.032411
20150811 99.050003 99.339996 98.769997 99.010002 6682600 98.258334
20150812 98.400002 98.730003 97.410004 98.709999 7462400 97.960608
20150813 98.739998 98.980003 98.150002 98.480003 5048000 97.732359
20150814 98.330002 98.830002 97.870003 98.809998 5177300 98.059848
20150817 98.440002 99.879997 98.059998 99.870003 6901800 99.111805
20150818 99.239998 99.68 99.019997 99.370003 7618800 98.615601
20150819 99.18 99.989998 98.779999 99.309998 7642400 98.556052
20150820 98.949997 100.120003 98.790001 98.790001 10620400 98.040003
20150821 97.220001 98.519997 95.510002 95.559998 16141500 95.559998
20150824 91.080002 95.209999 81.790001 92.82 25636300 92.82
20150825 95.690002 95.699997 90.400002 90.730003 15671100 90.730003
20150826 92.910004 95.220001 91.459999 95.110001 14738300 95.110001
20150827 96.099998 96.400002 94.349998 96.220001 11131200 96.220001
20150828 95.93 96.290001 94.379997 95.169998 9184800 95.169998
20150831 94.879997 95.169998 93.580002 93.980003 9017300 93.980003
20150901 92.290001 92.889999 91.459999 92.089996 14562700 92.089996
20150902 93.169998 93.470001 92.50 93.349998 11460600 93.349998
20150903 93.660004 94.089996 92.260002 92.639999 8926500 92.639999
20150904 91.580002 91.879997 90.57 91.309998 10996800 91.309998
20150908 93.089996 93.980003 92.510002 93.940002 11264100 93.940002
20150909 94.989998 95.160004 92.029999 92.220001 7323000 92.220001
20150910 92.110001 93.480003 91.620003 92.720001 8274700 92.720001
20150911 92.440002 93.00 91.800003 92.93 7348800 92.93
20150914 92.900002 93.910004 92.510002 93.32 7940900 93.32
20150915 93.790001 94.75 93.190002 94.400002 6998800 94.400002
20150916 94.489998 94.82 93.82 94.610001 5611300 94.610001
20150917 94.529999 96.190002 94.32 94.839996 8061700 94.839996
20150918 94.080002 94.720001 93.25 93.389999 13969700 93.389999
20150921 93.870003 94.599998 92.370003 93.129997 6971400 93.129997
20150922 92.260002 93.440002 91.879997 93.239998 10607800 93.239998
20150923 93.209999 93.699997 92.559998 92.989998 5597300 92.989998
20150924 92.519997 92.940002 91.779999 92.480003 7178400 92.480003
20150925 92.93 93.129997 90.760002 91.00 10738800 91.00
