20130102 44.98 45.00 44.220001 44.66 31413000 41.771073
20130103 44.740002 44.75 44.200001 44.57 24227700 41.686894
20130104 44.450001 45.43 44.439999 45.360001 24487700 42.425792
20130107 45.09 45.490002 45.02 45.41 24456900 42.472557
20130108 45.400002 45.50 44.959999 45.50 19624200 42.556735
20130109 45.560001 46.200001 45.139999 45.470001 25920600 42.528677
20130110 45.889999 46.16 45.529999 46.150002 23413600 43.16469
20130111 45.970001 46.150002 45.470001 46.139999 19723900 43.155335
20130114 45.889999 46.18 45.48 45.880001 19079500 42.912155
20130115 45.490002 46.470001 45.349998 46.349998 29898000 43.35175
20130116 45.91 46.830002 45.57 46.82 43453600 43.791348
20130117 46.400002 46.869999 46.290001 46.439999 41086800 43.435928
20130118 46.380001 46.599998 46.18 46.459999 28679100 43.454635
20130122 46.25 46.549999 46.130001 46.540001 24257300 43.529462
20130123 46.23 46.439999 45.919998 46.23 19105100 43.239513
20130124 46.240002 46.799999 46.080002 46.369999 20008200 43.370457
20130125 46.740002 47.16 46.610001 47.16 26009100 44.109355
20130128 46.84 47.00 46.48 46.639999 19706800 43.622992
20130129 46.279999 47.16 46.25 47.119999 19907400 44.071941
20130130 47.040001 47.349998 46.959999 47.130001 18631300 44.081296
20130131 47.009998 47.220001 46.880001 47.049999 19536000 44.00647
20130201 47.400002 48.00 47.209999 47.849998 24520000 44.754719
20130204 47.540001 47.810001 47.380001 47.68 20822600 44.595718
20130205 47.939999 48.799999 47.93 48.790001 28067500 45.633916
20130206 48.419998 48.830002 48.32 48.610001 28282600 45.465559
20130207 48.650002 48.75 47.900002 48.23 21429600 45.110139
20130208 48.330002 48.689999 48.259998 48.630001 15218300 45.484266
20130211 48.509998 48.900002 48.380001 48.66 13935900 45.512324
20130212 48.799999 49.310001 48.599998 49.139999 16388000 45.961274
20130213 49.349998 49.450001 48.50 48.68 21635600 45.531031
20130214 48.400002 49.290001 48.369999 49.220001 18017800 46.0361
20130215 49.349998 49.459999 48.57 48.880001 20016200 45.718094
20130219 49.119999 49.68 49.119999 49.450001 20445900 46.251222
20130220 49.349998 49.540001 48.360001 48.610001 24786700 45.465559
20130221 48.41 48.450001 47.830002 48.25 24437700 45.128846
20130222 48.630001 48.91 48.41 48.91 23584100 45.746152
20130225 49.099998 49.200001 47.650002 47.700001 32775500 44.614424
20130226 48.220001 48.259998 46.849998 47.599998 39401400 44.520891
20130227 47.849998 49.400002 47.759998 49.279999 31921200 46.092217
20130228 49.16 49.549999 48.75 48.919998 24711500 45.755504
20130301 48.599998 49.419998 48.369999 48.91 25923400 45.746152
20130304 48.73 49.139999 48.330002 49.099998 17695200 45.92386
20130305 49.490002 50.110001 49.310001 49.490002 25561100 46.288635
20130306 49.880001 50.189999 49.619999 50.029999 19607900 46.793702
20130307 50.049999 50.860001 50.009998 50.630001 24245400 47.354891
20130308 50.59 50.849998 49.610001 50.200001 32711900 46.952707
20130311 50.23 50.77 49.91 50.48 19473000 47.214593
20130312 50.349998 50.669998 50.049999 50.279999 18003400 47.02753
20130313 50.290001 50.43 50.110001 50.16 16680200 46.915293
20130314 50.25 51.00 50.189999 51.00 26378700 47.700956
20130315 49.970001 50.290001 49.150002 50.02 60880800 46.78435
20130318 49.189999 49.66 48.950001 49.509998 28011400 46.307338
20130319 49.650002 49.990002 48.68 49.200001 24411500 46.017394
20130320 49.57 49.639999 49.040001 49.119999 19385300 45.942567
20130321 48.790001 49.23 48.349998 48.349998 23535900 45.222376
20130322 48.630001 49.00 48.34 48.779999 22791500 45.624561
20130325 49.040001 49.32 48.16 48.52 23581400 45.381381
20130326 48.740002 48.970001 48.32 48.639999 16417500 45.493617
20130327 48.200001 48.310001 47.560001 47.77 26530100 44.679896
20130328 47.84 47.93 47.279999 47.459999 27506700 44.389948
20130401 47.549999 47.990002 47.490002 47.830002 17442200 44.736016
20130402 48.009998 48.380001 47.880001 48.279999 17273700 45.156904
20130403 48.029999 48.07 46.529999 46.849998 33467400 44.093393
20130404 46.959999 47.540001 46.900002 47.490002 21514000 44.695739
20130405 46.790001 48.040001 46.75 47.91 22961500 45.091025
20130408 47.880001 48.59 47.59 48.580002 18672300 45.721605
20130409 48.740002 48.959999 48.459999 48.68 20066700 45.81572
20130410 48.939999 49.560001 48.880001 49.25 20388900 46.352181
20130411 49.209999 49.599998 48.830002 49.310001 22584700 46.408652
20130412 48.900002 49.580002 48.450001 49.009998 37805900 46.126301
20130415 48.389999 49.34 47.900002 47.93 31527300 45.109849
20130416 48.43 48.52 47.59 48.490002 23865500 45.6369
20130417 48.110001 48.18 46.380001 46.790001 43466300 44.036926
20130418 46.799999 47.330002 46.049999 46.639999 26106800 43.89575
20130419 47.150002 47.360001 46.700001 47.23 19746100 44.451035
20130422 47.400002 47.490002 46.869999 47.349998 15230100 44.563974
20130423 47.68 48.240002 47.389999 48.169998 20568500 45.335725
20130424 48.32 48.919998 48.16 48.720001 16459300 45.853367
20130425 49.02 49.630001 48.889999 49.00 19058800 46.116891
20130426 48.860001 49.09 48.610001 48.880001 13929000 46.003952
20130429 49.080002 49.099998 48.650002 48.919998 13496300 46.041596
20130430 48.959999 49.25 48.720001 49.009998 13802600 46.126301
20130501 48.759998 48.91 47.849998 48.009998 17686400 45.18514
20130502 48.25 48.25 47.709999 48.080002 15529300 45.251024
20130503 48.630001 48.700001 46.98 47.57 43257900 44.77103
20130506 47.709999 48.389999 47.57 48.18 20829500 45.345139
20130507 48.57 49.389999 48.259998 49.139999 24291600 46.248653
20130508 49.220001 49.990002 49.110001 49.759998 23559300 46.832172
20130509 49.700001 49.810001 48.919998 49.040001 18103100 46.154538
20130510 49.049999 49.23 48.639999 48.959999 16199600 46.079243
20130513 48.84 49.700001 48.610001 49.669998 23979500 46.747467
20130514 49.77 50.419998 49.66 50.23 24188400 47.274518
20130515 50.200001 51.43 50.150002 51.09 27467000 48.083917
20130516 50.869999 51.66 50.84 50.970001 21389500 47.970979
20130517 51.259998 52.330002 51.25 52.299999 26080300 49.222721
20130520 52.279999 52.630001 51.91 52.290001 22020000 49.213311
20130521 52.529999 53.669998 52.450001 53.02 37112600 49.900359
20130522 53.43 54.959999 53.290001 53.630001 46968300 50.474467
20130523 52.82 53.790001 52.66 53.349998 25294200 50.21094
20130524 52.900002 53.66 52.720001 53.66 18342300 50.502701
20130528 54.560001 54.650002 54.029999 54.599998 27162300 51.387391
20130529 54.09 54.959999 53.91 54.669998 20482600 51.453272
20130530 54.599998 55.900002 54.529999 55.619999 24890800 52.347376
20130531 55.709999 55.830002 54.59 54.59 24990100 51.377981
20130603 54.599998 54.860001 53.040001 54.490002 28279600 51.283866
20130604 54.540001 55.389999 53.869999 54.040001 22022600 50.860343
20130605 53.779999 54.27 52.700001 53.029999 24326000 49.909769
20130606 52.84 53.52 52.27 53.50 23940900 50.352115
20130607 53.77 54.48 53.41 54.27 21691000 51.07681
20130610 54.639999 54.84 54.02 54.360001 16007000 51.161515
20130611 53.459999 54.049999 53.110001 53.490002 17600800 50.342705
20130612 53.900002 54.099998 52.970001 53.18 18479100 50.050944
20130613 53.00 54.240002 52.970001 54.169998 17090200 50.982692
20130614 54.040001 54.130001 52.91 53.130001 17185300 50.003887
20130617 53.700001 54.259998 53.540001 53.849998 16856600 50.68152
20130618 54.029999 54.27 53.720001 54.110001 13259100 50.926224
20130619 53.990002 54.509998 53.52 53.549999 20840000 50.399173
20130620 53.080002 53.18 52.27 52.48 31857100 49.392131
20130621 52.959999 52.98 51.689999 51.959999 44412200 48.902727
20130624 50.880001 51.450001 50.110001 50.919998 30736500 47.923918
20130625 51.509998 52.560001 51.509998 52.080002 20951400 49.015669
20130626 52.650002 52.799999 51.880001 52.50 19332000 49.410954
20130627 53.029999 53.490002 52.880001 53.150002 17093600 50.022711
20130628 53.119999 53.130001 52.580002 52.790001 18256000 49.683892
20130701 53.220001 53.630001 52.43 52.490002 23511100 49.401544
20130702 52.57 53.529999 52.119999 52.799999 23935300 50.055678
20130703 52.310001 52.810001 52.209999 52.77 10442300 50.027238
20130705 53.360001 54.00 53.110001 53.990002 17070200 51.183829
20130708 54.540001 54.91 54.049999 54.700001 21786900 51.856925
20130709 55.07 55.169998 54.189999 54.889999 20508700 52.037048
20130710 54.77 55.150002 54.439999 54.830002 16915000 51.980169
20130711 55.84 55.869999 54.549999 55.139999 21322600 52.274055
20130712 55.509998 55.849998 54.75 54.970001 32569200 52.112892
20130715 55.490002 55.50 54.599998 54.889999 28292000 52.037048
20130716 54.900002 55.41 54.779999 55.009998 19222700 52.15081
20130717 55.049999 55.580002 54.84 55.27 19166600 52.397299
20130718 55.509998 56.529999 55.490002 56.369999 24563100 53.440124
20130719 56.509998 56.560001 55.91 56.16 17762600 53.24104
20130722 56.169998 56.669998 55.950001 56.560001 15999700 53.620251
20130723 56.720001 56.889999 56.470001 56.669998 10577100 53.72453
20130724 56.919998 56.93 56.380001 56.630001 16665000 53.686612
20130725 56.450001 56.50 55.889999 56.50 13870200 53.563368
20130726 56.060001 56.220001 55.599998 56.049999 16762300 53.136756
20130729 55.98 56.00 55.380001 55.689999 10049100 52.795467
20130730 55.869999 55.990002 55.080002 55.330002 14207400 52.454181
20130731 55.580002 56.27 55.509998 55.73 19404900 52.833389
20130801 56.360001 56.779999 56.200001 56.540001 15979400 53.60129
20130802 56.27 56.52 56.009998 56.490002 11007300 53.553889
20130805 56.330002 56.580002 56.009998 56.099998 9370200 53.184157
20130806 55.990002 56.099998 55.310001 55.490002 10588600 52.605865
20130807 55.060001 55.470001 54.779999 55.299999 12828400 52.425738
20130808 55.419998 55.73 54.130001 54.830002 18587100 51.980169
20130809 54.689999 55.150002 54.330002 54.52 12652500 51.686281
20130812 54.040001 54.32 53.68 54.09 15133000 51.27863
20130813 54.220001 54.700001 53.599998 54.290001 15078100 51.468235
20130814 54.330002 54.849998 54.00 54.150002 15785800 51.335513
20130815 53.52 53.68 52.889999 53.290001 16933200 50.520211
20130816 53.07 53.779999 53.07 53.290001 17139000 50.520211
20130819 52.889999 52.950001 51.799999 51.830002 22793300 49.136097
20130820 51.779999 52.360001 50.66 52.119999 18701500 49.411021
20130821 51.919998 52.220001 51.279999 51.630001 17136200 48.946491
20130822 52.00 52.66 51.93 52.209999 14658500 49.496343
20130823 52.27 52.419998 51.900002 52.32 11126800 49.600627
20130826 52.16 52.540001 51.790001 51.799999 16548400 49.107654
20130827 51.02 51.549999 50.549999 50.599998 23596800 47.970024
20130828 50.330002 51.049999 50.130001 50.580002 18748100 47.951066
20130829 50.59 51.18 50.450001 50.700001 13576000 48.064828
20130830 50.82 50.830002 50.290001 50.529999 15863100 47.903662
20130903 51.25 51.720001 50.830002 51.130001 15277200 48.472479
20130904 51.16 52.099998 50.93 51.869999 19923800 49.174015
20130905 52.029999 52.52 51.91 52.110001 13913200 49.401542
20130906 52.41 52.709999 51.279999 52.560001 22339900 49.828154
20130909 52.779999 53.189999 52.52 52.860001 19936400 50.11256
20130910 53.830002 53.93 53.299999 53.669998 20233200 50.880458
20130911 53.369999 53.759998 53.060001 53.259998 16028600 50.491768
20130912 53.43 53.709999 52.080002 52.240002 21976700 49.524786
20130913 52.290001 52.799999 52.23 52.59 11942900 49.856594
20130916 53.450001 53.490002 52.98 53.139999 17055300 50.378006
20130917 53.189999 53.32 52.880001 53.09 13207000 50.330606
20130918 52.689999 53.869999 52.560001 53.41 20844500 50.633973
20130919 53.630001 53.75 52.529999 52.75 22452200 50.008277
20130920 52.950001 53.470001 52.799999 52.799999 30792200 50.055678
20130923 52.080002 52.380001 51.389999 51.459999 28189500 48.785325
20130924 51.009998 51.27 50.299999 50.32 34906900 47.704578
20130925 50.220001 51.900002 50.060001 51.700001 39175500 49.012853
20130926 51.93 52.560001 51.540001 51.889999 22298700 49.192976
20130927 51.50 52.400002 51.389999 52.240002 23026000 49.524786
20130930 51.73 52.09 51.439999 51.689999 21350600 49.00337
20131001 51.639999 52.09 51.450001 51.959999 19188000 49.259337
20131002 51.32 52.450001 51.290001 52.09 23841200 49.746393
20131003 52.00 52.200001 51.50 51.939999 18614500 49.603141
20131004 52.07 52.68 52.009998 52.669998 17407200 50.300296
20131007 52.290001 52.360001 51.830002 51.830002 16159300 49.498093
20131008 51.830002 51.959999 50.84 50.869999 19536000 48.581282
20131009 51.169998 51.34 50.25 50.75 24721200 48.466682
20131010 51.84 52.560001 51.380001 52.52 24328700 50.157047
20131011 52.959999 53.349998 52.16 52.509998 32498800 50.147495
20131014 51.939999 52.84 51.759998 52.709999 18881600 50.338498
20131015 52.91 53.040001 52.18 52.310001 17566500 49.956496
20131016 52.610001 54.049999 52.580002 54.00 24864000 51.570459
20131017 53.790001 54.290001 53.610001 54.209999 17791000 51.77101
20131018 54.259998 54.580002 53.799999 54.299999 24796600 51.856961
20131021 54.27 54.849998 53.889999 54.27 19471700 51.828312
20131022 54.650002 54.68 53.619999 53.619999 24820900 51.207555
20131023 53.310001 53.360001 52.720001 52.75 21034400 50.376699
20131024 52.84 52.889999 52.110001 52.48 17759000 50.118846
20131025 52.16 52.91 52.07 52.77 20889600 50.395799
20131028 52.889999 53.09 52.50 52.68 14836800 50.309848
20131029 52.830002 52.990002 52.25 52.73 23363100 50.357598
20131030 53.00 53.240002 52.50 52.599998 16157200 50.233446
20131031 52.650002 52.709999 51.540001 51.540001 23738000 49.221139
20131101 51.450001 52.709999 51.299999 52.509998 25794400 50.147495
20131104 52.740002 52.759998 52.00 52.040001 18891300 49.698644
20131105 51.849998 52.130001 51.66 51.950001 14532200 49.612693
20131106 52.259998 52.34 51.830002 52.099998 14013000 49.755942
20131107 52.130001 52.34 51.580002 51.650002 17348900 49.326191
20131108 51.830002 53.970001 51.799999 53.959999 31183100 51.532258
20131111 53.91 54.150002 53.700001 54.099998 12062800 51.665959
20131112 53.93 54.080002 53.599998 53.970001 15964800 51.54181
20131113 53.52 54.200001 53.150002 54.139999 22121900 51.70416
20131114 54.259998 54.50 53.700001 54.400002 17634000 51.952464
20131115 54.27 54.959999 54.189999 54.869999 20530100 52.401316
20131118 55.490002 56.00 55.299999 55.740002 22318800 53.232176
20131119 55.970001 56.639999 55.779999 56.150002 22979900 53.623729
20131120 56.43 56.439999 55.77 56.099998 17682800 53.575976
20131121 56.279999 57.400002 56.279999 57.220001 22843600 54.645588
20131122 57.25 57.52 57.060001 57.459999 16730600 54.874788
20131125 57.50 58.139999 57.41 57.650002 18649600 55.056242
20131126 57.630001 57.959999 57.169998 57.169998 16263300 54.597835
20131127 57.580002 57.830002 57.330002 57.48 11238900 54.893889
20131129 57.580002 57.849998 57.200001 57.220001 7128800 54.645588
20131202 57.099998 57.75 56.900002 56.98 12465300 54.416384
20131203 56.889999 57.220001 56.139999 56.860001 20426800 54.301784
20131204 56.439999 57.470001 56.209999 57.189999 20287200 54.616935
20131205 56.709999 56.740002 55.75 55.82 21324900 53.308575
20131206 56.57 56.759998 55.619999 56.060001 18661200 53.537778
20131209 56.279999 56.529999 56.09 56.509998 12714000 53.967529
20131210 56.490002 57.07 56.349998 56.700001 14543700 54.148983
20131211 56.540001 56.77 55.959999 56.07 17836100 53.547327
20131212 56.049999 56.599998 55.91 56.310001 15325300 53.77653
20131213 56.369999 56.560001 56.040001 56.169998 11461300 53.642826
20131216 56.34 56.939999 56.330002 56.419998 26379200 53.881578
20131217 56.66 56.66 55.66 55.720001 18338500 53.213075
20131218 55.84 57.27 55.400002 57.240002 27685900 54.664689
20131219 57.099998 57.540001 56.82 57.23 16790000 54.655136
20131220 57.209999 58.00 57.200001 57.700001 22001700 55.103992
20131223 57.970001 58.389999 57.799999 58.240002 13990600 55.619697
20131224 58.07 58.290001 58.040001 58.25 4532600 55.629246
20131226 58.349998 58.459999 57.919998 58.200001 6677000 55.581496
20131227 58.169998 58.349998 58.060001 58.139999 8943700 55.524194
20131230 58.139999 58.27 57.709999 57.950001 8815800 55.342744
20131231 58.200001 58.549999 58.049999 58.48 11017400 55.848897
20140102 58.310001 58.50 57.970001 58.209999 15627600 55.954633
20140103 58.290001 58.950001 58.209999 58.66 14214100 56.387198
20140106 59.16 59.470001 58.830002 59.00 17550700 56.714025
20140107 59.290001 59.43 58.110001 58.32 17851200 56.060371
20140108 58.540001 58.91 58.299999 58.869999 14687400 56.589061
20140109 58.98 59.00 58.330002 58.759998 13242500 56.483322
20140110 58.669998 58.759998 58.18 58.490002 12694900 56.223786
20140113 58.509998 58.669998 57.529999 57.700001 20711600 55.464394
20140114 58.299999 58.580002 57.560001 57.740002 30272400 55.502845
20140115 57.73 59.650002 57.73 59.490002 35186600 57.185041
20140116 58.790001 59.82 58.740002 58.990002 21689400 56.704414
20140117 59.209999 59.23 58.029999 58.110001 20997900 55.858509
20140121 58.09 58.439999 57.580002 58.169998 19548300 55.916182
20140122 58.330002 58.330002 57.419998 57.59 15433500 55.358656
20140123 57.09 57.099998 56.209999 56.470001 26234600 54.282052
20140124 56.00 56.360001 55.09 55.09 26833100 52.955519
20140127 55.080002 55.799999 54.689999 55.09 23935000 52.955519
20140128 55.389999 56.34 55.240002 55.740002 18041000 53.580336
20140129 54.959999 55.869999 54.849998 55.529999 25459000 53.37847
20140130 56.07 56.389999 55.630001 56.00 17031100 53.830261
20140131 55.50 56.110001 55.18 55.360001 18174000 53.215058
20140203 55.50 55.919998 54.200001 54.310001 28549900 52.205742
20140204 54.720001 55.349998 54.599998 54.950001 20709300 52.820944
20140205 55.099998 55.450001 54.580002 55.209999 19491600 53.070869
20140206 55.349998 56.549999 55.200001 56.48 20881600 54.291663
20140207 56.650002 56.93 56.259998 56.619999 23388500 54.426238
20140210 56.77 56.919998 56.389999 56.740002 14715200 54.541591
20140211 56.610001 57.57 56.580002 57.43 18774100 55.204855
20140212 57.34 57.709999 57.16 57.52 13437900 55.291368
20140213 57.07 58.099998 56.959999 58.029999 16605500 55.781607
20140214 57.889999 58.23 57.75 58.150002 13067300 55.89696
20140218 58.02 58.650002 57.900002 58.490002 14983800 56.223786
20140219 58.360001 58.540001 57.220001 57.259998 18669900 55.04144
20140220 57.529999 57.970001 57.27 57.580002 12457000 55.349045
20140221 57.59 57.84 57.369999 57.610001 16790100 55.377881
20140224 57.619999 58.23 57.580002 58.029999 16151400 55.781607
20140225 57.900002 57.98 56.919998 57.029999 17991800 54.820352
20140226 57.369999 57.380001 56.220001 56.75 23661700 54.551202
20140227 56.779999 56.889999 56.139999 56.689999 16277500 54.493525
20140228 56.57 57.450001 56.389999 56.82 18599000 54.618489
20140303 56.299999 56.419998 55.689999 56.209999 19151000 54.032123
20140304 56.950001 57.360001 56.639999 57.259998 17157000 55.04144
20140305 57.48 58.290001 57.360001 58.16 17761500 55.906571
20140306 58.509998 59.09 58.400002 58.900002 19420600 56.617901
20140307 59.349998 59.799999 59.07 59.400002 18602200 57.098528
20140310 59.139999 59.48 58.869999 59.200001 16945200 56.906276
20140311 59.419998 59.450001 58.130001 58.189999 19420000 55.935407
20140312 57.700001 57.959999 57.419998 57.919998 17932100 55.675868
20140313 58.00 58.34 57.189999 57.419998 17192500 55.195241
20140314 57.110001 57.529999 56.619999 56.799999 18635800 54.599264
20140317 57.209999 57.700001 57.049999 57.580002 13581400 55.349045
20140318 57.82 58.16 57.619999 58.060001 12554800 55.810447
20140319 57.990002 58.93 57.889999 58.299999 21450700 56.041146
20140320 58.360001 60.490002 58.130001 60.110001 33736500 57.781018
20140321 60.959999 61.200001 60.00 60.169998 35144100 57.838691
20140324 60.369999 61.189999 60.349998 61.07 25810500 58.703822
20140325 61.110001 61.48 60.560001 60.93 24053500 58.569247
20140326 61.240002 61.400002 59.889999 59.900002 22745200 57.579155
20140327 59.939999 60.549999 59.02 59.919998 24632600 57.598377
20140328 60.209999 60.59 59.68 60.040001 14708700 57.71373
20140331 60.830002 61.02 60.599998 60.709999 15216700 58.357769
20140401 60.950001 61.290001 60.369999 60.669998 14584400 58.319318
20140402 60.369999 60.77 60.200001 60.48 14012200 58.503111
20140403 60.650002 60.799999 60.279999 60.66 11925200 58.677228
20140404 61.02 61.060001 59.799999 59.810001 16966900 57.855013
20140407 59.689999 60.00 58.84 59.00 18685700 57.071488
20140408 58.799999 59.02 58.25 58.849998 16956500 56.926389
20140409 59.099998 59.450001 58.50 59.27 15308400 57.332663
20140410 59.349998 59.389999 57.380001 57.400002 29977200 55.523788
20140411 55.18 56.049999 54.549999 55.299999 47241300 53.492427
20140414 55.849998 55.939999 54.48 54.959999 31081500 53.163541
20140415 55.09 55.639999 54.349998 54.799999 26691400 53.008771
20140416 55.00 55.349998 54.689999 55.259998 27049400 53.453734
20140417 55.34 55.57 55.009998 55.220001 17955400 53.415044
20140421 55.259998 55.41 54.990002 55.029999 12384800 53.231252
20140422 55.040001 56.080002 54.939999 55.810001 16257600 53.985759
20140423 55.799999 56.119999 55.560001 56.049999 11379000 54.217912
20140424 56.07 56.259998 55.610001 56.189999 15360600 54.353336
20140425 56.310001 56.349998 55.639999 55.700001 15937700 53.879354
20140428 55.630001 55.700001 54.68 55.490002 21394100 53.676219
20140429 55.73 56.310001 55.57 56.099998 13453400 54.266277
20140430 56.240002 56.349998 55.720001 55.98 14388100 54.150201
20140501 55.919998 56.189999 55.50 55.720001 12744600 53.898701
20140502 55.830002 56.369999 55.439999 55.580002 15153800 53.763278
20140505 53.880001 54.740002 53.700001 54.220001 25232300 52.447731
20140506 54.040001 54.060001 53.32 53.34 25327400 51.596494
20140507 53.549999 54.119999 53.240002 54.049999 18502600 52.283286
20140508 54.200001 54.529999 54.060001 54.360001 16090800 52.583154
20140509 54.220001 54.310001 53.68 54.009998 12366500 52.244592
20140512 54.27 54.700001 54.029999 54.650002 12825500 52.863676
20140513 54.740002 54.830002 54.50 54.619999 12310700 52.834654
20140514 54.639999 54.700001 54.299999 54.360001 10325800 52.583154
20140515 54.200001 54.200001 53.349998 53.509998 19763000 51.760936
20140516 53.419998 53.509998 52.970001 53.310001 19992400 51.567476
20140519 53.080002 53.91 53.060001 53.830002 12068900 52.070479
20140520 53.720001 54.040001 53.41 53.720001 16888200 51.964074
20140521 54.049999 54.599998 53.98 54.119999 13210200 52.350997
20140522 54.169998 54.599998 54.02 54.549999 11800900 52.766942
20140523 54.549999 54.59 54.16 54.529999 10876500 52.747596
20140527 54.75 55.43 54.689999 55.139999 14503700 53.337657
20140528 55.09 55.599998 55.00 55.450001 11374900 53.637526
20140529 55.75 55.919998 55.389999 55.720001 11741000 53.898701
20140530 55.580002 55.880001 55.310001 55.57 11991900 53.753603
20140602 55.650002 55.650002 55.02 55.349998 9440000 53.540792
20140603 55.09 55.66 55.09 55.599998 9131500 53.782621
20140604 55.52 55.73 55.25 55.68 9727800 53.860008
20140605 55.91 56.66 55.490002 56.630001 16803400 54.778956
20140606 56.759998 57.130001 56.650002 56.970001 15399800 55.107843
20140609 56.91 57.669998 56.900002 57.419998 11999700 55.543131
20140610 57.470001 57.939999 57.389999 57.900002 11609200 56.007444
20140611 57.48 57.790001 56.98 57.27 14232200 55.398036
20140612 57.07 57.419998 56.869999 57.040001 11670200 55.175554
20140613 57.029999 57.669998 56.880001 57.040001 12040800 55.175554
20140616 56.849998 56.950001 56.330002 56.869999 11199100 55.011109
20140617 56.790001 57.59 56.68 57.419998 11200500 55.543131
20140618 57.290001 57.810001 56.950001 57.779999 13729400 55.891364
20140619 57.689999 57.689999 57.209999 57.299999 11624400 55.427054
20140620 57.689999 57.77 57.349998 57.549999 17124800 55.668883
20140623 57.540001 58.220001 57.240002 58.189999 16007700 56.287962
20140624 57.880001 58.119999 57.299999 57.419998 12322900 55.543131
20140625 57.220001 57.740002 56.869999 57.529999 14836600 55.649536
20140626 57.34 57.490002 56.599998 57.389999 11854400 55.514113
20140627 57.330002 57.700001 57.240002 57.529999 10178600 55.649536
20140630 57.439999 57.779999 57.380001 57.619999 11549000 55.736594
20140701 57.150002 57.990002 57.080002 57.57 14472200 56.077519
20140702 57.27 57.48 56.82 56.970001 19189900 55.493075
20140703 57.23 57.650002 57.00 57.049999 12599800 55.571
20140707 56.889999 56.990002 56.400002 56.669998 13916100 55.20085
20140708 56.349998 56.470001 55.630001 55.759998 18343400 54.314441
20140709 55.880001 56.119999 55.610001 56.02 10914300 54.567703
20140710 55.060001 55.810001 54.959999 55.560001 12436600 54.119629
20140711 55.290001 55.91 55.189999 55.799999 10230000 54.353405
20140714 56.529999 56.84 56.200001 56.290001 14004400 54.830704
20140715 57.950001 58.689999 57.759998 58.27 36178000 56.759373
20140716 58.509998 58.98 58.310001 58.709999 20507500 57.187964
20140717 58.560001 58.860001 57.759998 57.860001 17013500 56.360002
20140718 58.330002 58.48 57.900002 58.23 12803300 56.720409
20140721 58.119999 58.41 57.900002 58.240002 9141400 56.730152
20140722 58.419998 58.799999 58.369999 58.669998 10375200 57.149001
20140723 58.759998 59.189999 58.52 59.00 11122100 57.470447
20140724 59.07 59.349998 58.990002 59.169998 9844100 57.636038
20140725 58.919998 59.27 58.84 59.009998 10500600 57.480186
20140728 58.939999 59.259998 58.669998 59.189999 12382800 57.65552
20140729 59.130001 59.130001 58.439999 58.639999 13498800 57.11978
20140730 59.02 59.279999 58.610001 58.91 11815700 57.38278
20140731 58.650002 58.68 57.66 57.669998 15955900 56.174925
20140801 57.389999 57.490002 55.970001 56.48 23915400 55.015777
20140804 56.91 56.98 56.34 56.650002 13543900 55.181372
20140805 56.43 56.599998 55.599998 56.060001 16863300 54.606667
20140806 55.889999 56.689999 55.830002 56.23 12190600 54.772258
20140807 56.630001 56.689999 55.68 55.91 11743800 54.460554
20140808 55.889999 56.360001 55.639999 56.34 12213200 54.879407
20140811 56.540001 56.580002 56.169998 56.32 9066800 54.859925
20140812 56.23 56.549999 56.130001 56.349998 11289600 54.889146
20140813 56.689999 56.84 56.509998 56.720001 7019500 55.249557
20140814 56.77 57.00 56.700001 56.98 8275900 55.502815
20140815 57.240002 57.50 56.389999 56.75 12727400 55.278778
20140818 56.860001 57.43 56.759998 57.23 8881400 55.746333
20140819 57.599998 57.720001 57.34 57.560001 9040500 56.06778
20140820 57.419998 57.849998 57.389999 57.639999 8121400 56.145704
20140821 57.66 58.77 57.599998 58.50 12745500 56.98341
20140822 58.439999 59.080002 58.330002 58.490002 10228600 56.97367
20140825 58.98 59.830002 58.860001 59.34 13996800 57.801633
20140826 59.57 59.950001 59.389999 59.740002 10281100 58.191265
20140827 59.849998 59.950001 59.529999 59.59 11410900 58.045152
20140828 59.25 59.369999 58.810001 59.16 9096100 57.626299
20140829 59.34 59.650002 59.23 59.450001 8897900 57.908782
20140902 59.459999 59.709999 59.150002 59.669998 8671100 58.123076
20140903 60.02 60.369999 59.459999 59.700001 11791800 58.152301
20140904 59.630001 60.139999 59.43 59.709999 9811900 58.16204
20140905 59.619999 59.91 59.220001 59.91 9600900 58.356856
20140908 59.84 60.220001 59.740002 59.889999 8090000 58.337374
20140909 59.630001 59.68 58.779999 59.060001 14868700 57.528893
20140910 59.150002 59.560001 58.919998 59.220001 9153800 57.684745
20140911 59.18 59.84 58.970001 59.759998 11467000 58.210743
20140912 59.799999 60.41 59.75 60.029999 14373700 58.473744
20140915 59.779999 59.990002 59.450001 59.939999 10685600 58.386077
20140916 59.709999 60.200001 59.619999 59.990002 10947900 58.434784
20140917 59.950001 60.59 59.82 60.310001 15091800 58.746487
20140918 60.540001 61.400002 60.540001 61.32 16973700 59.730302
20140919 61.740002 61.849998 60.98 61.110001 18739300 59.525747
20140922 60.939999 61.450001 60.799999 60.91 13225200 59.330931
20140923 60.82 61.400002 60.77 60.939999 14328800 59.360152
20140924 61.18 61.639999 61.02 61.630001 13728200 60.032267
20140925 61.490002 61.50 60.150002 60.150002 16340100 58.590635
20140926 60.330002 60.880001 60.32 60.560001 11948900 58.990006
20140929 60.029999 60.50 59.73 60.330002 10686500 58.765969
20140930 60.400002 60.740002 60.130001 60.240002 14384800 58.678302
20141001 60.240002 60.400002 59.73 59.77 18995800 58.220486
20141002 59.150002 59.490002 58.610001 58.84 24559100 57.700749
20141003 59.25 60.389999 59.049999 60.299999 18321100 59.132479
20141006 60.779999 60.799999 60.00 60.18 11578000 59.014804
20141007 59.919998 59.919998 59.189999 59.27 14542000 58.122423
20141008 59.360001 60.43 59.18 60.400002 15834100 59.230546
20141009 60.330002 60.330002 58.889999 59.080002 19189500 57.936103
20141010 59.029999 59.82 58.509998 58.52 16689400 57.386945
20141013 58.50 59.150002 58.110001 58.16 17169300 57.033914
20141014 56.689999 58.52 56.060001 57.990002 29096800 56.867208
20141015 57.02 57.380001 54.259998 55.529999 37866900 54.454835
20141016 54.75 55.98 54.279999 55.080002 31965100 54.013551
20141017 55.73 56.779999 55.57 56.200001 20183500 55.111865
20141020 56.099998 56.75 56.07 56.630001 10807600 55.533539
20141021 57.23 58.009998 57.080002 57.93 14020400 56.808368
20141022 58.040001 58.259998 57.439999 57.450001 13750700 56.337662
20141023 58.119999 58.599998 57.939999 58.060001 12641900 56.935852
20141024 58.00 58.779999 58.00 58.740002 13758000 57.602686
20141027 58.450001 58.790001 58.25 58.639999 11087100 57.50462
20141028 58.869999 59.689999 58.810001 59.630001 13600900 58.475454
20141029 59.619999 59.779999 58.759998 59.290001 16712100 58.142037
20141030 58.939999 59.68 58.919998 59.389999 14705200 58.240099
20141031 60.119999 60.540001 59.869999 60.48 18347600 59.308995
20141103 60.790001 61.150002 60.360001 60.880001 11841200 59.701251
20141104 60.240002 60.369999 59.419998 60.25 15295800 59.083448
20141105 60.799999 61.23 60.389999 61.150002 14063800 59.966024
20141106 61.080002 61.310001 60.630001 61.23 10421600 60.044473
20141107 61.07 61.549999 60.860001 61.470001 12384600 60.279828
20141110 61.25 61.93 61.200001 61.93 10801000 60.730921
20141111 61.709999 61.889999 61.290001 61.369999 12539800 60.181762
20141112 60.419998 60.84 60.23 60.560001 17219600 59.387447
20141113 60.50 60.630001 59.990002 60.23 12240400 59.063835
20141114 60.25 60.619999 60.18 60.279999 6802000 59.112866
20141117 60.00 60.529999 59.889999 60.380001 9017600 59.210932
20141118 60.349998 60.82 60.200001 60.529999 8897800 59.358026
20141119 60.450001 60.790001 60.150002 60.599998 9207700 59.42667
20141120 60.200001 60.25 59.75 60.119999 10916600 58.955964
20141121 61.07 61.07 60.299999 60.450001 12340500 59.279577
20141124 60.700001 61.310001 60.700001 60.959999 8334800 59.779701
20141125 61.16 61.16 59.950001 60.299999 14802600 59.132479
20141126 60.57 60.57 60.200001 60.34 7626600 59.171706
20141128 60.400002 60.560001 60.029999 60.16 6759600 58.995191
20141201 59.98 60.209999 59.549999 60.00 12771600 58.838289
20141202 60.009998 61.189999 60.00 61.080002 12503700 59.89738
20141203 60.959999 61.619999 60.810001 61.540001 12115500 60.348472
20141204 61.099998 61.57 60.84 61.380001 11515200 60.19157
20141205 62.009998 63.060001 61.880001 62.700001 20071100 61.486013
20141208 62.599998 63.16 62.259998 62.669998 15528200 61.456591
20141209 61.849998 62.849998 61.560001 62.450001 19676400 61.240853
20141210 62.16 62.240002 60.369999 60.68 29620600 59.505123
20141211 61.169998 62.060001 61.110001 61.139999 16886200 59.956216
20141212 60.529999 61.220001 59.959999 60.040001 17405400 58.877515
20141215 60.740002 60.810001 58.790001 59.16 19209900 58.014553
20141216 58.419998 59.860001 58.110001 58.43 20709700 57.298687
20141217 58.57 59.830002 58.34 59.77 17856400 58.612742
20141218 60.639999 61.48 60.439999 61.48 18173400 60.289633
20141219 61.400002 62.349998 61.369999 61.93 22756400 60.730921
20141222 62.16 62.330002 61.610001 61.939999 17073400 60.740725
20141223 62.049999 62.970001 61.93 62.48 13552600 61.270271
20141224 62.740002 62.869999 62.27 62.48 7412500 61.270271
20141226 62.669998 62.889999 62.41 62.549999 6086500 61.338915
20141229 62.419998 63.34 62.25 62.959999 10601200 61.740977
20141230 62.720001 63.279999 62.57 63.150002 7518100 61.9273
20141231 63.299999 63.490002 62.580002 62.580002 18529400 61.368337
20150102 62.18 62.959999 62.07 62.490002 12600000 61.67429
20150105 62.060001 62.279999 60.23 60.549999 20100600 59.759611
20150106 60.639999 60.75 58.349998 58.98 29074100 58.210105
20150107 59.889999 59.889999 58.669998 59.07 23843200 58.298931
20150108 59.970001 60.900002 59.970001 60.389999 16971100 59.6017
20150109 60.720001 60.790001 59.290001 59.34 15396200 58.565407
20150112 59.279999 59.400002 58.27 58.830002 15455200 58.062066
20150113 59.259998 59.700001 58.369999 58.84 21644700 58.071934
20150114 56.91 57.00 55.27 56.810001 49602300 56.068433
20150115 55.73 56.610001 54.50 54.990002 42458100 54.272191
20150116 54.66 56.00 54.639999 55.93 29368900 55.199919
20150120 56.040001 56.389999 55.419998 55.709999 23477700 54.98279
20150121 55.450001 56.419998 55.189999 55.889999 21842400 55.160441
20150122 56.380001 57.73 55.959999 57.59 31423500 56.83825
20150123 57.720001 57.869999 56.66 56.68 15458300 55.940129
20150126 56.41 56.990002 56.200001 56.77 12577700 56.028955
20150127 56.049999 56.610001 55.759998 56.200001 15220500 55.466395
20150128 56.619999 56.68 54.75 54.75 24354400 54.035322
20150129 55.27 55.889999 54.68 55.669998 20393300 54.943311
20150130 54.990002 55.50 54.369999 54.380001 26943700 53.670153
20150202 54.529999 55.650002 54.27 55.470001 20308900 54.745925
20150203 55.91 56.779999 55.869999 56.720001 18812500 55.979608
20150204 56.32 57.07 56.279999 56.380001 14934100 55.644046
20150205 56.860001 57.040001 56.459999 56.77 11293900 56.028955
20150206 57.75 58.73 57.540001 57.889999 25009100 57.134334
20150209 57.419998 58.099998 57.23 57.82 14372400 57.065248
20150210 58.419998 58.709999 58.049999 58.459999 16367300 57.696893
20150211 58.060001 58.66 57.84 58.369999 13061900 57.608068
20150212 58.93 59.709999 58.549999 59.57 23211300 58.792404
20150213 59.459999 60.220001 59.34 59.669998 16479100 58.891097
20150217 59.360001 60.139999 59.32 60.099998 15308800 59.315485
20150218 60.099998 60.099998 59.119999 59.369999 14278100 58.595014
20150219 59.150002 59.48 58.799999 59.23 11256500 58.456842
20150220 58.959999 59.889999 58.349998 59.799999 15379000 59.019401
20150223 59.50 59.529999 58.799999 59.349998 16814000 58.575275
20150224 60.25 61.25 60.080002 60.82 22937700 60.026087
20150225 60.759998 61.27 60.75 61.139999 18307900 60.34191
20150226 61.029999 61.700001 60.91 61.580002 15444800 60.776169
20150227 61.130001 61.919998 61.130001 61.279999 15225900 60.480082
20150302 61.279999 61.830002 61.029999 61.77 13047300 60.963687
20150303 61.650002 61.990002 61.50 61.970001 13706900 61.161077
20150304 61.639999 62.169998 61.349998 62.130001 16625500 61.318989
20150305 62.200001 62.23 61.599998 62.00 10931300 61.190684
20150306 62.16 62.869999 60.799999 60.889999 22719200 60.095173
20150309 60.84 61.630001 60.799999 61.50 13001500 60.697211
20150310 60.759998 61.009998 59.959999 59.959999 16357700 59.177313
20150311 60.130001 60.650002 59.959999 60.240002 13015600 59.45366
20150312 60.650002 61.450001 60.650002 61.369999 18159600 60.568907
20150313 61.400002 61.860001 60.43 61.00 16506200 60.203738
20150316 61.50 61.919998 61.25 61.849998 15182900 61.042641
20150317 61.34 61.66 60.919998 61.610001 11718300 60.805776
20150318 61.389999 62.049999 61.09 61.75 15697900 60.943948
20150319 61.57 61.650002 60.759998 61.200001 11523800 60.401128
20150320 61.32 62.099998 61.150002 61.75 18368300 60.943948
20150323 61.75 62.080002 61.119999 61.139999 15112900 60.34191
20150324 60.970001 61.240002 60.450001 60.459999 12128700 59.670786
20150325 60.529999 60.639999 59.59 59.610001 14950900 58.831883
20150326 59.459999 59.790001 58.869999 59.540001 14039600 58.762797
20150327 59.490002 59.779999 59.00 59.549999 11755800 58.772665
20150330 60.880001 61.459999 60.610001 60.959999 20656500 60.164259
20150331 60.720001 60.939999 60.419998 60.580002 17346700 59.789222
20150401 60.41 60.57 59.73 59.950001 18100600 59.560715
20150402 60.07 60.700001 60.00 60.52 12697800 60.127013
20150406 59.919998 60.75 59.650002 60.470001 12025200 60.077339
20150407 61.150002 61.50 60.849998 60.849998 11505500 60.454868
20150408 61.060001 61.560001 60.939999 61.049999 11734000 60.653571
20150409 61.27 61.580002 60.830002 61.470001 11728500 61.070845
20150410 61.349998 61.779999 61.200001 61.700001 9869700 61.299351
20150413 61.639999 62.27 61.50 62.07 15468700 61.666948
20150414 62.959999 63.610001 62.740002 63.040001 33775400 62.63065
20150415 63.080002 64.480003 63.009998 64.209999 28732200 63.793051
20150416 64.080002 64.269997 63.66 63.810001 16640500 63.395651
20150417 63.25 63.400002 62.490002 62.84 20221200 62.431948
20150420 63.220001 63.52 63.139999 63.240002 12755300 62.829352
20150421 63.330002 63.599998 62.130001 62.310001 14985100 61.905391
20150422 62.650002 63.150002 62.029999 62.939999 14484700 62.531297
20150423 62.790001 63.209999 62.599998 62.799999 12851300 62.392207
20150424 62.630001 62.84 62.34 62.599998 9597500 62.193505
20150427 62.700001 63.150002 62.310001 62.34 11146400 61.935195
20150428 62.490002 62.779999 61.77 62.759998 12307800 62.352466
20150429 62.560001 63.889999 62.459999 63.599998 17601200 63.187011
20150430 63.580002 63.880001 62.919998 63.259998 16840900 62.849219
20150501 63.700001 63.869999 63.330002 63.610001 11640100 63.196949
20150504 63.68 64.870003 63.639999 64.720001 14972500 64.299741
20150505 64.510002 65.32 64.290001 64.400002 17692400 63.98182
20150506 64.529999 65.07 63.419998 63.919998 18087900 63.504933
20150507 63.669998 64.599998 63.25 64.50 15039900 64.081169
20150508 64.970001 65.650002 64.599998 65.489998 16802600 65.064738
20150511 65.260002 65.639999 65.080002 65.449997 13798800 65.024997
20150512 65.309998 65.540001 64.760002 65.360001 12762200 64.935585
20150513 65.419998 65.629997 65.059998 65.519997 11874100 65.094542
20150514 65.830002 66.18 65.709999 66.050003 11855500 65.621107
20150515 66.129997 66.160004 65.440002 65.879997 11152100 65.452205
20150518 65.800003 66.540001 65.800003 66.419998 10510900 65.988699
20150519 66.769997 67.190002 66.57 67.010002 14282700 66.574872
20150520 66.949997 67.029999 66.400002 66.480003 12446000 66.048315
20150521 66.139999 66.68 66.010002 66.650002 12934500 66.217209
20150522 66.629997 66.830002 66.32 66.470001 9296900 66.038378
20150526 66.199997 66.290001 65.309998 65.730003 15571300 65.303185
20150527 65.949997 66.650002 65.82 66.470001 10963700 66.038378
20150528 66.360001 66.400002 65.739998 66.199997 11797400 65.770127
20150529 66.18 66.220001 65.360001 65.779999 14310700 65.352856
20150601 65.989998 66.660004 65.970001 66.080002 11899300 65.650911
20150602 65.830002 66.389999 65.580002 66.019997 12784200 65.591295
20150603 66.43 67.129997 66.269997 66.699997 12927300 66.26688
20150604 66.309998 67.050003 66.010002 66.330002 13863300 65.899287
20150605 67.370003 67.839996 67.010002 67.419998 20801100 66.982206
20150608 67.459999 67.550003 66.809998 66.889999 14558700 66.455649
20150609 66.949997 67.269997 66.470001 67.18 13263500 66.743766
20150610 67.589996 68.50 67.470001 68.260002 17478900 67.816755
20150611 68.360001 68.68 68.150002 68.519997 13739900 68.075061
20150612 68.309998 68.540001 67.870003 68.25 11804700 67.806818
20150615 67.580002 68.209999 67.300003 67.989998 14082300 67.548504
20150616 67.769997 68.519997 67.620003 68.370003 11692800 67.926042
20150617 68.410004 68.68 68.040001 68.139999 14521900 67.697532
20150618 68.349998 68.82 67.900002 68.779999 16759600 68.333375
20150619 68.459999 68.669998 67.919998 68.080002 21606400 67.637924
20150622 68.870003 69.290001 68.75 68.959999 14306700 68.512207
20150623 69.349998 69.82 69.190002 69.75 15736900 69.297078
20150624 69.510002 69.769997 68.910004 69.019997 16995000 68.571815
20150625 69.32 69.470001 68.639999 68.650002 13314300 68.204222
20150626 68.940002 69.290001 68.769997 68.949997 14489200 68.50227
20150629 67.68 68.260002 67.160004 67.199997 19934400 66.763633
20150630 67.889999 68.110001 67.160004 67.760002 20677400 67.320002
20150701 68.120003 68.389999 67.779999 68.07 13964400 68.07
20150702 67.949997 68.129997 67.190002 67.519997 12822900 67.519997
20150706 66.879997 67.459999 66.540001 67.330002 13527100 67.330002
20150707 67.089996 67.220001 65.300003 66.800003 22421500 66.800003
20150708 66.00 66.160004 65.209999 65.43 17707200 65.43
20150709 66.489998 66.699997 65.989998 66.110001 14984700 66.110001
20150710 67.220001 67.400002 66.830002 67.050003 12356100 67.050003
20150713 67.889999 68.139999 67.68 68.089996 16175600 68.089996
20150714 67.980003 69.099998 67.760002 69.040001 20165000 69.040001
20150715 69.230003 69.43 68.849998 69.190002 16867900 69.190002
20150716 69.629997 69.949997 69.410004 69.559998 18011100 69.559998
20150717 69.349998 69.489998 68.919998 69.209999 13996500 69.209999
20150720 69.50 69.769997 69.18 69.260002 11413500 69.260002
20150721 69.160004 69.540001 68.870003 69.099998 11529800 69.099998
20150722 69.279999 70.290001 69.199997 70.080002 15442400 70.080002
20150723 70.190002 70.610001 69.459999 69.639999 14142900 69.639999
20150724 69.440002 69.559998 68.68 68.910004 12397800 68.910004
20150727 68.150002 68.220001 67.57 68.010002 16767600 68.010002
20150728 68.550003 68.599998 67.769997 68.050003 14878300 68.050003
20150729 68.32 69.099998 68.160004 68.940002 13003700 68.940002
20150730 68.93 69.449997 68.540001 69.040001 10116100 69.040001
20150731 69.010002 69.040001 68.400002 68.529999 11710800 68.529999
20150803 68.589996 68.839996 68.00 68.529999 9909200 68.529999
20150804 68.470001 68.949997 68.309998 68.459999 10937100 68.459999
20150805 69.050003 69.419998 68.559998 68.730003 11152300 68.730003
20150806 68.75 68.940002 68.00 68.25 10803400 68.25
20150807 68.330002 68.739998 67.550003 68.050003 11430400 68.050003
20150810 68.220001 69.010002 68.220001 68.889999 12534700 68.889999
20150811 68.230003 68.400002 67.849998 68.230003 14722400 68.230003
20150812 67.410004 67.550003 66.07 67.239998 21069000 67.239998
20150813 67.25 67.800003 66.970001 67.550003 11878800 67.550003
20150814 67.419998 67.910004 67.400002 67.889999 11216900 67.889999
20150817 67.620003 68.239998 67.400002 68.07 10309400 68.07
20150818 67.980003 68.360001 67.839996 68.209999 10606200 68.209999
20150819 67.93 68.309998 67.360001 67.599998 15166900 67.599998
20150820 66.809998 67.040001 65.940002 65.940002 20849000 65.940002
20150821 65.089996 65.440002 63.57 63.599998 27837400 63.599998
20150824 59.290001 62.919998 50.07 60.25 35961700 60.25
20150825 63.099998 63.32 59.73 59.91 31549000 59.91
20150826 61.799999 62.98 60.549999 62.91 33237500 62.91
20150827 63.98 64.730003 63.139999 64.480003 28837700 64.480003
20150828 64.290001 64.459999 63.599998 64.129997 16576900 64.129997
20150831 63.610001 64.349998 63.470001 64.099998 14087200 64.099998
20150901 62.849998 62.849998 60.990002 61.450001 23563900 61.450001
20150902 62.619999 62.91 61.540001 62.57 17631500 62.57
20150903 62.880001 63.66 62.450001 62.68 16937200 62.68
20150904 61.799999 61.919998 60.75 61.50 20178900 61.50
20150908 62.77 63.200001 62.330002 63.16 13111700 63.16
20150909 63.939999 64.339996 62.00 62.18 13718600 62.18
20150910 61.860001 63.00 61.450001 62.66 15648200 62.66
20150911 62.380001 62.66 61.990002 62.560001 12721800 62.560001
20150914 62.639999 62.689999 62.119999 62.380001 10176900 62.380001
20150915 62.759998 63.889999 62.509998 63.580002 13897100 63.580002
20150916 63.889999 64.290001 63.209999 64.139999 12216000 64.139999
20150917 64.139999 64.639999 62.389999 62.650002 20816400 62.650002
20150918 61.830002 61.830002 60.779999 60.939999 30758800 60.939999
20150921 61.52 61.91 61.080002 61.450001 13094800 61.450001
20150922 60.599998 61.09 60.419998 60.91 14662800 60.91
20150923 60.799999 61.150002 60.32 60.639999 11626400 60.639999
20150924 60.009998 60.380001 59.459999 60.220001 16851200 60.220001
20150925 61.27 61.860001 60.869999 61.470001 18282500 61.470001
