20130102 36.990002 37.599998 36.66 37.599998 21872400 34.606383
20130103 37.450001 37.599998 37.110001 37.599998 16357900 34.606383
20130104 37.650002 37.869999 37.52 37.66 15311300 34.661607
20130107 37.52 37.52 37.099998 37.299999 14610200 34.330269
20130108 37.189999 37.279999 36.91 37.040001 14324300 34.090971
20130109 37.200001 37.200001 36.830002 37.029999 10563700 34.081765
20130110 37.119999 37.169998 36.759998 36.959999 15603700 34.017339
20130111 36.84 36.939999 36.52 36.91 15644800 33.97132
20130114 36.950001 37.110001 36.799999 36.990002 11001500 34.044952
20130115 36.990002 37.43 36.799999 37.32 12721600 34.348677
20130116 37.209999 37.419998 37.119999 37.32 9168000 34.348677
20130117 37.43 37.66 37.330002 37.509998 12121800 34.523548
20130118 37.490002 37.709999 37.310001 37.700001 14056100 34.698423
20130122 37.740002 37.740002 37.049999 37.130001 21249400 34.173805
20130123 37.080002 37.259998 37.040001 37.130001 13570200 34.173805
20130124 37.200001 37.25 37.00 37.110001 13258900 34.155397
20130125 37.18 37.25 36.91 37.049999 14040700 34.100173
20130128 37.07 37.110001 36.860001 37.009998 13386500 34.063357
20130129 36.880001 37.57 36.860001 37.419998 17705800 34.440714
20130130 37.400002 37.610001 37.32 37.50 13219400 34.514346
20130131 37.529999 37.529999 37.110001 37.240002 12969100 34.275048
20130201 37.540001 37.709999 37.369999 37.540001 11932600 34.551162
20130204 37.48 37.580002 37.299999 37.349998 9456300 34.376287
20130205 37.560001 38.16 37.560001 38.139999 17897300 35.10339
20130206 38.130001 38.43 38.00 38.310001 16823700 35.259857
20130207 38.419998 39.060001 38.349998 38.91 18805300 35.812085
20130208 38.849998 38.939999 38.599998 38.77 12308000 35.683232
20130211 38.709999 38.830002 38.41 38.610001 12159900 35.535971
20130212 38.110001 38.16 37.279999 37.560001 30700500 34.56957
20130213 37.669998 37.939999 37.009998 37.209999 19943800 34.247434
20130214 37.240002 37.509998 36.700001 36.84 22748600 33.906894
20130215 36.939999 37.419998 36.540001 37.419998 25204300 34.440714
20130219 37.509998 37.77 37.459999 37.669998 14850600 34.670809
20130220 37.700001 37.880001 37.41 37.73 12949300 34.726034
20130221 37.619999 37.790001 37.43 37.709999 14135100 34.707625
20130222 37.759998 38.52 37.709999 38.52 20102800 35.453137
20130225 38.560001 38.720001 37.720001 37.720001 15874600 34.716831
20130226 37.950001 38.189999 37.779999 38.110001 15770000 35.07578
20130227 38.029999 38.540001 37.919998 38.450001 14271100 35.38871
20130228 38.470001 38.970001 38.419998 38.720001 19005500 35.637214
20130301 38.490002 38.790001 38.490002 38.700001 13724500 35.618806
20130304 38.599998 38.82 38.450001 38.82 9934300 35.729251
20130305 38.98 39.00 38.560001 38.68 13240700 35.600398
20130306 38.799999 39.040001 38.700001 39.02 11653900 35.913328
20130307 39.040001 39.189999 38.84 39.119999 15094900 36.005365
20130308 39.169998 39.419998 39.029999 39.220001 11183600 36.097405
20130311 39.200001 39.380001 39.18 39.310001 9200400 36.18024
20130312 39.279999 39.310001 38.799999 38.959999 11375900 35.858104
20130313 38.82 38.869999 38.549999 38.59 14358300 35.774671
20130314 38.82 39.119999 38.66 39.02 14572500 36.1733
20130315 38.82 38.939999 38.66 38.830002 20781900 35.997163
20130318 38.610001 38.939999 38.57 38.759998 11479900 35.932267
20130319 38.919998 39.400002 38.82 39.330002 15192000 36.460686
20130320 39.400002 39.919998 39.360001 39.869999 19271900 36.961287
20130321 39.849998 40.43 39.759998 40.07 23063600 37.146697
20130322 39.98 40.279999 39.889999 40.040001 16128500 37.118887
20130325 40.110001 40.25 39.959999 40.119999 15718400 37.193049
20130326 40.130001 40.700001 40.130001 40.689999 13666500 37.721464
20130327 40.450001 40.540001 40.060001 40.220001 14559900 37.285755
20130328 40.380001 40.599998 40.02 40.439999 14227200 37.489703
20130401 40.389999 40.490002 40.169998 40.450001 8200500 37.498975
20130402 40.43 40.900002 40.419998 40.720001 13359200 37.749278
20130403 40.779999 40.82 40.080002 40.169998 13639200 37.2394
20130404 40.27 40.59 40.200001 40.540001 11435900 37.582409
20130405 40.209999 40.360001 40.009998 40.080002 10729500 37.15597
20130408 40.060001 40.869999 39.77 40.860001 22757900 37.879064
20130409 40.810001 41.130001 40.509998 40.709999 21056100 37.740005
20130410 40.779999 41.169998 40.709999 41.07 9703700 38.073742
20130411 41.130001 41.41 41.060001 41.18 10962500 38.175718
20130412 40.91 41.110001 40.68 41.080002 10394700 38.083015
20130415 40.849998 40.990002 40.049999 40.09 16050600 37.165238
20130416 41.400002 42.48 41.25 42.369999 32135700 39.2789
20130417 42.139999 42.700001 42.029999 42.549999 24208000 39.445769
20130418 42.48 42.650002 42.09 42.099998 16034200 39.028598
20130419 42.279999 42.77 42.200001 42.66 13875800 39.547744
20130422 42.52 42.849998 42.400002 42.720001 10544100 39.603368
20130423 42.779999 42.959999 42.259998 42.700001 11216200 39.584827
20130424 42.639999 42.900002 42.099998 42.150002 11368200 39.074953
20130425 42.259998 42.540001 42.080002 42.349998 10197100 39.260359
20130426 42.18 42.43 42.09 42.099998 15159800 39.028598
20130429 42.240002 42.290001 41.919998 42.240002 11311100 39.158387
20130430 42.150002 42.389999 41.880001 42.330002 13432200 39.241821
20130501 42.150002 42.560001 42.139999 42.209999 8710600 39.130573
20130502 41.66 42.16 41.490002 41.959999 18709600 38.898812
20130503 42.169998 42.419998 41.959999 42.240002 11757800 39.158387
20130506 42.290001 42.290001 41.869999 42.080002 9356100 39.01006
20130507 42.209999 42.709999 42.150002 42.700001 13785300 39.584827
20130508 42.540001 42.68 42.16 42.459999 12636300 39.362334
20130509 42.509998 42.560001 42.00 42.119999 10113700 39.047139
20130510 42.110001 42.240002 41.849998 42.150002 9927000 39.074953
20130513 42.139999 42.439999 42.00 42.189999 9291000 39.112032
20130514 42.18 42.669998 42.009998 42.52 13023900 39.417958
20130515 42.50 43.099998 42.389999 42.919998 12306200 39.788774
20130516 42.91 43.43 42.790001 43.09 12330000 39.946374
20130517 43.049999 43.130001 42.560001 42.970001 12611200 39.835129
20130520 42.950001 42.950001 42.299999 42.380001 9966000 39.288173
20130521 42.48 42.560001 42.07 42.34 9148800 39.25109
20130522 42.279999 42.860001 42.040001 42.25 13615600 39.167656
20130523 41.93 42.07 41.560001 41.93 10934200 38.871002
20130524 41.540001 42.369999 41.50 42.240002 11542100 39.158387
20130528 42.599998 43.049999 42.400002 42.549999 14412100 39.445769
20130529 42.34 42.43 41.310001 41.400002 16986600 38.379669
20130530 41.490002 41.599998 40.75 40.77 20874500 37.795629
20130531 40.650002 40.77 39.990002 39.990002 26184400 37.072535
20130603 39.950001 40.84 39.630001 40.810001 16577200 37.832712
20130604 41.59 41.720001 40.950001 41.419998 19241000 38.398207
20130605 41.400002 41.400002 40.599998 40.650002 16429300 37.684385
20130606 40.549999 40.790001 40.310001 40.790001 11171600 37.814171
20130607 41.200001 41.73 40.98 41.41 14459600 38.388938
20130610 41.50 41.52 41.040001 41.18 11247400 38.175718
20130611 40.880001 40.98 40.400002 40.790001 16491600 37.814171
20130612 40.790001 40.939999 40.279999 40.389999 11611100 37.702155
20130613 40.310001 40.48 39.68 40.41 17861200 37.720824
20130614 40.380001 40.790001 40.259998 40.34 13635100 37.655483
20130617 40.540001 40.91 40.400002 40.68 12409200 37.972857
20130618 40.700001 40.990002 40.57 40.93 9893100 38.20622
20130619 41.009998 41.439999 40.41 40.41 16936100 37.720824
20130620 40.27 40.349998 38.970001 39.130001 24899700 36.526006
20130621 39.630001 39.970001 39.299999 39.759998 21938300 37.114079
20130624 39.450001 40.009998 39.130001 39.529999 16433700 36.899385
20130625 39.82 39.93 39.439999 39.720001 12942100 37.076743
20130626 40.080002 40.48 40.060001 40.330002 13855600 37.64615
20130627 40.650002 40.880001 40.240002 40.259998 11459100 37.580805
20130628 40.25 40.439999 40.099998 40.110001 16316000 37.440789
20130701 40.50 40.919998 40.360001 40.459999 10754300 37.767496
20130702 40.470001 40.740002 40.18 40.369999 12248300 37.683486
20130703 40.240002 40.560001 40.029999 40.490002 5264800 37.795502
20130705 40.720001 40.799999 40.150002 40.52 10402200 37.823505
20130708 40.650002 40.759998 40.419998 40.540001 9936300 37.842174
20130709 40.860001 41.07 40.720001 40.830002 8760500 38.112876
20130710 40.919998 40.959999 40.529999 40.68 9539300 37.972857
20130711 41.00 41.150002 40.740002 41.029999 13489600 38.299564
20130712 41.029999 41.130001 40.73 41.029999 10686400 38.299564
20130715 41.049999 41.25 40.93 41.009998 11418400 38.280895
20130716 39.779999 40.50 39.50 40.23 33575600 37.552803
20130717 40.549999 40.98 40.310001 40.84 18513100 38.122209
20130718 40.860001 41.07 40.740002 40.810001 9708800 38.094207
20130719 40.880001 41.099998 40.790001 41.09 11401100 38.355573
20130722 41.080002 41.139999 40.759998 40.84 9425100 38.122209
20130723 40.950001 41.130001 40.790001 40.959999 9400900 38.234223
20130724 41.119999 41.130001 40.75 40.860001 10511000 38.140879
20130725 40.810001 40.880001 40.48 40.84 9147300 38.122209
20130726 40.650002 40.650002 40.009998 40.639999 12279600 37.935518
20130729 40.610001 40.68 40.259998 40.279999 10132000 37.599475
20130730 40.419998 40.73 40.25 40.32 10769400 37.636814
20130731 40.41 40.580002 40.060001 40.080002 13557100 37.412787
20130801 40.400002 40.75 40.400002 40.57 12001100 37.870177
20130802 40.029999 40.41 39.91 40.220001 25516600 37.54347
20130805 40.18 40.470001 40.18 40.290001 9933200 37.608811
20130806 40.23 40.43 40.060001 40.369999 8645600 37.683486
20130807 40.310001 40.330002 40.060001 40.150002 9301800 37.478128
20130808 40.299999 40.360001 40.02 40.200001 9481100 37.5248
20130809 40.25 40.32 40.049999 40.16 9021600 37.487461
20130812 40.040001 40.099998 39.709999 39.830002 13970000 37.179424
20130813 39.93 40.049999 39.50 39.650002 13548700 37.011402
20130814 39.59 39.68 39.349998 39.529999 13787100 36.899385
20130815 39.299999 39.400002 39.02 39.09 14227800 36.488667
20130816 39.029999 39.18 38.709999 39.049999 20565200 36.451328
20130819 39.049999 39.09 38.689999 38.779999 11913000 36.199296
20130820 38.849998 39.139999 38.650002 38.650002 10238200 36.077949
20130821 38.630001 38.700001 38.25 38.279999 15799000 35.732569
20130822 38.32 38.52 38.099998 38.310001 10307900 35.760575
20130823 38.610001 38.610001 38.369999 38.52 11302800 35.956599
20130826 38.599998 38.599998 38.110001 38.119999 12740600 35.583217
20130827 37.98 38.240002 37.799999 38.150002 16742500 35.611223
20130828 38.060001 38.529999 38.049999 38.349998 19245200 35.797911
20130829 38.470001 38.470001 38.099998 38.099998 14215700 35.564547
20130830 38.16 38.279999 38.00 38.18 14296600 35.639225
20130903 38.27 38.400002 37.799999 37.900002 19068500 35.37786
20130904 37.880001 38.73 37.810001 38.540001 19138600 35.975269
20130905 38.630001 38.689999 38.060001 38.240002 14290500 35.695234
20130906 38.380001 38.619999 38.099998 38.349998 13976900 35.797911
20130909 38.52 38.549999 38.27 38.52 10605500 35.956599
20130910 38.77 38.779999 38.509998 38.630001 11757300 36.05928
20130911 38.68 38.779999 38.529999 38.779999 11996500 36.199296
20130912 38.59 38.610001 38.279999 38.439999 12114100 36.14288
20130913 38.560001 38.740002 38.419998 38.689999 11623600 36.377941
20130916 39.029999 39.200001 38.740002 38.860001 13351500 36.537784
20130917 38.810001 39.09 38.790001 38.790001 12881700 36.471967
20130918 38.810001 39.599998 38.580002 39.59 18030500 37.224159
20130919 39.639999 39.669998 39.150002 39.310001 14251700 36.960893
20130920 39.330002 39.400002 38.779999 39.400002 30675300 37.045515
20130923 39.16 39.189999 38.439999 38.630001 19016200 36.321528
20130924 38.720001 38.869999 38.52 38.529999 15083300 36.227502
20130925 38.650002 38.68 38.299999 38.330002 11446100 36.039457
20130926 38.490002 38.740002 38.389999 38.740002 10941100 36.424956
20130927 38.57 38.580002 38.150002 38.400002 12609600 36.105273
20130930 38.189999 38.299999 37.75 37.880001 18101500 35.616347
20131001 38.00 38.09 37.619999 37.950001 13196000 35.682164
20131002 37.810001 37.810001 37.209999 37.43 25664200 35.193238
20131003 37.459999 37.459999 37.130001 37.16 14437900 34.939372
20131004 37.25 37.27 36.91 37.200001 17217500 34.976983
20131007 37.080002 37.380001 36.830002 37.049999 16708600 34.835945
20131008 37.099998 37.41 36.900002 37.279999 20471300 35.0522
20131009 37.380001 37.419998 37.009998 37.080002 18998900 34.864155
20131010 37.77 37.860001 37.450001 37.779999 17174400 35.522321
20131011 37.919998 37.919998 37.52 37.77 14266900 35.51292
20131014 37.560001 37.950001 37.509998 37.91 14202900 35.644553
20131015 38.18 38.369999 37.599998 37.66 21676600 35.409493
20131016 38.009998 38.240002 37.779999 38.00 17995100 35.729175
20131017 38.060001 38.560001 38.009998 38.549999 15900200 36.246307
20131018 38.580002 38.779999 38.419998 38.779999 18896600 36.462563
20131021 38.950001 38.950001 38.599998 38.82 12977500 36.500173
20131022 38.860001 39.25 38.689999 39.09 17110200 36.754039
20131023 39.080002 39.25 38.799999 39.09 12591800 36.754039
20131024 39.150002 39.369999 38.759998 38.799999 17143800 36.481368
20131025 38.84 39.130001 38.630001 39.029999 14383400 36.697623
20131028 39.02 39.740002 38.990002 39.610001 16552100 37.242965
20131029 39.57 39.959999 39.349998 39.799999 14199600 37.421609
20131030 39.880001 39.889999 39.509998 39.619999 12360000 37.252365
20131031 39.509998 39.860001 39.509998 39.57 14853500 37.205354
20131101 39.57 39.720001 39.330002 39.610001 12430400 37.242965
20131104 39.709999 39.810001 39.299999 39.509998 10252100 37.148938
20131105 39.360001 39.639999 39.220001 39.50 10575000 37.139538
20131106 39.619999 40.220001 39.419998 40.049999 17198000 37.65667
20131107 40.080002 40.25 39.759998 39.830002 16233200 37.449819
20131108 39.740002 40.049999 39.490002 40.049999 11903600 37.65667
20131111 40.009998 40.049999 39.77 39.869999 9567800 37.487426
20131112 39.91 39.990002 39.619999 39.880001 10509200 37.49683
20131113 39.82 40.119999 39.650002 40.119999 11770500 37.722486
20131114 40.09 40.439999 40.029999 40.209999 10887200 37.807108
20131115 40.16 40.32 39.959999 40.220001 12021500 37.816513
20131118 40.240002 40.240002 40.00 40.169998 9553900 37.769498
20131119 40.139999 40.23 39.919998 40.139999 11014800 37.741291
20131120 40.049999 40.450001 39.939999 40.060001 14422500 37.666074
20131121 40.200001 40.490002 40.099998 40.43 26364300 38.013962
20131122 40.34 40.459999 40.09 40.43 26396500 38.013962
20131125 40.48 40.880001 40.330002 40.369999 14059100 37.957547
20131126 40.490002 40.599998 40.240002 40.25 14240400 37.844719
20131127 40.09 40.380001 39.689999 40.189999 9909100 38.053021
20131129 40.27 40.48 40.110001 40.189999 8641100 38.053021
20131202 40.099998 40.200001 39.75 40.080002 16738800 37.948873
20131203 40.049999 40.389999 40.009998 40.349998 16592300 38.204513
20131204 40.200001 40.470001 39.939999 40.369999 13196100 38.22345
20131205 40.279999 40.400002 39.799999 39.830002 18171200 37.712166
20131206 40.049999 40.50 40.049999 40.459999 12557100 38.308665
20131209 40.400002 40.50 40.200001 40.400002 12237100 38.251858
20131210 40.259998 40.290001 39.75 39.849998 15967800 37.731099
20131211 39.950001 40.34 39.889999 40.130001 14963500 37.996214
20131212 39.990002 40.209999 39.18 39.209999 19817700 37.12513
20131213 39.470001 39.639999 39.209999 39.23 14037400 37.144067
20131216 39.459999 39.57 39.200001 39.27 14562100 37.181941
20131217 39.119999 39.25 38.869999 39.099998 17655700 37.020978
20131218 39.259998 40.080002 39.00 40.02 23884500 37.892062
20131219 39.970001 40.099998 39.560001 39.860001 14791800 37.74057
20131220 39.919998 40.189999 39.849998 40.040001 22237200 37.910999
20131223 40.099998 40.240002 39.869999 40.16 10943200 38.024617
20131224 40.169998 40.310001 40.099998 40.189999 4783800 38.053021
20131226 40.220001 40.540001 40.139999 40.490002 8588300 38.337072
20131227 40.689999 40.790001 40.529999 40.66 6762200 38.498031
20131230 40.77 41.139999 40.759998 41.09 10927500 38.905168
20131231 41.130001 41.389999 40.98 41.310001 11729200 39.113471
20140102 41.119999 41.23 40.509998 40.66 12698600 38.498031
20140103 40.68 40.73 40.349998 40.459999 10403400 38.308665
20140106 40.48 40.59 40.16 40.27 11036300 38.128769
20140107 40.48 40.720001 40.290001 40.389999 11872300 38.242387
20140108 40.439999 40.439999 39.830002 39.939999 15339600 37.816314
20140109 39.950001 40.00 39.52 39.73 14070200 37.617481
20140110 39.959999 40.290001 39.900002 40.130001 13290000 37.996214
20140113 40.00 40.130001 39.50 39.529999 14091900 37.428115
20140114 39.639999 39.919998 39.580002 39.689999 12801100 37.579607
20140115 39.830002 39.939999 39.580002 39.759998 12844900 37.645885
20140116 39.779999 39.82 39.580002 39.709999 11063100 37.598544
20140117 39.720001 39.75 39.279999 39.279999 13992700 37.191408
20140121 39.639999 39.919998 39.529999 39.919998 17579000 37.797377
20140122 39.990002 40.09 39.75 39.900002 9841700 37.778444
20140123 39.610001 39.639999 39.119999 39.240002 14828100 37.153537
20140124 39.080002 39.25 38.82 38.84 16507500 36.774805
20140127 38.82 38.98 38.709999 38.73 14601900 36.670653
20140128 38.77 39.080002 38.619999 38.869999 8915500 36.803208
20140129 38.57 38.57 37.82 37.900002 23776100 35.884787
20140130 38.00 38.41 38.00 38.169998 13662000 36.140428
20140131 37.950001 38.16 37.720001 37.82 16185000 35.809039
20140203 38.02 38.02 37.099998 37.200001 23164900 35.222007
20140204 37.439999 37.549999 37.209999 37.48 17759700 35.487118
20140205 37.490002 37.720001 37.380001 37.610001 13665200 35.610206
20140206 38.759998 38.939999 37.919998 38.029999 22661500 36.007873
20140207 38.169998 38.349998 37.869999 37.950001 20389000 35.932128
20140210 38.07 38.619999 37.84 38.57 20877200 36.519161
20140211 38.669998 38.779999 38.509998 38.639999 15361300 36.585438
20140212 38.849998 38.919998 38.400002 38.509998 10633400 36.46235
20140213 38.130001 38.759998 38.130001 38.650002 10435600 36.594909
20140214 38.599998 39.02 38.27 38.93 16030100 36.860019
20140218 37.98 38.110001 37.259998 37.470001 46098500 35.477651
20140219 37.50 37.599998 37.049999 37.099998 26645100 35.127322
20140220 37.060001 37.52 36.889999 37.299999 22639900 35.316688
20140221 37.59 37.619999 37.139999 37.18 19419800 35.20307
20140224 37.299999 37.599998 37.220001 37.50 24223500 35.506055
20140225 37.630001 37.939999 37.50 37.77 22845500 35.761699
20140226 37.900002 37.939999 37.720001 37.869999 18195100 35.85638
20140227 37.84 38.110001 37.799999 38.07 18423400 36.045747
20140228 38.080002 38.389999 38.040001 38.200001 15763200 36.168835
20140303 37.880001 38.16 37.849998 38.119999 18683400 36.093087
20140304 38.34 38.389999 38.23 38.310001 20425200 36.272987
20140305 38.419998 38.450001 38.25 38.349998 14367400 36.310857
20140306 38.400002 38.549999 38.27 38.470001 14700000 36.424479
20140307 38.560001 38.610001 38.360001 38.549999 17047600 36.500224
20140310 38.549999 38.650002 38.439999 38.650002 14540800 36.594909
20140311 38.84 38.84 38.540001 38.799999 13812100 36.736931
20140312 38.27 38.50 38.209999 38.470001 15673700 36.713073
20140313 38.450001 38.490002 37.919998 37.970001 18302800 36.235908
20140314 37.950001 38.32 37.880001 38.169998 14687200 36.426771
20140317 38.169998 38.369999 38.049999 38.27 19203000 36.522206
20140318 38.27 38.459999 38.139999 38.400002 16880400 36.64627
20140319 38.360001 38.59 38.099998 38.139999 20882200 36.398142
20140320 38.110001 38.470001 37.950001 38.450001 13228000 36.693986
20140321 38.779999 38.830002 38.279999 38.439999 19189100 36.68444
20140324 38.48 38.529999 38.209999 38.400002 15693000 36.64627
20140325 38.490002 38.799999 38.459999 38.619999 16898900 36.85622
20140326 38.689999 38.939999 38.610001 38.610001 15835500 36.846678
20140327 38.509998 39.00 38.48 38.82 13031500 37.047087
20140328 38.889999 39.029999 38.82 38.950001 11502100 37.171151
20140331 38.990002 39.029999 38.459999 38.66 24489800 36.894394
20140401 38.529999 38.889999 38.310001 38.41 20515700 36.655812
20140402 38.490002 38.540001 38.299999 38.330002 15709100 36.579467
20140403 38.389999 38.490002 38.040001 38.07 18114000 36.331339
20140404 38.240002 38.48 38.139999 38.220001 15453600 36.47449
20140407 38.27 38.889999 38.259998 38.619999 17295700 36.85622
20140408 38.669998 38.900002 38.48 38.900002 14769900 37.123435
20140409 38.84 38.990002 38.700001 38.990002 12031400 37.209325
20140410 38.98 39.400002 38.82 38.889999 21025700 37.11389
20140411 38.830002 39.220001 38.57 38.630001 18084200 36.865765
20140414 38.709999 38.799999 38.400002 38.73 19389800 36.961197
20140415 39.830002 40.470001 39.50 40.18 47529200 38.344976
20140416 40.119999 40.59 40.119999 40.59 21919900 38.736251
20140417 40.43 40.720001 40.25 40.720001 18547100 38.860315
20140421 40.470001 40.759998 40.349998 40.75 12630900 38.888944
20140422 40.580002 40.759998 40.419998 40.709999 17404900 38.85077
20140423 40.700001 40.810001 40.560001 40.73 12072500 38.869857
20140424 40.700001 40.889999 40.459999 40.700001 11392600 38.841228
20140425 40.459999 41.009998 40.439999 41.009998 16811400 39.137068
20140428 40.82 41.279999 40.740002 41.029999 20736700 39.156155
20140429 40.970001 41.029999 40.52 40.57 18928400 38.717164
20140430 40.689999 40.880001 40.59 40.790001 12362000 38.927118
20140501 40.790001 40.799999 40.259998 40.779999 15385800 38.917572
20140502 40.790001 40.959999 40.630001 40.950001 14197000 39.07981
20140505 40.650002 40.93 40.549999 40.759998 10163500 38.898485
20140506 40.52 40.66 40.450001 40.490002 9359900 38.64082
20140507 40.700001 40.970001 40.630001 40.91 11115600 39.041636
20140508 40.849998 40.959999 40.650002 40.73 8538700 38.869857
20140509 40.779999 40.950001 40.709999 40.869999 8516400 39.003462
20140512 40.880001 40.970001 40.689999 40.82 8906000 38.955747
20140513 40.830002 41.220001 40.82 41.110001 11579600 39.232503
20140514 41.02 41.18 40.830002 40.889999 10036100 39.022549
20140515 40.619999 40.959999 40.439999 40.52 12379200 38.669448
20140516 40.52 40.91 40.450001 40.889999 13823900 39.022549
20140519 40.599998 40.73 40.419998 40.709999 7559500 38.85077
20140520 40.799999 40.93 40.57 40.580002 9639500 38.726709
20140521 40.549999 40.880001 40.50 40.869999 8607300 39.003462
20140522 40.77 40.84 40.529999 40.580002 8430400 38.726709
20140523 40.630001 40.700001 40.529999 40.580002 6255200 38.726709
20140527 40.560001 40.82 40.48 40.77 11282900 38.908031
20140528 40.700001 40.889999 40.529999 40.580002 7536700 38.726709
20140529 40.68 40.869999 40.599998 40.66 9867100 38.803054
20140530 40.540001 40.919998 40.490002 40.91 10446100 39.041636
20140602 40.75 40.889999 40.68 40.860001 7472100 38.993921
20140603 40.720001 41.00 40.709999 40.880001 10493100 39.013008
20140604 40.91 40.919998 40.709999 40.790001 7864700 38.927118
20140605 40.73 41.00 40.630001 40.889999 10131700 39.022549
20140606 40.939999 41.060001 40.84 40.990002 8760600 39.117985
20140609 40.849998 41.09 40.849998 40.91 7316400 39.041636
20140610 40.84 41.150002 40.810001 41.07 9168600 39.194329
20140611 40.98 41.060001 40.790001 40.860001 9648600 38.993921
20140612 40.41 40.68 40.369999 40.419998 11583600 38.864114
20140613 40.389999 40.529999 40.25 40.369999 9194600 38.81604
20140616 40.189999 40.77 40.150002 40.66 12878200 39.094878
20140617 41.18 41.200001 40.610001 40.919998 26926600 39.344868
20140618 40.790001 41.57 40.75 41.560001 18518200 39.960236
20140619 41.540001 41.869999 41.529999 41.790001 13275200 40.181382
20140620 41.869999 41.880001 41.529999 41.689999 23402600 40.085229
20140623 41.459999 41.740002 41.330002 41.73 13099300 40.12369
20140624 41.52 41.889999 41.470001 41.849998 14962800 40.23907
20140625 41.599998 41.98 41.459999 41.959999 17621800 40.344836
20140626 41.91 42.049999 41.779999 42.029999 16903300 40.412141
20140627 41.990002 42.290001 41.91 42.189999 18674400 40.565982
20140630 41.98 42.490002 41.82 42.360001 14068800 40.729441
20140701 42.389999 42.450001 42.150002 42.290001 11497700 40.662135
20140702 42.310001 42.41 42.150002 42.290001 6707000 40.662135
20140703 42.259998 42.32 42.009998 42.23 7537700 40.604444
20140707 41.959999 42.200001 41.93 42.139999 8991900 40.517908
20140708 41.970001 42.25 41.91 41.939999 10090500 40.325606
20140709 41.93 42.16 41.790001 41.950001 9891600 40.335223
20140710 41.560001 42.290001 41.549999 42.259998 12564500 40.633288
20140711 42.119999 42.25 41.880001 41.970001 9773000 40.354453
20140714 41.990002 42.389999 41.98 42.380001 11857700 40.748671
20140715 42.41 42.43 41.950001 42.099998 10541900 40.479447
20140716 42.259998 42.389999 42.02 42.119999 10331400 40.498677
20140717 41.93 42.150002 41.830002 42.02 9983500 40.402528
20140718 42.139999 42.470001 42.02 42.43 19272400 40.796746
20140721 42.119999 42.57 42.09 42.400002 17607200 40.767902
20140722 41.099998 41.330002 40.610001 41.189999 24706000 39.604475
20140723 40.98 41.049999 40.630001 40.810001 17531700 39.239105
20140724 40.970001 41.099998 40.66 40.970001 14856000 39.392946
20140725 40.919998 41.040001 40.810001 41.00 10809900 39.42179
20140728 40.990002 41.00 40.610001 40.68 11709100 39.114108
20140729 40.75 40.779999 40.349998 40.349998 10863600 38.796809
20140730 40.450001 40.50 39.610001 39.619999 20346200 38.09491
20140731 39.529999 39.73 39.25 39.290001 15434700 37.777614
20140801 39.130001 39.490002 39.060001 39.290001 13566700 37.777614
20140804 39.41 39.459999 39.119999 39.400002 11012900 37.88338
20140805 39.34 39.529999 39.099998 39.18 11639200 37.671848
20140806 39.130001 39.959999 39.130001 39.919998 17567500 38.383361
20140807 39.959999 40.009998 39.330002 39.349998 14367400 37.835302
20140808 39.34 39.580002 39.259998 39.450001 13667000 37.931455
20140811 39.52 39.869999 39.52 39.57 14102600 38.046835
20140812 39.560001 39.84 39.540001 39.68 13297500 38.152601
20140813 39.700001 40.099998 39.700001 39.939999 9646500 38.402592
20140814 39.93 40.189999 39.93 40.18 6902000 38.633355
20140815 40.849998 41.150002 40.66 40.880001 23221600 39.306411
20140818 40.790001 41.419998 40.790001 41.349998 14891500 39.758316
20140819 41.349998 41.48 41.16 41.259998 10260400 39.671781
20140820 41.150002 41.34 41.09 41.25 6782500 39.662167
20140821 41.290001 41.689999 41.220001 41.41 11951000 39.816008
20140822 41.290001 41.52 41.049999 41.119999 11244600 39.53717
20140825 41.32 41.450001 41.119999 41.41 10229300 39.816008
20140826 41.41 41.700001 41.41 41.599998 8416500 39.998693
20140827 41.529999 41.709999 41.439999 41.599998 7693100 39.998693
20140828 41.509998 41.700001 41.439999 41.630001 9746400 40.027541
20140829 41.599998 41.75 41.470001 41.720001 7666700 40.114077
20140902 41.52 41.84 41.310001 41.639999 9798100 40.037154
20140903 41.689999 41.849998 41.66 41.779999 8635400 40.171765
20140904 41.799999 42.169998 41.73 41.869999 16785300 40.2583
20140905 41.860001 41.860001 41.610001 41.84 12768100 40.229456
20140908 41.669998 41.939999 41.630001 41.779999 9097700 40.171765
20140909 41.77 42.029999 41.75 41.939999 11892500 40.325606
20140910 41.900002 42.189999 41.830002 42.169998 17558000 40.546752
20140911 41.68 42.060001 41.66 41.950001 19614000 40.629079
20140912 41.900002 41.919998 41.360001 41.459999 12979900 40.154507
20140915 41.450001 41.580002 41.330002 41.50 12259600 40.193248
20140916 41.290001 41.799999 41.18 41.639999 15232800 40.328839
20140917 41.77 41.779999 41.32 41.610001 16693800 40.299785
20140918 41.75 41.880001 41.549999 41.790001 12586400 40.474117
20140919 41.98 42.349998 41.75 42.049999 47559700 40.725929
20140922 41.849998 42.25 41.73 42.220001 11518100 40.890578
20140923 42.00 42.16 41.880001 41.889999 10251300 40.570967
20140924 41.849998 42.34 41.849998 42.27 13540900 40.939003
20140925 42.060001 42.169998 41.77 41.779999 11076300 40.46443
20140926 42.00 42.25 41.709999 42.200001 9939600 40.871207
20140929 41.900002 42.259998 41.880001 42.25 12441100 40.919632
20140930 42.099998 42.810001 42.080002 42.66 22613700 41.316722
20141001 42.549999 42.849998 42.369999 42.740002 30409700 41.394204
20141002 42.599998 42.779999 42.419998 42.66 16643200 41.316722
20141003 42.860001 43.07 42.66 43.00 14046300 41.646016
20141006 43.029999 43.68 42.970001 43.599998 20328100 42.227122
20141007 43.48 44.139999 43.48 43.919998 24936600 42.537045
20141008 43.580002 44.560001 43.509998 44.549999 26115600 43.147209
20141009 44.439999 44.75 43.869999 43.869999 25029300 42.48862
20141010 43.880001 44.869999 43.849998 44.470001 25920800 43.06973
20141013 44.279999 44.630001 44.029999 44.07 20175200 42.682323
20141014 44.040001 44.119999 43.470001 43.639999 21027400 42.265863
20141015 42.700001 43.529999 42.700001 43.23 22988600 41.868773
20141016 42.650002 42.939999 42.380001 42.560001 22519200 41.219872
20141017 42.689999 43.029999 42.310001 42.880001 23236000 41.529796
20141020 42.75 43.470001 42.709999 43.290001 17647800 41.926885
20141021 40.799999 41.189999 40.259998 40.68 55953500 39.399068
20141022 40.189999 41.110001 40.099998 40.619999 27728200 39.340956
20141023 40.939999 41.380001 40.740002 40.860001 23346800 39.573401
20141024 40.98 41.27 40.919998 41.029999 13396000 39.738046
20141027 40.700001 40.91 40.560001 40.759998 17222500 39.476547
20141028 40.759998 40.860001 40.509998 40.560001 18658700 39.282848
20141029 40.650002 41.029999 40.52 40.959999 25761800 39.670251
20141030 41.00 41.59 40.830002 41.400002 18295600 40.096398
20141031 41.830002 41.889999 41.400002 41.880001 18477700 40.561284
20141103 41.790001 42.279999 41.59 41.810001 13230600 40.493488
20141104 41.77 42.049999 41.66 41.82 10105300 40.503171
20141105 42.299999 42.540001 41.990002 42.310001 20676800 40.977744
20141106 42.43 42.619999 42.110001 42.290001 11528800 40.958373
20141107 42.450001 42.459999 42.139999 42.32 11803800 40.987427
20141110 42.25 42.57 42.09 42.389999 9088900 41.055223
20141111 42.380001 42.709999 42.360001 42.509998 8563700 41.171443
20141112 42.509998 42.889999 42.310001 42.709999 12767900 41.365147
20141113 42.650002 43.080002 42.630001 42.790001 12006900 41.442629
20141114 42.700001 42.970001 42.50 42.73 10939500 41.384517
20141117 42.75 42.990002 42.73 42.919998 10664000 41.568533
20141118 42.950001 43.860001 42.75 43.529999 26143000 42.159326
20141119 43.669998 44.43 43.560001 44.220001 25400600 42.827602
20141120 43.959999 44.419998 43.849998 44.25 13465200 42.856656
20141121 44.580002 44.740002 44.279999 44.50 14382600 43.098784
20141124 44.509998 44.779999 44.200001 44.27 12890800 42.876027
20141125 44.27 44.59 44.119999 44.43 10741700 43.030988
20141126 43.990002 44.369999 43.970001 44.290001 9199200 43.191899
20141128 44.150002 45.00 44.150002 44.830002 10502000 43.718512
20141201 44.18 44.77 44.130001 44.549999 10065700 43.445451
20141202 44.369999 44.669998 44.23 44.540001 9862400 43.435701
20141203 44.419998 44.439999 43.759998 43.799999 15246500 42.714046
20141204 43.619999 43.84 43.369999 43.50 13779700 42.421485
20141205 43.50 43.610001 43.200001 43.529999 12536900 42.45074
20141208 43.509998 43.630001 43.09 43.139999 12802300 42.07041
20141209 42.150002 42.529999 41.669998 42.040001 25714600 40.997684
20141210 42.040001 42.240002 41.560001 41.599998 18324100 40.568591
20141211 41.619999 42.009998 41.50 41.529999 16201500 40.500327
20141212 41.389999 41.610001 40.869999 40.91 18432400 39.8957
20141215 41.130001 41.18 40.560001 40.57 23378500 39.56413
20141216 40.200001 41.310001 39.799999 40.389999 23475400 39.388592
20141217 40.439999 41.759998 40.380001 41.549999 20223900 40.519832
20141218 41.860001 42.389999 41.75 42.389999 18030700 41.339005
20141219 42.439999 42.790001 41.889999 41.950001 24009500 40.909916
20141222 42.139999 42.439999 42.09 42.349998 11190900 41.299996
20141223 42.540001 43.139999 42.470001 42.970001 13411300 41.904627
20141224 43.099998 43.23 42.919998 42.939999 6405900 41.875368
20141226 42.970001 43.299999 42.93 42.959999 6466900 41.894873
20141229 42.799999 43.060001 42.490002 42.860001 8694500 41.797353
20141230 42.740002 42.990002 42.650002 42.759998 9222000 41.699831
20141231 42.919998 42.939999 42.220001 42.220001 9369500 41.173222
20150102 42.259998 42.400002 41.799999 42.139999 9921100 41.095204
20150105 42.689999 42.970001 42.080002 42.139999 26292600 41.095204
20150106 42.41 42.939999 42.240002 42.459999 16897500 41.407269
20150107 42.799999 43.110001 42.580002 42.990002 13412300 41.924131
20150108 43.18 43.57 43.099998 43.509998 21743600 42.431236
20150109 43.470001 43.560001 42.950001 43.029999 12733500 41.963137
20150112 43.07 43.200001 42.459999 42.639999 11415800 41.582807
20150113 42.830002 43.240002 42.450001 42.630001 12529500 41.573056
20150114 42.080002 42.599998 42.07 42.560001 13447600 41.504792
20150115 42.560001 42.860001 42.169998 42.380001 11193100 41.329255
20150116 42.360001 42.59 42.240002 42.529999 15114900 41.475534
20150120 42.700001 43.330002 42.610001 43.16 17047300 42.089915
20150121 42.889999 43.43 42.759998 43.360001 10720600 42.284957
20150122 43.369999 43.830002 43.07 43.779999 14709100 42.694542
20150123 43.599998 43.75 43.18 43.310001 12357700 42.236197
20150126 43.18 43.23 42.830002 43.00 11151900 41.933882
20150127 42.540001 42.639999 42.150002 42.389999 15274000 41.339005
20150128 42.59 42.799999 41.900002 41.919998 14278500 40.880657
20150129 41.77 42.150002 41.470001 42.099998 13657900 41.056194
20150130 41.830002 41.93 41.110001 41.169998 19193700 40.149252
20150202 41.209999 41.630001 40.900002 41.59 15197500 40.558841
20150203 41.75 41.849998 41.369999 41.630001 13193100 40.59785
20150204 41.77 42.09 41.619999 41.68 16400000 40.646609
20150205 41.799999 41.82 41.509998 41.790001 11078500 40.753883
20150206 41.630001 41.759998 41.32 41.450001 12108900 40.422312
20150209 41.380001 41.450001 41.040001 41.23 13371100 40.207766
20150210 42.91 43.029999 42.200001 42.400002 32184200 41.348759
20150211 42.099998 42.490002 41.700001 42.369999 20496300 41.319501
20150212 42.400002 42.66 42.07 42.169998 13818200 41.124459
20150213 42.02 42.23 41.759998 41.990002 10792100 40.948925
20150217 41.810001 41.880001 41.639999 41.810001 12804200 40.773387
20150218 41.75 41.799999 41.470001 41.73 9789800 40.695369
20150219 41.68 42.240002 41.529999 42.110001 16578300 41.065949
20150220 42.040001 42.110001 41.639999 41.970001 15982400 40.92942
20150223 41.709999 42.169998 41.689999 41.849998 11830300 40.812393
20150224 41.849998 42.330002 41.77 42.130001 12782700 41.085453
20150225 42.169998 42.240002 41.740002 42.049999 10323300 41.007435
20150226 42.040001 42.549999 41.970001 42.459999 14346500 41.407269
20150227 42.52 43.66 42.470001 43.299999 28312800 42.226443
20150302 43.299999 43.299999 43.080002 43.200001 13514600 42.128924
20150303 43.110001 43.16 42.84 42.950001 10036300 41.885122
20150304 42.919998 42.98 42.470001 42.50 16263000 41.446279
20150305 42.560001 42.610001 42.25 42.400002 9223000 41.348759
20150306 42.119999 42.200001 41.330002 41.52 18180500 40.490577
20150309 41.529999 41.549999 41.32 41.389999 10123300 40.363799
20150310 41.099998 41.150002 40.68 40.689999 14599100 39.681153
20150311 40.73 40.73 40.080002 40.099998 18549700 39.105781
20150312 40.099998 40.57 40.02 40.57 17728700 39.892419
20150313 40.439999 40.57 39.610001 39.91 17438400 39.243442
20150316 40.00 40.349998 39.990002 40.290001 15238800 39.617097
20150317 40.669998 40.73 40.32 40.509998 21661800 39.83342
20150318 40.48 40.790001 39.799999 40.599998 26247500 39.921917
20150319 40.48 40.52 39.959999 40.02 16057600 39.351606
20150320 40.07 40.66 40.009998 40.650002 31608500 39.971085
20150323 40.639999 40.939999 40.50 40.619999 17060500 39.941583
20150324 40.91 40.990002 40.470001 40.470001 13485700 39.794091
20150325 40.59 40.700001 40.240002 40.450001 22811300 39.774424
20150326 40.34 40.560001 40.23 40.349998 17359600 39.676092
20150327 40.48 40.48 39.970001 40.080002 14384400 39.410605
20150330 40.110001 40.610001 39.939999 40.509998 12561400 39.83342
20150331 40.509998 40.900002 40.349998 40.549999 16604800 39.872753
20150401 40.790001 40.810001 40.23 40.68 14300700 40.000582
20150402 40.73 40.869999 40.48 40.68 14343100 40.000582
20150406 40.77 41.610001 40.59 41.169998 19843400 40.482397
20150407 41.049999 41.369999 40.970001 41.009998 9773400 40.325069
20150408 40.98 41.09 40.740002 40.889999 8954700 40.207074
20150409 40.799999 41.080002 40.630001 41.049999 12710900 40.364402
20150410 41.09 41.16 40.849998 40.880001 8720000 40.197243
20150413 40.970001 40.970001 40.700001 40.700001 9616300 40.020249
20150414 40.59 40.650002 40.32 40.509998 11209700 39.83342
20150415 40.59 40.810001 40.32 40.400002 11189100 39.72526
20150416 40.41 40.860001 40.299999 40.599998 13121000 39.921917
20150417 40.470001 40.66 40.099998 40.299999 15330300 39.626928
20150420 40.419998 40.900002 40.41 40.66 13023700 39.980916
20150421 40.669998 40.990002 40.540001 40.779999 19673100 40.098911
20150422 41.560001 41.57 41.07 41.310001 26887200 40.620062
20150423 41.23 41.41 40.919998 40.950001 17408800 40.266074
20150424 41.040001 41.119999 40.810001 40.889999 11623300 40.207074
20150427 41.00 41.150002 40.779999 40.830002 10044600 40.148079
20150428 40.950001 40.970001 40.599998 40.77 12174800 40.08908
20150429 40.66 40.75 40.400002 40.490002 11371400 39.813757
20150430 40.400002 40.580002 40.279999 40.560001 12700800 39.882588
20150501 40.580002 40.93 40.50 40.91 10848300 40.226741
20150504 40.880001 41.099998 40.77 40.959999 10204800 40.275905
20150505 41.139999 41.139999 40.68 40.75 11721300 40.069413
20150506 41.040001 41.09 40.389999 40.66 11906900 39.980916
20150507 40.529999 40.91 40.509998 40.700001 13834700 40.020249
20150508 41.00 41.169998 40.849998 40.98 11144400 40.295571
20150511 40.98 41.389999 40.880001 40.939999 10113500 40.256238
20150512 40.77 40.959999 40.52 40.689999 12384500 40.010414
20150513 40.75 41.360001 40.720001 41.049999 13183700 40.364402
20150514 41.299999 41.599998 41.259998 41.50 9961000 40.806887
20150515 41.450001 41.689999 41.43 41.52 8479000 40.826553
20150518 41.490002 41.490002 41.25 41.32 11511700 40.629893
20150519 41.23 41.389999 41.130001 41.310001 9072000 40.620062
20150520 41.369999 41.59 41.310001 41.349998 10965200 40.659391
20150521 41.259998 41.32 41.07 41.23 9270900 40.541396
20150522 41.119999 41.240002 41.040001 41.209999 11909500 40.521729
20150526 41.119999 41.18 40.740002 40.990002 15194300 40.305406
20150527 40.939999 41.200001 40.830002 41.119999 9863100 40.433232
20150528 41.200001 41.299999 40.880001 41.139999 9395200 40.452899
20150529 41.18 41.18 40.77 40.959999 19628600 40.275905
20150601 41.360001 41.41 40.880001 40.939999 12684100 40.256238
20150602 40.84 41.16 40.68 40.990002 11878600 40.305406
20150603 41.099998 41.209999 40.779999 40.869999 8153800 40.187408
20150604 40.709999 40.98 40.529999 40.59 10145800 39.912085
20150605 40.48 40.52 40.080002 40.099998 15975600 39.430268
20150608 40.099998 40.259998 40.02 40.16 14339300 39.489267
20150609 40.169998 40.419998 40.110001 40.200001 10772700 39.5286
20150610 40.32 40.540001 40.279999 40.330002 11979900 39.65643
20150611 40.110001 40.25 40.029999 40.099998 11944900 39.755569
20150612 40.040001 40.119999 39.84 39.959999 15568600 39.616772
20150615 39.830002 39.860001 39.57 39.59 11364800 39.249951
20150616 39.630001 40.16 39.599998 40.080002 12517400 39.735744
20150617 40.080002 40.32 40.009998 40.27 13898400 39.924111
20150618 40.16 40.740002 40.16 40.650002 16314600 40.300848
20150619 40.59 40.650002 40.400002 40.400002 23550600 40.052995
20150622 40.509998 40.810001 40.459999 40.48 8775900 40.132306
20150623 40.43 40.52 40.310001 40.380001 11094900 40.033166
20150624 40.369999 40.450001 40.189999 40.189999 10385100 39.844796
20150625 40.279999 40.34 40.02 40.02 10607600 39.676258
20150626 40.099998 40.349998 40.00 40.00 16215600 39.656429
20150629 39.799999 39.98 39.400002 39.400002 15500800 39.061584
20150630 39.610001 39.610001 39.119999 39.23 14621300 38.893043
20150701 39.380001 39.599998 39.279999 39.50 11177400 39.160724
20150702 39.630001 39.810001 39.349998 39.490002 8975900 39.150811
20150706 39.32 39.599998 39.220001 39.419998 10252600 39.081409
20150707 39.490002 40.380001 39.400002 40.25 20335000 39.904282
20150708 39.990002 40.23 39.84 39.860001 11383700 39.517632
20150709 40.459999 40.580002 39.900002 39.919998 13392000 39.577115
20150710 40.27 40.52 40.16 40.389999 13360400 40.043079
20150713 40.560001 40.77 40.490002 40.66 9854200 40.31076
20150714 40.900002 41.259998 40.84 41.169998 19531000 40.816378
20150715 41.150002 41.360001 41.099998 41.130001 11252100 40.776724
20150716 41.419998 41.599998 41.349998 41.48 10483700 41.123717
20150717 41.310001 41.32 41.049999 41.25 9608300 40.895693
20150720 41.349998 41.540001 41.220001 41.380001 10024200 41.024577
20150721 41.380001 41.52 41.099998 41.189999 13653800 40.836207
20150722 40.810001 41.59 40.59 40.900002 15528600 40.5487
20150723 40.990002 41.02 40.48 40.84 13522200 40.489214
20150724 40.759998 40.830002 40.41 40.439999 10912500 40.092649
20150727 40.279999 40.580002 40.16 40.540001 10945700 40.191792
20150728 40.650002 40.73 40.439999 40.549999 11021800 40.201704
20150729 40.529999 40.709999 40.490002 40.59 8479900 40.241362
20150730 40.549999 40.75 40.389999 40.560001 9095500 40.211621
20150731 40.880001 41.220001 40.77 41.080002 15309500 40.727155
20150803 40.849998 41.549999 40.84 41.540001 14672600 41.183203
20150804 41.509998 41.869999 41.34 41.849998 17559900 41.490538
20150805 41.919998 42.220001 41.82 42.119999 15329200 41.758219
20150806 42.00 42.25 41.860001 41.919998 11378900 41.559936
20150807 41.810001 41.970001 41.529999 41.77 10886700 41.411227
20150810 41.889999 41.990002 41.580002 41.68 9501900 41.322
20150811 41.400002 41.57 41.169998 41.48 11254900 41.123717
20150812 41.130001 41.259998 40.849998 41.259998 9602200 40.905605
20150813 41.279999 41.380001 41.009998 41.099998 10270900 40.74698
20150814 41.009998 41.25 40.959999 41.25 9904800 40.895693
20150817 41.029999 41.450001 40.970001 41.349998 8272800 40.994832
20150818 41.279999 41.529999 41.189999 41.299999 11199400 40.945262
20150819 41.139999 41.240002 40.779999 40.779999 15796500 40.429728
20150820 40.52 40.82 40.419998 40.549999 14218000 40.201704
20150821 40.16 40.470001 39.509998 39.529999 28036200 39.190465
20150824 37.990002 38.939999 36.560001 38.380001 44065300 38.050345
20150825 39.130001 39.279999 37.93 37.990002 31363700 37.663695
20150826 38.75 38.830002 37.889999 38.73 23523300 38.397337
20150827 39.060001 39.380001 38.599998 39.27 18871600 38.9327
20150828 39.110001 39.470001 39.049999 39.450001 14503900 39.111154
20150831 39.150002 39.450001 39.060001 39.32 12673300 38.98227
20150901 38.669998 39.029999 38.540001 38.75 23703200 38.417166
20150902 39.029999 39.07 38.560001 38.900002 14054800 38.565879
20150903 38.900002 39.34 38.84 39.16 13311600 38.823644
20150904 38.68 38.790001 38.380001 38.52 15450500 38.189142
20150908 38.869999 39.029999 38.599998 38.900002 15273900 38.565879
20150909 39.119999 39.209999 38.200001 38.299999 13764600 37.97103
20150910 38.310001 38.650002 38.25 38.419998 14952500 38.089999
20150911 38.009998 38.189999 37.84 38.130001 11802300 38.130001
20150914 38.220001 38.220001 37.849998 38.099998 8950000 38.099998
20150915 38.07 38.630001 37.919998 38.50 13019800 38.50
20150916 38.669998 39.189999 38.470001 39.150002 22233400 39.150002
20150917 39.150002 39.610001 39.040001 39.380001 21232500 39.380001
20150918 38.860001 39.299999 38.709999 38.98 27527300 38.98
20150921 39.049999 39.310001 38.939999 39.189999 12935800 39.189999
20150922 38.68 38.990002 38.580002 38.790001 15021300 38.790001
20150923 38.790001 38.880001 38.549999 38.759998 8910800 38.759998
20150924 38.52 39.200001 38.509998 39.150002 19385700 39.150002
20150925 39.43 40.080002 39.330002 39.619999 22157300 39.619999
