20130102 89.400002 90.349998 89.330002 90.120003 7377200 82.186381
20130103 90.309998 90.699997 90.160004 90.629997 5473500 82.651478
20130104 90.620003 90.790001 89.669998 89.849998 5374100 81.940146
20130107 89.769997 91.050003 89.25 90.910004 5820900 82.906835
20130108 90.540001 90.959999 89.970001 90.940002 6285200 82.934193
20130109 90.800003 91.239998 90.360001 90.809998 4822100 82.815633
20130110 91.349998 91.639999 91.029999 91.400002 4393300 83.353696
20130111 91.940002 91.980003 91.050003 91.730003 3692600 83.654647
20130114 91.760002 92.120003 91.43 91.529999 3828100 83.472249
20130115 91.110001 91.629997 90.860001 91.510002 3910400 83.454013
20130116 91.129997 91.32 90.910004 91.099998 2925800 83.080104
20130117 91.449997 92.099998 91.309998 91.760002 4044600 83.682004
20130118 92.07 92.300003 91.849998 92.260002 5579900 84.137987
20130122 92.150002 93.330002 91.809998 92.949997 6967300 84.767239
20130123 93.449997 93.75 92.25 93.480003 9368000 85.250587
20130124 93.580002 93.599998 93.019997 93.309998 5157200 85.095548
20130125 93.309998 93.940002 93.279999 93.720001 5461600 85.469457
20130128 93.940002 94.580002 93.639999 94.360001 4564600 86.053115
20130129 94.150002 94.989998 94.050003 94.919998 4929700 86.563814
20130130 94.879997 95.099998 94.43 94.669998 4657600 86.335822
20130131 94.599998 95.290001 94.459999 95.290001 5740500 86.901243
20130201 95.580002 96.32 95.50 95.949997 5481100 87.503137
20130204 95.400002 95.790001 94.50 94.599998 5933300 86.271985
20130205 94.589996 95.540001 94.510002 94.910004 4952800 86.554699
20130206 94.489998 95.330002 94.410004 95.07 4482700 86.70061
20130207 95.029999 95.059998 94.07 94.629997 5619600 86.299343
20130208 94.389999 95.480003 94.360001 94.870003 5331600 86.518219
20130211 94.75 95.309998 94.599998 95.169998 3557600 86.791805
20130212 95.050003 95.339996 94.809998 95.099998 4526900 86.727968
20130213 94.639999 94.75 93.480003 94.00 6663100 85.724806
20130214 93.860001 93.889999 93.190002 93.559998 5360900 85.323539
20130215 93.809998 94.309998 93.209999 93.900002 5094100 85.633611
20130219 94.139999 94.489998 93.769997 93.849998 4401900 85.58801
20130220 93.93 94.480003 93.75 93.910004 4023800 85.642733
20130221 93.440002 94.449997 93.300003 94.139999 4424600 85.852481
20130222 94.269997 95.25 93.849998 95.25 4421300 86.864764
20130225 95.379997 96.779999 95.260002 96.139999 9028000 87.676413
20130226 96.349998 96.57 96.050003 96.220001 6451100 87.749372
20130227 95.360001 95.949997 95.110001 95.730003 4326800 88.006785
20130228 95.709999 96.220001 95.510002 95.900002 3967600 88.163068
20130301 95.68 95.82 94.959999 95.68 3823200 87.960816
20130304 95.599998 95.669998 94.870003 95.07 4636900 87.400029
20130305 95.540001 96.099998 95.330002 95.809998 5643000 88.080326
20130306 95.949997 96.82 95.93 96.809998 5052000 88.999648
20130307 96.639999 97.160004 96.639999 97.089996 4566400 89.257058
20130308 98.129997 98.949997 98.029999 98.709999 8838100 90.746363
20130311 98.459999 98.889999 98.279999 98.889999 4853400 90.911842
20130312 98.860001 98.870003 98.529999 98.760002 3856000 90.792332
20130313 98.739998 99.470001 98.540001 99.379997 3896600 91.362308
20130314 99.360001 99.379997 98.900002 99.309998 3649900 91.297956
20130315 98.970001 99.699997 98.82 99.669998 6388000 91.628913
20130318 98.949997 99.339996 98.209999 98.57 3934500 90.617659
20130319 98.779999 98.989998 98.199997 98.400002 4648500 90.461376
20130320 98.589996 98.900002 98.589996 98.769997 3534900 90.801521
20130321 98.50 98.879997 98.419998 98.529999 3523400 90.580885
20130322 98.519997 99.620003 98.519997 99.269997 4160000 91.261182
20130325 99.459999 99.599998 98.120003 98.239998 4932500 90.314281
20130326 98.349998 98.669998 98.260002 98.50 4434000 90.553306
20130327 98.190002 99.290001 98.18 98.900002 4401700 90.921037
20130328 98.879997 99.779999 98.669998 99.690002 3954700 91.647303
20130401 99.410004 99.68 98.849998 99.050003 3155800 91.058937
20130402 99.400002 100.419998 99.029999 100.260002 5136800 92.171317
20130403 100.209999 100.50 99.059998 99.25 4454400 91.242799
20130404 99.540001 100.809998 99.529999 100.629997 5860600 92.511462
20130405 100.169998 101.470001 99.809998 101.419998 5693000 93.237728
20130408 101.080002 101.50 100.849998 101.50 4163600 93.311275
20130409 101.50 101.50 100.57 101.059998 3690400 92.906771
20130410 101.120003 101.739998 101.010002 101.489998 3159400 93.30208
20130411 101.339996 102.470001 101.339996 101.989998 4049400 93.761741
20130412 101.50 103.699997 101.50 103.589996 5714000 95.232657
20130415 103.139999 103.440002 102.129997 102.150002 5643600 93.908836
20130416 102.400002 103.050003 102.019997 103.040001 3199300 94.727033
20130417 102.559998 103.110001 102.00 102.540001 4191500 94.267372
20130418 102.080002 102.230003 100.099998 101.910004 5696900 93.688201
20130419 100.580002 101.440002 99.449997 99.919998 8227700 91.858743
20130422 99.349998 99.660004 98.379997 99.32 5620500 91.307151
20130423 99.269997 100.239998 99.209999 99.760002 5753500 91.711655
20130424 100.089996 101.239998 100.089996 101.019997 4593000 92.869997
20130425 101.269997 101.629997 100.849998 100.940002 3529400 92.796457
20130426 100.830002 100.989998 100.400002 100.889999 3113600 92.750488
20130429 101.559998 102.519997 101.150002 102.18 3417700 93.936415
20130430 102.269997 102.360001 101.559998 102.139999 4205200 93.899641
20130501 101.980003 102.440002 101.330002 101.379997 2720100 93.200954
20130502 101.459999 102.339996 101.120003 102.059998 3821100 93.826094
20130503 102.919998 103.339996 102.550003 102.919998 4109400 94.616712
20130506 102.760002 102.800003 102.050003 102.07 3314200 93.835289
20130507 102.089996 102.519997 101.790001 102.290001 4304200 94.037541
20130508 102.279999 102.279999 100.760002 100.949997 5228800 92.805645
20130509 100.779999 101.230003 99.459999 99.690002 10628500 91.647303
20130510 99.949997 100.199997 99.400002 100.199997 5036900 92.116153
20130513 100.019997 100.699997 99.800003 100.379997 3154100 92.281631
20130514 100.480003 101.489998 100.440002 101.199997 3810800 93.035475
20130515 101.300003 102.029999 101.300003 101.949997 3402600 93.724968
20130516 101.580002 101.779999 100.839996 101.120003 4251800 92.961935
20130517 101.099998 101.900002 100.800003 101.540001 4015300 93.348049
20130520 101.239998 101.940002 101.239998 101.540001 2233100 93.348049
20130521 101.650002 102.620003 101.419998 102.139999 4078600 93.899641
20130522 102.18 102.400002 101.410004 101.739998 4648200 93.531911
20130523 101.139999 101.510002 100.349998 101.029999 13743100 92.879192
20130524 100.660004 100.660004 99.730003 100.290001 13161000 92.198895
20130528 101.059998 101.940002 100.879997 101.239998 14083800 93.072249
20130529 100.639999 100.639999 98.279999 99.050003 8770700 91.058937
20130530 98.419998 98.589996 96.790001 97.07 8028900 89.937839
20130531 96.889999 97.709999 96.559998 96.57 5443400 89.474576
20130603 96.769997 97.989998 96.57 97.959999 4224000 90.762446
20130604 98.010002 98.68 97.639999 98.370003 4902300 91.142325
20130605 98.129997 98.160004 96.120003 96.419998 5394800 89.335596
20130606 96.389999 96.830002 95.160004 96.68 5817300 89.576495
20130607 97.059998 98.690002 97.00 98.279999 5036800 91.058934
20130610 99.800003 100.18 99.120003 99.529999 5718400 92.217091
20130611 99.019997 99.489998 98.07 98.230003 4812800 91.012612
20130612 98.739998 99.099998 98.07 98.239998 4485200 91.021872
20130613 98.099998 99.07 97.870003 98.879997 2927800 91.614848
20130614 98.830002 99.419998 98.230003 98.419998 3351100 91.188647
20130617 99.300003 99.690002 98.300003 98.739998 4884800 91.485135
20130618 98.980003 100.040001 98.949997 99.75 3340100 92.420928
20130619 99.709999 100.07 98.529999 98.809998 3518200 91.549992
20130620 98.370003 98.68 96.620003 96.790001 5550100 89.678413
20130621 97.360001 97.75 96.889999 97.230003 7227000 90.086086
20130624 96.540001 97.709999 96.019997 97.290001 4244500 90.141676
20130625 97.910004 97.989998 97.139999 97.519997 3211300 90.354773
20130626 98.360001 99.139999 98.040001 98.839996 3585500 91.577786
20130627 99.449997 99.82 99.129997 99.650002 4497100 92.328277
20130628 99.510002 100.110001 98.93 99.00 5386400 91.726034
20130701 99.349998 100.300003 99.260002 99.82 4053500 92.485784
20130702 99.82 100.50 99.389999 99.93 3850500 92.587703
20130703 99.949997 100.559998 99.709999 100.349998 1676300 92.976842
20130705 100.690002 100.839996 99.25 99.860001 3933900 92.522846
20130708 100.279999 100.50 99.550003 99.879997 4064300 92.541374
20130709 100.239998 100.370003 99.199997 99.989998 4120100 92.643292
20130710 100.150002 100.360001 99.400002 99.980003 3532400 92.634032
20130711 100.75 100.959999 99.760002 100.790001 4064100 93.384515
20130712 100.589996 101.809998 100.50 101.580002 4766800 94.116471
20130715 101.599998 101.730003 100.699997 100.75 4480700 93.347453
20130716 100.18 101.120003 99.470001 100.879997 4406200 93.467899
20130717 100.050003 100.349998 99.300003 100.099998 5377400 92.74521
20130718 100.480003 100.769997 99.989998 100.18 3401600 92.819334
20130719 100.199997 100.410004 99.529999 100.269997 4508300 92.902718
20130722 97.75 97.93 97.059998 97.580002 13209600 90.410369
20130723 97.550003 97.720001 96.68 96.760002 6989300 89.650618
20130724 97.209999 97.400002 96.300003 96.660004 5197900 89.557967
20130725 96.669998 97.589996 96.559998 97.489998 4208100 90.326978
20130726 97.25 98.080002 96.919998 98.029999 4561600 90.827303
20130729 97.959999 98.029999 97.389999 97.870003 3592500 90.679062
20130730 98.00 98.540001 97.839996 98.370003 4127400 91.142325
20130731 98.32 98.540001 97.629997 98.080002 5343000 90.873632
20130801 98.620003 99.239998 98.32 99.00 3954600 91.726034
20130802 98.809998 99.199997 98.449997 99.199997 3224300 91.911336
20130805 99.010002 99.440002 98.830002 99.309998 3326400 92.013254
20130806 99.330002 99.400002 98.370003 98.690002 3507200 91.438813
20130807 98.599998 98.989998 98.269997 98.330002 3256400 91.105263
20130808 98.639999 98.989998 97.440002 98.040001 4862300 90.83657
20130809 97.900002 98.400002 97.07 97.620003 4041800 90.447431
20130812 97.489998 97.800003 97.00 97.040001 3256800 89.910044
20130813 97.019997 97.099998 96.110001 96.449997 5188300 89.363391
20130814 96.239998 96.370003 95.639999 96.110001 5448700 89.048375
20130815 95.550003 95.910004 95.190002 95.389999 4207500 88.381276
20130816 95.199997 95.50 95.010002 95.029999 3324000 88.047726
20130819 95.120003 95.989998 95.050003 95.480003 3126200 88.464667
20130820 95.510002 95.900002 95.360001 95.50 2827800 88.483194
20130821 95.410004 95.82 95.110001 95.110001 3430600 88.12185
20130822 95.370003 95.690002 95.209999 95.459999 15364400 88.446132
20130823 95.57 95.68 94.910004 95.129997 12274200 88.140377
20130826 95.360001 95.940002 95.099998 95.309998 3060000 88.307152
20130827 94.860001 95.190002 94.010002 94.839996 4513100 87.871684
20130828 95.00 96.330002 95.00 96.080002 5482500 89.020581
20130829 95.650002 95.980003 94.699997 94.860001 4796600 88.600271
20130830 95.00 95.129997 94.139999 94.360001 3993000 88.133266
20130903 95.099998 95.279999 94.120003 94.519997 3672100 88.282704
20130904 94.50 95.360001 94.339996 95.160004 2898800 88.880477
20130905 95.330002 96.459999 95.080002 95.660004 4275300 89.347483
20130906 95.870003 96.75 95.25 96.260002 4485800 89.907888
20130909 96.220001 96.790001 96.209999 96.449997 3525200 90.085345
20130910 97.099998 97.360001 96.50 96.889999 4984300 90.496312
20130911 96.660004 97.459999 96.370003 97.459999 3928600 91.028698
20130912 97.480003 97.849998 97.07 97.18 4277300 90.767176
20130913 97.339996 97.650002 97.129997 97.349998 2668700 90.925956
20130916 97.879997 98.169998 97.400002 97.709999 3490900 91.262201
20130917 97.580002 98.360001 97.489998 97.919998 3256900 91.458342
20130918 97.870003 98.989998 97.639999 98.699997 4279600 92.186869
20130919 98.50 98.510002 97.00 97.919998 6430800 91.458342
20130920 97.699997 98.050003 96.900002 96.900002 8077000 90.505654
20130923 96.970001 97.580002 96.82 97.279999 3301600 90.860576
20130924 97.139999 98.599998 96.860001 97.779999 4810300 91.327581
20130925 97.800003 97.989998 97.410004 97.620003 4053200 91.178143
20130926 97.889999 98.32 97.790001 98.190002 3604900 91.710529
20130927 97.889999 97.989998 97.00 97.120003 3533100 90.711138
20130930 96.459999 96.690002 95.110001 96.209999 4404500 89.861184
20131001 96.18 96.389999 95.849998 96.129997 3240700 89.786462
20131002 95.580002 95.879997 94.010002 95.279999 7250300 88.992554
20131003 95.150002 95.209999 94.610001 94.669998 4855700 88.422807
20131004 94.610001 94.800003 94.400002 94.699997 3047700 88.450826
20131007 94.260002 94.800003 94.139999 94.360001 3037100 88.133266
20131008 94.269997 94.580002 93.940002 93.940002 3643900 87.740983
20131009 93.82 93.959999 93.139999 93.269997 5159400 87.11519
20131010 94.220001 94.440002 93.510002 94.440002 4531000 88.207988
20131011 94.690002 94.800003 94.330002 94.739998 4132600 88.488187
20131014 94.410004 94.879997 94.18 94.720001 3429700 88.46951
20131015 93.989998 94.199997 93.449997 93.800003 5878900 87.610222
20131016 94.300003 95.239998 94.139999 95.220001 4708700 88.936516
20131017 95.190002 95.519997 94.650002 95.470001 3860500 89.170018
20131018 95.699997 95.699997 94.519997 95.199997 7286100 88.917831
20131021 93.699997 94.849998 93.239998 94.589996 9137700 88.348084
20131022 94.68 95.489998 94.209999 95.120003 5144000 88.843116
20131023 95.080002 95.199997 93.93 94.209999 4581200 87.993163
20131024 94.410004 94.809998 94.239998 94.68 3640900 88.432149
20131025 94.779999 94.949997 94.360001 94.779999 3055900 88.525548
20131028 94.690002 95.720001 94.68 95.370003 3836400 89.076619
20131029 95.620003 96.099998 95.300003 96.050003 3975100 89.711746
20131030 96.169998 96.449997 95.730003 96.029999 3404300 89.693062
20131031 96.199997 96.699997 96.110001 96.519997 4271300 90.150725
20131101 96.519997 97.50 96.519997 97.239998 5127300 90.823214
20131104 97.260002 97.50 96.830002 97.309998 5023900 90.888595
20131105 97.379997 97.75 97.019997 97.410004 4338200 90.982002
20131106 97.660004 98.190002 97.470001 97.900002 4365900 91.439665
20131107 97.959999 98.089996 96.779999 97.199997 4921000 90.785853
20131108 97.169998 97.300003 96.32 97.010002 5052400 90.608396
20131111 96.830002 97.489998 96.800003 97.089996 2573800 90.683111
20131112 97.07 97.760002 96.849998 97.660004 3845000 91.215504
20131113 97.470001 98.120003 97.309998 98.110001 4164800 91.635806
20131114 98.18 98.699997 97.18 97.559998 6594200 91.122098
20131115 97.449997 97.709999 96.400002 96.919998 7096800 90.524331
20131118 96.900002 97.790001 96.900002 97.650002 4966700 91.206162
20131119 97.519997 98.290001 97.360001 97.980003 3836600 91.514388
20131120 97.57 98.050003 97.18 97.540001 3815100 91.10342
20131121 97.800003 98.089996 97.589996 97.699997 12884800 91.252858
20131122 97.839996 98.510002 97.370003 98.269997 16495500 91.785244
20131125 98.75 99.269997 98.650002 98.919998 20420800 92.392353
20131126 98.800003 99.089996 98.150002 98.199997 5517400 91.719864
20131127 97.620003 97.660004 96.949997 97.059998 3501500 91.409081
20131129 97.25 97.599998 97.080002 97.370003 2920300 91.701037
20131202 97.290001 97.290001 96.330002 96.510002 4810000 90.891106
20131203 96.75 96.75 96.07 96.379997 4851900 90.768671
20131204 95.660004 96.129997 95.360001 95.709999 4951300 90.13768
20131205 95.370003 95.82 95.199997 95.43 5076500 89.873983
20131206 95.940002 96.949997 95.900002 96.800003 5811200 91.164223
20131209 96.129997 96.50 95.449997 95.720001 5056100 90.1471
20131210 95.690002 95.699997 95.07 95.43 4190600 89.873983
20131211 95.510002 95.720001 95.169998 95.260002 5194500 89.713883
20131212 95.400002 95.68 94.040001 94.099998 5719900 88.621415
20131213 94.190002 94.620003 94.050003 94.440002 3277500 88.941624
20131216 94.970001 95.779999 94.900002 95.449997 4868100 89.892816
20131217 95.440002 95.580002 94.269997 94.379997 4460300 88.885112
20131218 94.660004 95.949997 94.57 95.93 5526800 90.344873
20131219 95.879997 96.300003 94.93 95.139999 5476500 89.600866
20131220 95.459999 96.510002 95.339996 96.510002 8039500 90.891106
20131223 96.720001 96.949997 96.050003 96.300003 3296300 90.693334
20131224 96.139999 96.75 96.139999 96.540001 1155900 90.919359
20131226 96.769997 96.910004 96.629997 96.839996 1978300 91.201888
20131227 96.870003 97.279999 96.800003 96.910004 1987100 91.26782
20131230 96.879997 97.150002 96.790001 97.010002 2293000 91.361996
20131231 96.949997 97.080002 96.629997 97.029999 2560900 91.380828
20140102 96.809998 97.029999 96.260002 96.410004 2925800 90.79693
20140103 96.900002 97.029999 96.50 96.540001 2965300 90.919359
20140106 96.620003 96.620003 95.519997 95.849998 5022700 90.269529
20140107 96.379997 97.080002 96.129997 96.379997 4881800 90.768671
20140108 95.550003 95.709999 95.00 95.410004 7669800 89.855151
20140109 96.239998 96.349998 95.25 95.459999 7709000 89.902236
20140110 95.830002 96.220001 95.639999 95.800003 5512200 90.222444
20140113 95.830002 95.830002 94.589996 94.830002 5753200 89.308917
20140114 94.809998 95.400002 94.800003 95.220001 3842200 89.676211
20140115 95.489998 95.669998 95.150002 95.459999 3560600 89.902236
20140116 95.400002 96.300003 95.190002 96.059998 5058000 90.467302
20140117 96.019997 96.129997 94.769997 94.93 5975300 89.403094
20140121 95.360001 95.959999 95.010002 95.080002 6462700 89.544362
20140122 95.07 95.32 94.690002 94.879997 4976400 89.356002
20140123 94.550003 95.949997 94.50 95.32 7146000 89.770387
20140124 94.730003 95.959999 94.389999 94.43 6944800 88.932204
20140127 94.290001 94.68 93.919998 94.07 6607600 88.593163
20140128 94.330002 94.639999 94.099998 94.18 3682800 88.696759
20140129 93.959999 94.300003 92.870003 93.150002 8013500 87.726728
20140130 93.389999 94.00 92.93 93.800003 4987400 88.338886
20140131 93.050003 94.550003 92.949997 94.169998 5972500 88.68734
20140203 94.540001 94.739998 92.910004 93.019997 6904700 87.604292
20140204 92.860001 93.470001 92.589996 93.089996 6300400 87.670216
20140205 92.800003 93.839996 92.220001 93.580002 4958900 88.131693
20140206 93.870003 95.190002 93.690002 94.940002 5356900 89.412514
20140207 95.089996 95.949997 94.620003 95.919998 6591200 90.335453
20140210 95.75 95.93 94.519997 94.860001 6968200 89.337169
20140211 95.059998 95.839996 94.830002 95.339996 5343500 89.789219
20140212 95.440002 95.669998 94.790001 94.889999 4268900 89.365422
20140213 94.690002 95.580002 94.50 95.459999 3617900 89.902236
20140214 95.300003 95.970001 95.110001 95.779999 3532900 90.203605
20140218 96.029999 96.57 95.540001 96.019997 5454200 90.42963
20140219 95.779999 96.660004 95.459999 95.550003 4505500 89.986999
20140220 95.660004 96.110001 95.489998 95.75 2975000 90.175352
20140221 96.040001 97.00 96.040001 96.449997 5284300 90.834595
20140224 96.43 96.940002 96.239998 96.50 4472200 90.881687
20140225 96.459999 96.720001 95.889999 96.620003 4233600 90.994703
20140226 96.629997 96.739998 95.709999 95.889999 4265900 90.307201
20140227 95.239998 95.410004 94.650002 95.080002 4179600 90.307202
20140228 95.110001 95.459999 94.860001 95.150002 5104700 90.373688
20140303 94.239998 94.800003 94.00 94.32 5149300 89.585351
20140304 95.25 95.269997 94.860001 94.980003 4655200 90.212224
20140305 95.339996 95.610001 94.940002 95.019997 3913300 90.250209
20140306 95.059998 95.669998 94.75 95.580002 4362900 90.782104
20140307 95.739998 95.790001 94.970001 95.50 3724000 90.706118
20140310 95.260002 95.68 94.970001 95.199997 4388900 90.421174
20140311 95.940002 98.919998 95.709999 98.779999 16354400 93.821468
20140312 98.410004 99.07 98.150002 98.709999 6701700 93.754982
20140313 98.900002 98.900002 97.010002 97.370003 5480200 92.482251
20140314 97.330002 97.889999 97.010002 97.580002 5510700 92.681708
20140317 98.139999 98.199997 97.459999 97.599998 5554300 92.700701
20140318 97.800003 97.989998 97.220001 97.309998 3269500 92.425257
20140319 97.269997 97.290001 95.779999 96.099998 5556900 91.275998
20140320 95.940002 96.949997 95.809998 96.599998 4242600 91.750899
20140321 97.220001 97.400002 95.470001 95.470001 12625800 90.677625
20140324 96.089996 96.739998 95.989998 96.18 6393000 91.351984
20140325 96.440002 96.489998 95.830002 95.910004 4929800 91.09554
20140326 96.040001 96.57 95.839996 95.839996 4127000 91.029047
20140327 95.769997 96.360001 95.519997 96.160004 3756000 91.332991
20140328 96.269997 97.440002 96.209999 97.239998 4344100 92.358772
20140331 97.440002 98.449997 97.300003 98.029999 4853300 93.109116
20140401 98.099998 98.519997 97.629997 97.900002 4494000 92.985645
20140402 98.150002 98.230003 97.339996 97.589996 3701200 92.691201
20140403 98.029999 98.110001 97.349998 97.660004 2575700 92.757694
20140404 97.769997 98.419998 97.389999 97.870003 5409000 92.957152
20140407 97.580002 98.239998 96.57 97.010002 5994600 92.140321
20140408 96.980003 98.220001 96.519997 98.080002 5579500 93.156609
20140409 98.080002 98.540001 97.900002 98.349998 3669500 93.413053
20140410 98.550003 99.849998 98.160004 99.43 8873000 94.438841
20140411 99.150002 99.730003 99.059998 99.290001 6553600 94.305869
20140414 99.660004 100.160004 99.32 100.110001 6155900 95.084707
20140415 100.699997 100.940002 100.07 100.830002 5882400 95.768566
20140416 101.00 101.120003 100.489998 100.830002 3532700 95.768566
20140417 100.730003 101.00 100.25 100.25 4545200 95.217679
20140421 99.800003 100.389999 99.25 99.669998 6357000 94.666791
20140422 100.019997 100.269997 98.889999 99.32 8934300 94.334362
20140423 99.349998 99.989998 99.010002 99.129997 4179100 94.153897
20140424 99.519997 100.099998 99.129997 99.839996 4764900 94.828256
20140425 99.849998 100.75 99.389999 100.730003 5047100 95.673587
20140428 100.980003 101.18 99.650002 100.309998 7444500 95.274664
20140429 100.209999 101.779999 99.809998 101.50 6626100 96.404931
20140430 101.550003 101.760002 101.040001 101.379997 4519800 96.290952
20140501 100.68 101.040001 100.330002 100.959999 3531400 95.892037
20140502 101.110001 102.279999 100.989998 101.43 4934000 96.338445
20140505 101.379997 101.379997 100.589996 101.139999 3483500 96.063002
20140506 101.059998 101.300003 100.800003 100.949997 3075100 95.882537
20140507 101.260002 102.110001 100.949997 101.959999 4322600 96.84184
20140508 102.00 102.18 101.43 101.949997 3384500 96.832339
20140509 101.849998 102.949997 101.82 102.93 3649400 97.763149
20140512 102.949997 103.330002 102.790001 102.860001 3817400 97.696663
20140513 103.32 103.620003 102.50 103.529999 3955400 98.333029
20140514 103.690002 103.779999 102.540001 103.029999 3826300 97.858128
20140515 102.779999 103.00 102.150002 102.50 3810800 97.354734
20140516 102.550003 103.389999 102.349998 103.139999 5081000 97.962607
20140519 102.809998 102.830002 101.739998 102.089996 3859800 96.965311
20140520 102.050003 102.440002 101.440002 101.529999 3123700 96.433424
20140521 101.709999 102.580002 101.550003 102.559998 2735600 97.411719
20140522 102.650002 102.980003 102.230003 102.449997 3376000 97.307241
20140523 102.519997 102.849998 101.769997 102.00 4174300 96.879833
20140527 102.199997 102.900002 102.07 102.360001 5093200 97.221762
20140528 101.839996 102.040001 100.870003 101.300003 8930700 96.214974
20140529 101.269997 101.489998 100.870003 101.339996 4123700 97.028804
20140530 101.25 101.459999 100.709999 101.43 4232800 97.114979
20140602 101.389999 102.50 101.32 102.029999 3001400 97.689453
20140603 101.639999 102.00 101.410004 101.449997 3363500 97.134125
20140604 101.360001 102.470001 101.269997 102.440002 3589200 98.082014
20140605 102.339996 102.599998 101.75 102.449997 2407800 98.091583
20140606 102.410004 102.620003 101.779999 101.959999 2955500 97.622431
20140609 101.589996 102.00 101.18 101.379997 3802600 97.067103
20140610 101.610001 101.610001 100.68 100.879997 5961200 96.588374
20140611 100.739998 100.959999 100.330002 100.419998 6606100 96.147945
20140612 100.410004 101.010002 99.540001 99.760002 5609100 95.516026
20140613 99.410004 100.589996 99.410004 100.489998 4014600 96.214966
20140616 100.419998 101.169998 100.239998 101.099998 4038600 96.799016
20140617 100.910004 101.839996 100.82 101.269997 6479700 96.961782
20140618 101.739998 101.790001 100.910004 101.349998 5441200 97.038381
20140619 101.040001 102.029999 101.040001 101.910004 3372200 97.574562
20140620 102.199997 102.300003 101.660004 101.919998 5418100 97.584132
20140623 101.639999 101.989998 101.510002 101.910004 2919000 97.574562
20140624 101.839996 102.18 101.410004 101.470001 4586400 97.153278
20140625 101.089996 101.900002 101.029999 101.610001 3662000 97.287322
20140626 101.610001 101.889999 101.07 101.510002 2783200 97.191578
20140627 101.25 101.669998 101.150002 101.459999 2785500 97.143702
20140630 101.269997 101.480003 100.50 100.739998 4265700 96.454331
20140701 100.43 101.360001 100.239998 101.00 3787700 96.703272
20140702 101.019997 101.080002 100.349998 100.529999 3216700 96.253265
20140703 101.32 101.32 100.739998 100.980003 2295800 96.684126
20140707 100.75 100.75 99.82 100.169998 3951700 95.90858
20140708 99.790001 100.57 99.730003 100.089996 3115100 95.831982
20140709 100.300003 101.25 100.260002 101.07 5604900 96.770294
20140710 100.220001 101.050003 100.160004 100.580002 3274900 96.301141
20140711 100.660004 100.809998 100.029999 100.370003 2812500 96.100076
20140714 100.690002 100.730003 100.300003 100.470001 4159900 96.19582
20140715 100.32 100.370003 99.860001 100.300003 3787000 96.033054
20140716 99.650002 99.800003 98.760002 99.269997 7128700 95.046866
20140717 98.959999 99.089996 98.349998 98.370003 4099100 94.18516
20140718 98.639999 99.089996 98.129997 98.989998 4044900 94.778779
20140721 98.519997 98.629997 97.550003 97.550003 6510600 93.400044
20140722 95.389999 96.849998 95.099998 96.269997 12398100 92.174492
20140723 95.510002 95.82 94.82 95.349998 9483200 91.293632
20140724 95.480003 95.620003 95.269997 95.349998 7781700 91.293632
20140725 95.360001 95.849998 95.32 95.720001 4992500 91.647894
20140728 95.50 95.970001 95.389999 95.779999 4863100 91.705339
20140729 95.889999 96.419998 95.709999 95.82 6712700 91.743639
20140730 96.190002 96.339996 95.57 95.949997 6049800 91.868105
20140731 95.220001 95.360001 94.559998 94.559998 6826000 90.537239
20140801 94.300003 94.730003 94.199997 94.300003 4576400 90.288305
20140804 94.300003 94.349998 93.519997 94.309998 7652700 90.297875
20140805 94.00 94.300003 93.349998 93.43 5494800 89.455314
20140806 93.389999 93.949997 93.360001 93.470001 3728000 89.493613
20140807 93.82 94.00 93.239998 93.309998 3261100 89.340417
20140808 93.07 93.839996 92.919998 93.550003 6505900 89.570212
20140811 93.730003 93.919998 93.459999 93.529999 4288400 89.551059
20140812 93.43 93.650002 93.150002 93.559998 3235900 89.579781
20140813 93.75 94.32 93.550003 93.959999 3599900 89.962766
20140814 93.650002 93.889999 93.260002 93.660004 5644500 89.675533
20140815 94.07 94.470001 93.410004 93.790001 4281300 89.80
20140818 94.150002 94.739998 93.93 94.25 4398800 90.24043
20140819 94.599998 94.75 94.260002 94.449997 3331700 90.431918
20140820 94.449997 94.660004 94.00 94.190002 4150400 90.182984
20140821 94.309998 94.760002 94.239998 94.529999 5981600 90.508517
20140822 94.529999 94.860001 94.269997 94.449997 3586900 90.431918
20140825 94.849998 95.370003 94.410004 94.440002 4614300 90.422349
20140826 94.389999 94.790001 94.050003 94.110001 6392400 90.106386
20140827 94.230003 94.68 93.599998 94.650002 9027300 90.623414
20140828 93.650002 94.760002 93.510002 94.139999 5492400 90.913133
20140829 94.199997 94.199997 93.510002 93.720001 4635100 90.507531
20140902 93.239998 93.699997 92.690002 92.800003 6727100 89.619068
20140903 93.269997 93.489998 93.040001 93.139999 4855300 89.94741
20140904 93.019997 93.230003 92.800003 93.010002 4849800 89.821869
20140905 93.099998 93.120003 92.800003 93.07 4004600 89.87981
20140908 92.800003 92.82 92.199997 92.50 5251900 89.329348
20140909 92.599998 92.699997 90.959999 91.089996 9795200 87.967675
20140910 90.839996 93.059998 90.529999 93.00 12031400 89.812209
20140911 92.940002 93.290001 92.419998 92.959999 5960100 89.773579
20140912 92.940002 93.839996 92.82 93.339996 8033100 90.140551
20140915 93.260002 93.910004 93.25 93.470001 6255000 90.2661
20140916 93.269997 94.110001 93.25 93.75 5826200 90.536501
20140917 93.68 93.830002 93.18 93.529999 5738600 90.324041
20140918 93.43 93.900002 93.260002 93.480003 5488900 90.275759
20140919 93.949997 94.93 93.800003 94.360001 9043100 91.125593
20140922 94.120003 94.470001 93.82 93.93 4875700 90.710332
20140923 93.699997 94.150002 93.440002 93.510002 4702700 90.30473
20140924 93.699997 95.32 93.660004 95.00 7817900 91.743655
20140925 94.940002 95.309998 94.059998 94.160004 4569100 90.932451
20140926 94.050003 94.879997 94.019997 94.699997 3454400 91.453935
20140929 94.260002 97.300003 93.980003 96.220001 16489100 92.921837
20140930 96.230003 96.360001 94.339996 94.809998 10036400 91.560165
20141001 94.370003 95.080002 94.010002 94.190002 5334600 90.961422
20141002 94.029999 94.599998 94.00 94.120003 4116000 90.893821
20141003 95.290001 95.290001 94.510002 94.860001 3948600 91.608454
20141006 94.360001 94.43 93.690002 93.839996 4278600 90.623413
20141007 93.510002 93.540001 92.800003 92.809998 6093800 89.62872
20141008 93.080002 93.949997 92.809998 93.830002 5586600 90.613761
20141009 93.769997 94.00 92.709999 92.720001 5068600 89.541808
20141010 92.760002 93.449997 92.300003 92.300003 5844900 89.136206
20141013 92.129997 92.419998 90.660004 90.730003 6173800 87.620022
20141014 90.809998 91.739998 90.629997 91.099998 5539500 87.977335
20141015 90.489998 90.980003 89.57 90.440002 10468500 87.339962
20141016 89.389999 90.290001 89.339996 89.910004 7526400 86.82813
20141017 90.410004 91.139999 89.639999 91.040001 7074500 87.919394
20141020 90.959999 91.589996 90.709999 91.589996 5403200 88.450537
20141021 89.949997 91.449997 89.699997 91.010002 11422200 87.890423
20141022 90.699997 91.510002 90.599998 90.940002 6455600 87.822823
20141023 91.839996 92.099998 90.879997 91.019997 5966700 87.900075
20141024 90.699997 91.790001 90.550003 91.669998 5256600 88.527796
20141027 91.519997 92.089996 91.50 92.010002 4071100 88.856146
20141028 92.480003 92.599998 91.690002 92.599998 5083000 89.425919
20141029 92.650002 93.120003 92.00 92.730003 5295900 89.551467
20141030 92.57 93.389999 92.489998 93.379997 3965500 90.179181
20141031 93.900002 94.010002 92.830002 93.730003 6795900 90.51719
20141103 93.779999 93.779999 93.019997 93.610001 4064900 90.401301
20141104 93.93 94.629997 93.769997 94.470001 5802200 91.231823
20141105 95.00 95.07 94.389999 94.639999 4123800 91.395994
20141106 94.739998 94.93 94.419998 94.660004 3597300 91.415312
20141107 94.400002 95.099998 94.059998 95.099998 4674600 91.840225
20141110 95.559998 95.690002 94.980003 95.110001 5123900 91.849885
20141111 95.220001 95.419998 94.93 95.139999 3429000 91.878855
20141112 94.93 95.379997 94.830002 95.330002 2725700 92.062345
20141113 95.50 96.220001 95.18 95.480003 4099800 92.207205
20141114 95.379997 97.18 95.269997 96.209999 7793400 92.912178
20141117 96.059998 96.080002 95.599998 95.970001 3596500 92.680407
20141118 96.040001 96.949997 95.370003 96.410004 6258600 93.105327
20141119 96.739998 97.300003 96.43 96.559998 6631300 93.25018
20141120 96.540001 97.300003 96.50 96.639999 4551600 93.327439
20141121 97.470001 97.50 96.419998 96.68 5483700 93.366069
20141124 96.830002 97.419998 96.529999 97.169998 5222500 93.839271
20141125 97.199997 97.339996 96.849998 97.00 5368900 93.6751
20141126 96.360001 96.389999 95.919998 96.220001 3667800 93.743296
20141128 95.980003 97.400002 95.970001 96.809998 3442900 94.318106
20141201 96.150002 96.940002 95.639999 95.779999 5273700 93.314619
20141202 95.209999 97.00 94.760002 95.110001 10370000 92.661867
20141203 94.800003 95.57 94.779999 95.50 5316700 93.041827
20141204 95.389999 95.989998 95.139999 95.660004 5149300 93.197713
20141205 95.779999 96.610001 95.650002 96.309998 6209300 93.830976
20141208 93.410004 97.50 92.230003 92.610001 11792700 90.226217
20141209 91.300003 92.00 91.010002 91.360001 10066800 89.008392
20141210 91.040001 91.290001 89.510002 90.00 12020800 87.683398
20141211 90.089996 91.150002 90.019997 90.970001 8972700 88.628431
20141212 90.660004 91.389999 90.43 90.620003 8691000 88.287441
20141215 90.959999 91.099998 88.25 88.459999 10121600 86.183036
20141216 88.07 90.75 87.620003 88.720001 15106700 86.436346
20141217 88.93 92.050003 88.50 91.650002 14010000 89.290928
20141218 92.279999 93.739998 91.650002 93.669998 11277100 91.25893
20141219 93.510002 94.32 92.949997 93.220001 10284300 90.820516
20141222 93.279999 94.019997 93.029999 93.889999 5342200 91.473268
20141223 94.360001 94.82 94.010002 94.220001 3590000 91.794776
20141224 94.220001 94.540001 93.739998 93.830002 1729700 91.414815
20141226 94.099998 94.93 93.949997 94.779999 3875000 92.340359
20141229 94.32 95.459999 94.269997 95.040001 4183200 92.593669
20141230 94.849998 95.00 94.07 94.25 3257700 91.824002
20141231 93.75 94.800003 93.57 93.699997 4589300 91.288156
20150102 94.129997 95.00 93.050003 93.260002 6019700 90.859487
20150105 93.300003 93.68 92.220001 92.230003 6211900 89.856001
20150106 92.669998 93.809998 91.879997 92.400002 6484100 90.021623
20150107 93.260002 94.050003 92.860001 94.010002 6400300 91.590182
20150108 94.230003 94.980003 94.050003 94.360001 5476700 91.931172
20150109 93.970001 93.970001 92.779999 93.209999 4283300 90.810771
20150112 93.529999 93.809998 92.599998 93.010002 3989600 90.615922
20150113 93.949997 94.440002 92.419998 92.830002 5971200 90.440555
20150114 91.449997 92.050003 91.120003 91.540001 7745500 89.183759
20150115 91.540001 92.349998 90.970001 91.379997 5737500 89.027874
20150116 91.050003 91.690002 90.739998 91.489998 6927000 89.135043
20150120 91.639999 91.879997 90.230003 90.800003 6967300 88.462808
20150121 90.160004 90.459999 89.540001 90.339996 8682200 88.014642
20150122 90.620003 90.970001 89.839996 90.889999 7536400 88.550488
20150123 90.919998 91.639999 89.43 89.559998 11496000 87.254721
20150126 89.389999 90.699997 89.290001 90.669998 7753300 88.33615
20150127 89.959999 90.309998 89.559998 89.57 6640800 87.264465
20150128 89.739998 89.82 88.769997 88.779999 6921300 86.494799
20150129 91.50 93.50 91.260002 93.269997 19146900 90.869224
20150130 92.650002 93.300003 92.309998 92.440002 12385400 90.060594
20150202 92.050003 92.660004 91.43 92.510002 6751400 90.128792
20150203 92.639999 93.980003 92.449997 93.919998 7373000 91.502495
20150204 93.50 94.43 93.50 94.050003 6464800 91.629153
20150205 94.099998 94.830002 94.00 94.339996 5564100 91.911682
20150206 94.150002 94.480003 93.650002 93.989998 4597900 91.570693
20150209 93.300003 93.449997 92.540001 92.720001 8203000 90.333386
20150210 93.330002 94.230003 92.970001 94.019997 4697600 91.599919
20150211 94.160004 94.330002 93.300003 94.209999 5153900 91.785031
20150212 94.050003 95.599998 93.769997 95.089996 7910100 92.642377
20150213 95.400002 95.849998 94.93 95.650002 6762200 93.187968
20150217 95.120003 95.389999 94.089996 94.349998 5972000 91.921427
20150218 94.230003 94.790001 94.00 94.580002 5617500 92.14551
20150219 94.50 94.550003 93.739998 94.190002 6312200 91.765549
20150220 94.160004 94.489998 93.559998 94.190002 8155000 91.765549
20150223 94.120003 94.410004 93.949997 94.309998 5682000 91.882456
20150224 94.080002 95.330002 93.690002 94.980003 5643600 92.535215
20150225 94.910004 99.309998 94.860001 98.660004 16751600 96.120492
20150226 97.43 99.879997 97.00 99.510002 16098800 97.791129
20150227 99.169998 99.300003 98.489998 98.900002 7552500 97.191666
20150302 98.900002 101.089996 98.309998 100.00 12363300 98.272663
20150303 99.970001 100.440002 99.550003 99.739998 8149700 98.017152
20150304 99.809998 100.480003 99.18 100.25 9179400 98.518345
20150305 99.010002 99.919998 98.459999 99.110001 9438800 97.398037
20150306 98.269997 98.989998 96.959999 97.129997 9677900 95.452235
20150309 96.809998 98.25 96.809998 97.709999 8460300 96.022218
20150310 96.910004 97.120003 96.099998 96.290001 7838900 94.626748
20150311 96.300003 96.769997 94.940002 94.959999 9391100 93.31972
20150312 95.419998 96.440002 95.279999 96.25 8765100 94.587438
20150313 96.239998 97.050003 95.75 96.349998 5152800 94.68571
20150316 96.93 97.470001 96.739998 97.150002 4772200 95.471894
20150317 96.900002 97.150002 95.989998 96.169998 4530700 94.508819
20150318 96.010002 97.239998 95.330002 97.00 5831000 95.324483
20150319 96.860001 97.010002 95.980003 95.980003 3615400 94.322106
20150320 96.32 97.720001 96.120003 97.050003 10014000 95.373623
20150323 96.800003 99.120003 96.800003 98.620003 9232000 96.916503
20150324 98.459999 99.839996 98.07 99.360001 7549900 97.643719
20150325 99.029999 99.610001 98.110001 98.139999 6030500 96.444791
20150326 97.599998 97.970001 96.199997 97.639999 10445800 95.953428
20150327 97.360001 97.849998 96.769997 96.959999 4642400 95.285173
20150330 97.43 98.32 97.370003 97.879997 4074500 96.18928
20150331 97.82 98.43 97.440002 97.440002 5617000 95.756886
20150401 96.809998 97.019997 96.00 96.290001 7484800 94.626748
20150402 95.959999 96.239998 94.709999 95.830002 6614300 94.174695
20150406 95.75 96.82 95.449997 96.279999 4501300 94.616919
20150407 96.239998 96.790001 96.099998 96.349998 4443700 94.68571
20150408 96.730003 97.50 95.980003 96.849998 4445200 95.177073
20150409 96.849998 97.43 96.209999 96.550003 4790000 94.882259
20150410 96.900002 97.949997 96.559998 97.800003 5937800 96.110668
20150413 97.410004 97.75 97.07 97.440002 5197900 95.756886
20150414 97.160004 97.739998 96.970001 97.580002 4961100 95.894467
20150415 97.00 97.550003 96.279999 96.440002 6604400 94.774159
20150416 96.370003 97.440002 95.510002 95.629997 5071700 93.978145
20150417 95.129997 95.349998 94.459999 94.879997 6933600 93.2411
20150420 95.00 96.260002 95.00 96.18 4382400 94.518648
20150421 96.190002 96.550003 94.540001 94.870003 5981700 93.231278
20150422 97.00 99.349998 96.239998 97.839996 19254300 96.14997
20150423 97.440002 97.519997 96.559998 97.00 6336500 95.324483
20150424 96.989998 99.080002 96.839996 98.739998 7741300 97.034426
20150427 98.739998 98.940002 96.260002 96.440002 7282700 94.774159
20150428 96.269997 96.889999 95.779999 96.830002 4357400 95.157422
20150429 96.580002 97.669998 96.07 97.019997 5697200 95.344135
20150430 96.650002 97.370003 96.410004 96.550003 8300300 94.882259
20150501 96.730003 97.970001 96.730003 97.800003 6280300 96.110668
20150504 96.57 98.629997 96.050003 96.129997 8426300 94.469509
20150505 96.389999 96.470001 95.57 96.129997 7637000 94.469509
20150506 96.099998 96.660004 95.879997 96.389999 6614500 94.72502
20150507 96.269997 97.330002 96.120003 96.779999 5018900 95.108282
20150508 98.190002 99.150002 97.790001 98.230003 7543100 96.533241
20150511 98.07 98.389999 97.150002 97.510002 4123700 95.825676
20150512 97.389999 98.349998 96.919998 97.949997 4848100 96.258071
20150513 98.07 98.489998 97.279999 97.349998 6526900 95.668436
20150514 97.660004 97.870003 97.279999 97.709999 4744000 96.022218
20150515 97.739998 99.040001 97.540001 98.040001 7607200 96.34652
20150518 97.970001 98.25 97.620003 98.019997 4100800 96.326861
20150519 98.089996 101.080002 97.650002 100.68 10809200 98.940918
20150520 100.879997 100.980003 99.419998 100.110001 6185100 98.380764
20150521 99.889999 99.959999 99.059998 99.279999 4729500 97.565099
20150522 99.150002 99.480003 98.839996 98.989998 4559500 97.280107
20150526 98.849998 99.199997 98.040001 98.459999 7123100 96.759263
20150527 98.970001 99.220001 98.199997 98.660004 8129500 96.955813
20150528 98.00 98.209999 96.199997 96.480003 10204000 95.637429
20150529 97.589996 97.769997 95.839996 95.93 6439100 95.092229
20150601 95.839996 96.910004 95.839996 96.220001 4919200 95.379697
20150602 96.300003 96.970001 95.809998 96.290001 4430300 95.449086
20150603 96.379997 97.07 95.970001 96.519997 4165700 95.677073
20150604 96.300003 96.970001 96.010002 96.309998 4702800 95.468908
20150605 95.93 96.089996 95.470001 95.540001 3959300 94.705635
20150608 96.00 96.040001 95.25 95.32 4594600 94.487556
20150609 95.519997 95.559998 94.489998 94.730003 7770900 93.902712
20150610 95.019997 95.629997 94.809998 95.300003 4828600 94.467734
20150611 95.50 96.330002 95.50 95.589996 4203900 94.755194
20150612 95.419998 95.550003 95.00 95.059998 3702400 94.229824
20150615 94.739998 95.00 94.019997 94.300003 5861800 93.476467
20150616 94.25 94.669998 94.099998 94.629997 3094800 93.803579
20150617 94.540001 95.519997 94.540001 95.220001 3941000 94.38843
20150618 95.690002 96.629997 95.279999 96.169998 5101000 95.330131
20150619 96.389999 97.139999 95.980003 96.080002 8279300 95.24092
20150622 96.309998 97.029999 96.139999 96.870003 3893300 96.024022
20150623 97.589996 97.959999 97.120003 97.18 4541700 96.331312
20150624 96.75 97.449997 96.639999 96.639999 3927100 95.796027
20150625 96.699997 96.910004 95.779999 95.790001 4322300 94.953452
20150626 96.129997 97.349998 95.93 97.290001 6039500 96.440352
20150629 96.620003 97.230003 95.419998 95.440002 8412800 94.60651
20150630 95.93 96.300003 94.540001 95.07 6656000 94.239739
20150701 95.099998 95.82 94.730003 95.760002 4446200 94.923715
20150702 96.129997 96.599998 95.580002 96.169998 3250900 95.330131
20150706 95.889999 96.279999 95.25 95.650002 3852500 94.814675
20150707 95.93 96.779999 95.239998 96.68 4794400 95.835679
20150708 95.650002 96.589996 95.650002 95.839996 4914300 95.003011
20150709 96.639999 97.269997 96.440002 96.489998 5482500 95.647336
20150710 97.25 97.779999 96.949997 97.650002 5179200 96.797209
20150713 98.00 98.510002 97.699997 98.43 4578700 97.570396
20150714 98.120003 99.050003 97.959999 98.779999 5746100 97.917338
20150715 98.150002 99.629997 97.849998 99.07 7572500 98.204806
20150716 99.110001 99.110001 97.209999 97.860001 7696200 97.005374
20150717 97.699997 98.220001 97.00 97.50 6429800 96.648518
20150720 97.779999 98.209999 97.400002 97.489998 4947000 96.638603
20150721 97.599998 97.720001 96.959999 97.32 4206700 96.470089
20150722 97.709999 98.25 97.43 97.580002 5392600 96.727821
20150723 98.900002 99.00 96.150002 97.089996 10380700 96.242095
20150724 97.410004 97.410004 96.089996 96.099998 5554600 95.260742
20150727 96.00 96.75 95.699997 96.040001 5818600 95.201269
20150728 96.480003 97.419998 96.32 97.330002 4863000 96.480004
20150729 97.480003 98.389999 97.00 98.209999 6006500 97.352316
20150730 97.589996 99.339996 97.589996 99.169998 5372500 98.303931
20150731 99.650002 101.099998 99.300003 99.860001 7647000 98.987908
20150803 100.00 100.18 99.019997 99.419998 4427300 98.551748
20150804 99.470001 99.519997 98.769997 99.139999 2842100 98.274195
20150805 99.830002 100.139999 99.260002 99.800003 3560600 98.928434
20150806 99.720001 100.18 99.209999 99.349998 6740200 98.48236
20150807 99.290001 99.419998 98.449997 98.919998 3463700 98.056115
20150810 99.489998 99.949997 98.870003 99.389999 3994500 98.522011
20150811 98.690002 99.160004 98.400002 98.809998 3585000 97.947075
20150812 98.269997 98.43 97.230003 98.279999 4167100 97.421704
20150813 98.07 99.82 97.989998 99.370003 4636400 98.502189
20150814 99.050003 99.559998 98.720001 99.269997 3185600 98.403057
20150817 99.00 100.910004 98.919998 100.660004 5204100 99.780924
20150818 100.00 101.440002 100.00 100.760002 4257300 99.88005
20150819 100.449997 101.879997 100.190002 101.099998 5989000 100.217077
20150820 100.730003 101.00 99.739998 99.760002 6668000 98.888783
20150821 99.379997 99.389999 97.129997 97.129997 10980000 96.281746
20150824 91.580002 95.879997 87.50 92.870003 15074800 92.058955
20150825 95.470001 95.480003 91.029999 91.209999 11468800 90.413448
20150826 92.93 95.199997 91.470001 95.150002 16439800 94.319042
20150827 95.879997 97.370003 95.57 97.330002 10187100 96.480004
20150828 96.050003 96.660004 95.790001 96.25 5495700 96.25
20150831 95.769997 95.879997 94.849998 95.019997 4650100 95.019997
20150901 92.769997 94.279999 92.599998 93.470001 7083200 93.470001
20150902 95.629997 96.120003 94.550003 96.040001 6586500 96.040001
20150903 96.800003 97.43 95.580002 96.010002 6108000 96.010002
20150904 95.050003 95.580002 94.309998 94.849998 4423300 94.849998
20150908 96.309998 96.879997 95.489998 96.779999 5642200 96.779999
20150909 97.290001 97.389999 95.220001 95.43 4828600 95.43
20150910 94.959999 95.849998 94.75 95.25 5803200 95.25
20150911 95.470001 97.419998 95.260002 97.410004 6279500 97.410004
20150914 97.360001 97.660004 96.629997 96.970001 4557200 96.970001
20150915 97.290001 98.589996 96.739998 98.190002 4433800 98.190002
20150916 98.650002 98.739998 97.529999 98.690002 5099900 98.690002
20150917 98.57 98.970001 97.389999 97.839996 7498500 97.839996
20150918 96.82 97.699997 96.25 97.050003 9601400 97.050003
20150921 97.480003 98.169998 97.010002 97.900002 4422800 97.900002
20150922 97.120003 98.080002 96.709999 97.199997 6112000 97.199997
20150923 97.239998 97.849998 97.010002 97.379997 2965700 97.379997
20150924 96.830002 97.43 96.300003 97.290001 4068600 97.290001
20150925 97.889999 98.699997 97.459999 97.589996 4793900 97.589996
