20130102 94.190002 94.790001 93.959999 94.779999 3206700 88.757058
20130103 94.339996 94.93 94.129997 94.669998 2704600 88.654047
20130104 94.790001 95.480003 94.540001 95.370003 2704900 89.309569
20130107 95.019997 95.730003 94.760002 95.489998 2745800 89.421939
20130108 95.169998 95.75 95.099998 95.50 2655500 89.431306
20130109 95.870003 96.739998 95.709999 96.410004 2359700 90.283482
20130110 96.709999 96.989998 96.330002 96.889999 2600600 90.732975
20130111 95.839996 96.660004 95.209999 96.279999 2923900 90.161738
20130114 96.400002 97.389999 96.099998 97.080002 2592500 90.910904
20130115 96.830002 97.400002 96.57 97.290001 2106400 91.107558
20130116 97.00 97.699997 96.919998 97.599998 2092300 91.397856
20130117 97.790001 98.50 97.510002 98.080002 2803900 91.847357
20130118 98.419998 98.800003 98.040001 98.739998 3187900 92.465413
20130122 98.389999 99.330002 98.099998 99.330002 3215200 93.017924
20130123 98.970001 99.699997 98.809998 99.489998 3579300 93.167753
20130124 99.379997 99.82 98.800003 99.669998 3816300 93.336315
20130125 99.790001 100.870003 99.580002 100.589996 4237800 94.19785
20130128 100.980003 100.980003 100.269997 100.650002 2964900 94.254042
20130129 100.330002 101.870003 100.059998 101.809998 3530700 95.340325
20130130 101.800003 101.949997 100.690002 100.800003 2822800 94.394512
20130131 100.690002 100.949997 100.07 100.550003 3763100 94.160398
20130201 101.440002 101.989998 101.160004 101.559998 3853600 95.106211
20130204 100.769997 101.209999 100.580002 100.769997 1987600 94.366412
20130205 101.309998 101.919998 101.25 101.489998 2833100 95.04066
20130206 101.129997 102.989998 101.080002 102.690002 3510600 96.164408
20130207 102.650002 102.739998 101.459999 102.220001 2277600 95.724274
20130208 102.339996 103.330002 102.040001 102.660004 1937800 96.136316
20130211 102.389999 102.879997 102.040001 102.620003 1715500 96.098857
20130212 102.660004 103.589996 102.629997 103.459999 1928000 96.885474
20130213 103.029999 103.389999 102.580002 102.860001 1699900 96.918451
20130214 102.43 103.139999 102.220001 102.779999 2217500 96.843071
20130215 103.059998 103.379997 102.620003 103.230003 2326200 97.267081
20130219 103.419998 104.389999 103.32 104.18 2988500 98.162203
20130220 104.18 104.400002 103.150002 103.150002 2995400 97.191701
20130221 102.879997 103.139999 102.389999 102.720001 2758000 96.786539
20130222 102.989998 103.699997 102.82 103.540001 2158100 97.559172
20130225 103.910004 104.040001 101.75 101.75 3021900 95.872568
20130226 102.110001 102.660004 101.910004 102.309998 2471900 96.400218
20130227 102.099998 103.93 101.949997 103.57 2353700 97.587438
20130228 103.599998 104.559998 103.139999 104.00 2870100 97.9926
20130301 103.389999 103.940002 102.720001 103.769997 2660400 97.775883
20130304 103.510002 103.510002 102.589996 103.279999 2566300 97.314189
20130305 103.760002 104.809998 103.650002 104.449997 2632200 98.416604
20130306 104.730003 105.419998 104.470001 104.660004 3470300 98.61448
20130307 104.800003 105.150002 104.489998 104.540001 1875200 98.501409
20130308 105.00 105.809998 104.82 105.709999 2357200 99.603824
20130311 105.330002 105.959999 105.330002 105.809998 1720600 99.698046
20130312 105.82 105.980003 104.959999 105.129997 2226800 99.057325
20130313 105.129997 105.57 104.879997 105.089996 2059600 99.019635
20130314 105.330002 106.019997 105.260002 106.019997 2203400 99.895915
20130315 105.900002 106.879997 105.849998 106.400002 5148400 100.25397
20130318 105.230003 105.959999 105.220001 105.410004 1811400 99.321157
20130319 105.830002 105.980003 104.639999 105.18 3211400 99.10444
20130320 105.910004 106.169998 105.379997 105.660004 1799500 99.556717
20130321 105.389999 105.459999 104.720001 104.940002 1937300 98.878305
20130322 105.099998 106.489998 105.099998 106.419998 2409800 100.272811
20130325 106.529999 106.800003 104.68 105.169998 3739200 99.095015
20130326 105.410004 106.220001 105.410004 106.07 1893500 99.94303
20130327 105.349998 105.50 104.970001 105.290001 2129500 99.208086
20130328 105.669998 106.339996 105.279999 106.309998 2276700 100.169165
20130401 106.00 106.169998 105.419998 105.650002 1684300 99.547292
20130402 105.800003 106.800003 105.790001 106.519997 2097500 100.367033
20130403 106.599998 106.970001 105.43 105.68 3278900 99.575558
20130404 105.82 106.220001 105.300003 105.82 1771200 99.707471
20130405 104.449997 105.879997 104.349998 105.779999 2477800 99.66978
20130408 105.860001 106.419998 105.099998 105.75 1947700 99.641514
20130409 106.00 106.690002 105.389999 105.949997 2370600 99.829959
20130410 106.089996 107.93 106.029999 107.690002 3262400 101.469456
20130411 107.860001 108.720001 107.860001 108.25 2137800 101.997106
20130412 107.889999 108.269997 107.309998 107.68 2111400 101.460031
20130415 107.150002 107.910004 105.739998 105.760002 3677400 99.650939
20130416 106.690002 106.849998 105.699997 106.150002 2636800 100.01841
20130417 105.470001 105.800003 104.93 105.480003 3155300 99.387114
20130418 105.839996 105.970001 104.279999 104.980003 3144700 98.915995
20130419 105.309998 105.879997 104.82 105.709999 3323000 99.603824
20130422 105.709999 106.099998 105.139999 105.800003 2646800 99.688629
20130423 106.239998 107.510002 105.860001 107.389999 3209800 101.186782
20130424 107.610001 108.150002 107.239998 107.870003 3238200 101.639058
20130425 104.459999 105.639999 103.50 104.879997 9027000 98.821766
20130426 104.970001 105.18 103.459999 103.790001 3359400 97.794732
20130429 103.910004 104.199997 102.889999 103.830002 2903700 97.832422
20130430 103.980003 104.739998 102.970001 104.709999 3768800 98.661588
20130501 104.779999 105.120003 104.419998 104.550003 3258900 98.510833
20130502 105.040001 106.379997 104.910004 106.040001 3119500 99.914764
20130503 106.959999 108.599998 106.849998 107.830002 3013100 101.601368
20130506 107.629997 107.989998 107.449997 107.839996 2174400 101.610785
20130507 107.610001 108.370003 107.550003 108.010002 2235200 101.770971
20130508 108.029999 108.290001 107.769997 108.199997 2654400 101.949991
20130509 108.110001 110.510002 108.110001 109.919998 4487000 103.570639
20130510 110.080002 110.639999 109.75 110.480003 2993300 104.098296
20130513 109.989998 110.720001 109.709999 110.50 2044400 104.117138
20130514 110.32 110.790001 110.269997 110.589996 2481000 104.201936
20130515 110.400002 111.709999 110.290001 111.50 2912600 105.059375
20130516 111.209999 111.699997 110.949997 111.07 2685900 104.654213
20130517 111.160004 111.779999 110.940002 111.389999 4060400 104.955728
20130520 111.129997 112.059998 110.959999 111.720001 2457300 105.266668
20130521 112.110001 112.339996 111.519997 112.010002 2473300 105.539917
20130522 111.589996 112.290001 110.57 110.790001 3833200 104.985563
20130523 110.059998 110.699997 109.580002 110.410004 2568400 104.625474
20130524 109.860001 110.489998 109.489998 110.269997 2228400 104.492803
20130528 111.150002 112.379997 111.040001 111.589996 2722000 105.743646
20130529 111.040001 111.360001 110.480003 111.129997 2113600 105.307747
20130530 111.339996 112.00 111.010002 111.419998 2599200 105.582554
20130531 110.790001 112.209999 110.269997 110.269997 3207700 104.492803
20130603 110.699997 110.949997 109.690002 110.610001 2647100 104.814993
20130604 110.650002 111.199997 109.529999 110.019997 2508500 104.2559
20130605 109.800003 109.889999 108.389999 108.589996 2690400 102.90082
20130606 108.459999 108.779999 107.639999 108.669998 2680800 102.97663
20130607 109.379997 111.120003 108.970001 111.110001 3374900 105.288798
20130610 111.410004 111.449997 110.540001 110.809998 2224100 105.004512
20130611 109.900002 111.080002 109.510002 110.220001 1752100 104.445427
20130612 110.989998 111.059998 108.949997 109.029999 2400700 103.31777
20130613 108.949997 111.440002 108.580002 111.199997 2604200 105.374079
20130614 111.300003 112.07 110.75 111.029999 2016800 105.212987
20130617 111.849998 112.870003 111.639999 111.910004 2617800 106.046887
20130618 112.07 113.230003 111.900002 112.970001 1695300 107.05135
20130619 112.959999 113.25 111.529999 111.57 1971700 105.724697
20130620 110.709999 110.760002 108.519997 108.779999 2975600 103.080868
20130621 109.50 110.059998 108.739998 109.589996 4674400 103.848428
20130624 108.779999 108.779999 107.150002 107.50 3602500 101.86793
20130625 108.199997 108.75 107.540001 108.239998 2676700 102.569158
20130626 109.07 109.980003 108.730003 109.68 2524400 103.933717
20130627 110.540001 110.900002 109.970001 110.239998 2229600 104.464376
20130628 109.860001 110.470001 109.139999 109.349998 3428500 103.621004
20130701 108.370003 110.360001 108.360001 109.309998 2668800 103.583099
20130702 109.050003 109.75 108.330002 108.730003 3008800 103.033492
20130703 108.279999 109.900002 108.209999 109.449997 1358800 103.715764
20130705 110.370003 111.559998 109.870003 111.540001 2064500 105.69627
20130708 112.00 112.779999 111.900002 112.129997 2571600 106.255355
20130709 113.089996 113.519997 112.790001 113.349998 2196200 107.411439
20130710 113.379997 113.879997 112.910004 113.43 2307500 107.487249
20130711 114.360001 114.75 114.169998 114.529999 2387500 108.529617
20130712 114.57 115.239998 114.269997 115.139999 2291700 109.107659
20130715 115.139999 115.489998 114.75 114.849998 2064400 108.832852
20130716 114.989998 115.440002 114.059998 114.339996 2458400 108.34957
20130717 114.970001 115.269997 114.309998 114.639999 2096600 108.633855
20130718 114.610001 115.75 114.57 115.480003 2945800 109.42985
20130719 115.339996 116.470001 115.339996 116.190002 3093900 110.102651
20130722 116.00 116.82 115.660004 116.279999 2823500 110.187933
20130723 116.440002 117.300003 116.010002 116.75 2254400 110.63331
20130724 117.07 117.089996 116.059998 116.330002 1808800 110.235316
20130725 115.300003 116.900002 114.839996 116.550003 3346700 110.443791
20130726 116.169998 116.93 115.339996 116.910004 2332200 110.784931
20130729 116.410004 116.809998 116.059998 116.610001 1460400 110.500645
20130730 116.900002 117.120003 116.330002 116.839996 2285200 110.718591
20130731 117.129997 118.599998 117.010002 117.43 2694000 111.277684
20130801 118.379997 119.260002 118.269997 118.410004 2997000 112.206344
20130802 117.980003 118.349998 117.470001 118.260002 1899300 112.064201
20130805 118.169998 118.25 117.809998 117.919998 1351800 111.74201
20130806 117.82 117.949997 117.139999 117.50 1841100 111.344016
20130807 117.300003 117.949997 117.040001 117.830002 1934000 111.656729
20130808 118.269997 119.00 117.639999 118.68 2380600 112.462195
20130809 118.730003 119.199997 117.699997 118.309998 2460100 112.111577
20130812 118.00 118.760002 117.720001 118.379997 1647400 112.177909
20130813 118.519997 119.18 117.190002 118.669998 2023300 112.452717
20130814 118.900002 118.910004 117.57 117.620003 2021400 111.457732
20130815 116.919998 116.919998 115.639999 115.849998 1994900 109.780461
20130816 115.68 116.209999 115.639999 115.900002 2332800 109.827844
20130819 115.830002 115.959999 115.470001 115.610001 1829300 109.553037
20130820 115.519997 115.889999 115.190002 115.419998 2153600 109.372989
20130821 114.790001 114.839996 113.339996 113.419998 2293700 108.072352
20130822 113.610001 114.889999 113.339996 114.669998 2002000 109.263415
20130823 114.760002 115.00 113.589996 114.400002 1953300 109.006149
20130826 114.379997 115.169998 114.040001 114.330002 1815700 108.939449
20130827 113.410004 113.82 112.669998 112.730003 1907500 107.414889
20130828 112.510002 113.419998 112.360001 113.00 1545800 107.672156
20130829 112.870003 113.830002 112.580002 113.32 1457200 107.977068
20130830 113.610001 113.739998 112.849998 113.580002 2205600 108.224811
20130903 114.57 114.919998 112.849998 113.220001 2168100 107.881784
20130904 113.080002 114.860001 113.080002 114.550003 2312200 109.149078
20130905 114.349998 115.120003 114.029999 114.870003 1947900 109.45399
20130906 115.089996 115.82 113.889999 115.040001 1965600 109.615973
20130909 115.629997 117.139999 115.510002 116.739998 1976800 111.235816
20130910 117.309998 117.870003 117.07 117.589996 2572800 112.045738
20130911 117.629997 118.709999 117.589996 118.709999 1889000 113.112934
20130912 118.800003 118.910004 118.00 118.199997 2399700 112.626978
20130913 118.489998 118.849998 118.32 118.599998 1973300 113.00812
20130916 119.790001 120.00 119.059998 119.230003 2756300 113.608421
20130917 119.07 120.190002 118.650002 119.93 2436000 114.275413
20130918 120.25 121.510002 119.870003 121.290001 3307700 115.571291
20130919 121.150002 122.269997 121.150002 121.57 2912400 115.838088
20130920 121.50 121.93 120.010002 120.010002 6999000 114.351643
20130923 120.43 121.470001 120.370003 121.110001 3468500 115.399778
20130924 121.239998 121.870003 120.690002 120.800003 3585100 115.104396
20130925 120.889999 121.209999 120.169998 120.199997 2173400 114.53268
20130926 120.599998 121.00 119.919998 120.660004 2240900 114.970998
20130927 119.970001 120.300003 119.260002 120.220001 2028100 114.551741
20130930 119.389999 119.959999 118.669998 119.410004 2104700 113.779934
20131001 119.690002 119.82 118.800003 119.620003 1854800 113.980032
20131002 119.129997 119.589996 118.440002 119.199997 2056500 113.579829
20131003 118.709999 119.110001 117.889999 118.550003 2525800 112.960482
20131004 118.370003 119.709999 118.129997 119.400002 1983700 113.770403
20131007 118.559998 119.269997 118.279999 118.690002 1931200 113.09388
20131008 118.720001 119.220001 117.099998 117.160004 2869000 111.636019
20131009 117.269997 117.959999 116.650002 117.57 2499200 112.026684
20131010 118.599998 119.339996 118.32 119.339996 2688800 113.713227
20131011 119.160004 120.769997 118.389999 120.720001 2492700 115.028166
20131014 120.260002 121.699997 120.00 121.400002 1866800 115.676105
20131015 121.279999 121.379997 119.790001 119.82 2720500 114.170599
20131016 120.860001 120.940002 120.139999 120.940002 2646400 115.237795
20131017 120.739998 122.870003 120.709999 122.620003 2791700 116.838585
20131018 122.870003 123.449997 122.400002 122.839996 2590500 117.048206
20131021 122.790001 123.309998 122.68 123.25 1762200 117.438878
20131022 123.360001 124.32 123.279999 123.800003 2053500 117.962949
20131023 123.43 123.730003 122.50 123.199997 2337500 117.391233
20131024 122.959999 124.959999 122.699997 123.489998 3851100 117.66756
20131025 123.050003 124.459999 122.870003 124.419998 2054300 118.553712
20131028 124.129997 125.32 123.800003 124.919998 2358400 119.030137
20131029 125.080002 125.480003 124.620003 125.279999 1986700 119.373164
20131030 125.57 125.980003 124.760002 124.790001 2107700 118.906269
20131031 124.970001 126.379997 124.949997 125.849998 2327200 119.916289
20131101 126.760002 126.93 125.120003 125.900002 1676600 119.963935
20131104 125.980003 126.489998 125.559998 126.32 1741500 120.36413
20131105 125.75 126.459999 124.860001 126.120003 1757900 120.173563
20131106 126.459999 127.32 126.230003 127.129997 1910300 121.135937
20131107 127.150002 127.879997 126.230003 126.410004 3188900 120.449891
20131108 126.029999 128.020004 126.029999 127.989998 2234300 121.955389
20131111 127.540001 128.169998 127.25 127.949997 1751500 121.917275
20131112 128.149994 128.589996 127.550003 128.360001 2428600 122.307947
20131113 127.860001 128.660004 127.43 128.589996 2426300 122.527099
20131114 128.970001 130.119995 128.800003 129.789993 2569800 123.670517
20131115 129.149994 130.00 128.979996 129.850006 2360400 123.7277
20131118 129.910004 130.50 129.779999 130.130005 2148200 123.994497
20131119 130.020004 130.779999 129.919998 130.050003 2532500 123.918267
20131120 129.50 130.300003 128.550003 129.179993 2691800 123.693236
20131121 129.690002 130.410004 129.589996 130.350006 1576100 124.813555
20131122 130.360001 132.550003 129.820007 131.020004 1644800 125.455096
20131125 131.800003 131.869995 130.940002 131.229996 2496300 125.656168
20131126 131.449997 132.639999 131.330002 132.149994 4229600 126.53709
20131127 132.630005 133.649994 131.940002 133.50 2433500 127.829757
20131129 133.509995 134.160004 133.339996 133.509995 2029000 127.839327
20131202 131.669998 132.00 127.389999 127.68 6897900 122.256954
20131203 126.059998 127.389999 125.150002 126.599998 7864500 121.222824
20131204 125.949997 127.589996 125.489998 126.459999 3450700 121.088771
20131205 126.400002 127.650002 126.220001 126.830002 2842700 121.443058
20131206 128.190002 128.800003 127.849998 128.610001 2886100 123.147454
20131209 128.800003 129.179993 128.389999 128.570007 2064400 123.109159
20131210 128.070007 128.529999 127.529999 127.550003 2353100 122.132478
20131211 128.740005 129.660004 126.709999 126.769997 3897500 121.385602
20131212 126.629997 127.389999 125.980003 126.580002 2486700 121.203677
20131213 126.650002 127.349998 125.980003 126.43 1743400 121.060046
20131216 126.769997 128.770004 126.470001 127.660004 2805300 122.237807
20131217 130.419998 131.619995 129.979996 131.389999 6206800 125.809376
20131218 131.479996 135.809998 131.479996 135.800003 5580000 130.03207
20131219 135.059998 136.520004 134.729996 136.410004 4080900 130.616162
20131220 136.779999 138.089996 136.600006 136.720001 5856800 130.912992
20131223 137.100006 137.429993 136.320007 136.800003 3439600 130.989596
20131224 137.229996 137.339996 136.350006 136.990005 1311700 131.171529
20131226 137.300003 138.679993 137.029999 138.289993 2158200 132.416301
20131227 138.779999 139.399994 138.550003 139.350006 1894900 133.431291
20131230 139.080002 139.649994 138.789993 139.419998 1714300 133.49831
20131231 140.00 140.429993 139.479996 140.25 1846500 134.293059
20140102 138.050003 139.00 137.610001 138.130005 3052100 132.263108
20140103 138.369995 138.880005 138.029999 138.449997 2133300 132.569509
20140106 138.75 139.289993 137.479996 137.630005 2712100 131.784345
20140107 137.449997 138.199997 137.130005 137.649994 2525500 131.803485
20140108 137.479996 137.75 136.339996 136.630005 3122700 130.826818
20140109 137.020004 137.429993 136.199997 136.449997 2539900 130.654456
20140110 136.949997 137.190002 135.679993 136.179993 3254300 130.39592
20140113 135.809998 137.059998 134.570007 134.679993 2633400 128.959631
20140114 135.110001 137.410004 134.740005 137.410004 2479700 131.573688
20140115 137.770004 138.820007 137.559998 138.440002 3025900 132.559939
20140116 137.740005 138.50 137.630005 138.160004 1792700 132.291832
20140117 137.979996 138.75 136.979996 137.309998 2327900 131.477929
20140121 138.449997 138.949997 136.300003 136.990005 2705700 131.171529
20140122 137.350006 137.490005 136.330002 136.479996 2118800 130.683181
20140123 135.639999 135.660004 133.949997 134.710007 2720300 128.98837
20140124 133.729996 133.729996 130.220001 130.220001 3776100 124.689072
20140127 130.020004 130.589996 128.660004 128.960007 3312800 123.482594
20140128 129.429993 130.009995 129.100006 129.809998 2734200 124.296482
20140129 130.100006 131.270004 129.00 130.25 3584000 124.717796
20140130 129.960007 129.960007 126.529999 128.050003 4102600 122.611241
20140131 126.599998 129.199997 126.419998 128.190002 3715400 122.745294
20140203 128.220001 128.589996 123.610001 123.900002 4245100 118.637506
20140204 126.089996 127.639999 124.120003 126.720001 7412500 121.33773
20140205 128.009995 128.759995 125.919998 127.360001 4960000 121.950546
20140206 127.599998 129.199997 127.099998 128.899994 3828400 123.42513
20140207 129.570007 130.389999 128.809998 130.330002 3263200 124.7944
20140210 129.649994 130.410004 129.020004 129.699997 3317400 124.191154
20140211 129.699997 131.490005 129.649994 130.979996 2604000 125.416786
20140212 130.339996 131.00 130.009995 130.440002 2100600 125.720393
20140213 129.289993 130.380005 128.660004 130.139999 2850600 125.431245
20140214 129.770004 132.190002 129.50 132.119995 3030000 127.3396
20140218 132.309998 132.75 131.639999 131.800003 2876500 127.031186
20140219 131.330002 132.710007 130.460007 130.559998 2719400 125.836046
20140220 130.649994 132.029999 130.050003 131.559998 2155800 126.799864
20140221 131.559998 132.330002 131.300003 131.570007 2574300 126.809512
20140224 131.889999 133.460007 131.440002 132.199997 2454300 127.416707
20140225 132.270004 133.429993 131.860001 132.929993 2863100 128.12029
20140226 133.130005 133.460007 132.279999 132.860001 2771100 128.05283
20140227 132.630005 134.580002 132.00 134.339996 3124000 129.479276
20140228 134.190002 135.199997 133.919998 134.729996 3179400 129.855165
20140303 133.070007 133.809998 131.669998 132.210007 2814400 127.426355
20140304 131.919998 133.080002 131.580002 132.679993 6975500 127.879335
20140305 132.660004 134.029999 132.190002 133.850006 3551400 129.007015
20140306 134.369995 134.740005 134.020004 134.080002 2236800 129.228689
20140307 134.880005 135.00 133.710007 134.110001 2381400 129.257602
20140310 133.979996 134.080002 133.100006 133.559998 1966100 128.7275
20140311 133.729996 133.839996 132.229996 132.509995 1928900 127.715488
20140312 132.070007 132.759995 131.589996 132.570007 2637000 127.77333
20140313 133.190002 133.669998 130.639999 130.809998 2520700 126.077001
20140314 130.080002 131.110001 129.699997 129.830002 2975100 125.132464
20140317 130.660004 132.690002 130.660004 132.270004 2529400 127.484181
20140318 132.490005 133.229996 132.25 132.740005 2032800 127.937177
20140319 132.75 132.850006 130.580002 131.229996 2141000 126.481803
20140320 131.149994 132.850006 130.860001 132.429993 2577500 127.638381
20140321 133.580002 134.240005 132.899994 133.119995 5920400 128.303418
20140324 133.320007 133.699997 131.880005 132.419998 2793600 127.628748
20140325 133.660004 134.529999 132.899994 134.059998 2897600 129.209409
20140326 134.660004 134.889999 133.089996 133.089996 2318900 128.274504
20140327 132.820007 133.490005 132.179993 132.839996 2402500 128.03355
20140328 133.580002 134.970001 133.179993 134.199997 1906500 129.344342
20140331 134.610001 135.869995 134.580002 135.660004 2711800 130.751523
20140401 135.880005 136.649994 135.669998 136.529999 2370800 131.59004
20140402 135.990005 136.25 135.330002 136.00 3281400 131.079217
20140403 136.220001 137.190002 135.699997 136.139999 2676200 131.214151
20140404 136.899994 137.770004 135.770004 135.860001 2735300 130.944284
20140407 135.809998 136.25 134.389999 134.399994 2807500 129.537103
20140408 134.440002 135.149994 133.429993 134.839996 2893600 129.961185
20140409 135.00 135.869995 134.50 135.839996 2671900 130.925003
20140410 135.729996 136.429993 133.899994 133.970001 2857200 129.122669
20140411 133.369995 133.839996 132.389999 132.389999 2368200 127.599835
20140414 133.449997 133.520004 132.020004 133.149994 2058100 128.332331
20140415 133.270004 134.350006 132.020004 134.089996 2119000 129.238322
20140416 135.169998 136.779999 134.809998 136.770004 2135200 131.821361
20140417 137.300003 138.25 137.25 137.729996 2645600 132.746618
20140421 137.25 138.710007 137.179993 138.619995 1781100 133.604415
20140422 138.50 139.520004 138.130005 138.889999 2252500 133.86465
20140423 138.809998 138.889999 137.889999 137.990005 2847500 132.99722
20140424 136.380005 136.990005 135.00 136.649994 2847800 131.705693
20140425 136.50 136.960007 135.690002 136.559998 2093100 131.618953
20140428 137.429993 138.350006 135.970001 137.229996 2244300 132.264709
20140429 137.869995 137.899994 136.559998 137.550003 1820900 132.573138
20140430 137.630005 139.199997 137.330002 139.089996 2904000 134.057411
20140501 139.50 141.490005 139.119995 140.809998 3997400 135.715179
20140502 141.630005 141.830002 139.869995 140.119995 5758500 135.050142
20140505 139.139999 141.050003 138.649994 140.610001 2710900 135.522418
20140506 140.279999 140.429993 139.169998 139.289993 2299700 134.250171
20140507 139.979996 141.25 139.179993 141.139999 2238500 136.03324
20140508 140.880005 142.119995 140.509995 140.830002 1939400 135.734459
20140509 140.559998 141.369995 140.25 141.339996 2093000 136.226001
20140512 141.779999 142.940002 141.710007 142.820007 2972100 137.652462
20140513 143.00 143.369995 142.320007 142.429993 1695400 137.276559
20140514 142.479996 142.770004 141.410004 141.600006 2113400 136.476603
20140515 141.559998 141.740005 140.020004 140.979996 2388400 135.879026
20140516 140.929993 141.199997 139.910004 141.130005 1901700 136.023607
20140519 140.070007 142.00 139.979996 141.669998 1529200 136.544062
20140520 141.600006 141.899994 139.889999 140.229996 1845100 135.156163
20140521 139.770004 140.789993 139.770004 140.660004 1641000 136.402278
20140522 140.710007 140.960007 140.259995 140.309998 1550100 136.062867
20140523 140.229996 141.179993 140.050003 141.139999 1209400 136.867745
20140527 141.50 141.600006 141.130005 141.440002 1512300 137.158667
20140528 141.809998 141.899994 141.059998 141.429993 1566100 137.14896
20140529 141.50 142.429993 141.190002 142.389999 1624100 138.079908
20140530 142.110001 142.669998 141.779999 142.550003 3908500 138.235068
20140602 142.270004 142.910004 141.690002 142.320007 1682300 138.012034
20140603 142.080002 143.130005 141.610001 142.889999 2061700 138.564773
20140604 142.910004 143.00 142.259995 142.259995 1335700 137.953838
20140605 142.759995 143.740005 141.899994 143.710007 1542300 139.359959
20140606 143.990005 144.639999 143.529999 144.639999 1768700 140.261801
20140609 144.639999 145.529999 144.610001 145.320007 1800900 140.921226
20140610 144.970001 145.210007 144.460007 144.970001 1700000 140.581814
20140611 144.660004 144.970001 144.190002 144.410004 1489900 140.038767
20140612 144.949997 144.949997 142.779999 143.070007 1839400 138.739332
20140613 143.190002 143.75 142.830002 143.360001 1376200 139.020547
20140616 142.929993 143.529999 142.600006 143.320007 1274300 138.981765
20140617 143.009995 143.990005 142.639999 143.690002 1209400 139.34056
20140618 143.929993 144.389999 142.770004 144.330002 1340700 139.961187
20140619 144.529999 144.720001 143.990005 144.490005 1560500 140.116348
20140620 144.539993 145.300003 144.199997 145.160004 4204600 140.766065
20140623 145.100006 145.300003 144.009995 144.089996 1390200 139.728446
20140624 143.710007 144.619995 143.050003 143.089996 1404500 138.758716
20140625 143.00 144.380005 142.880005 143.649994 1321800 139.301763
20140626 143.75 143.990005 142.559998 143.729996 1490900 139.379343
20140627 143.169998 144.070007 143.059998 143.690002 1981800 139.34056
20140630 143.919998 143.929993 143.059998 143.240005 1878400 138.904185
20140701 143.410004 144.820007 143.380005 144.559998 1767600 140.184221
20140702 144.229996 145.300003 143.559998 145.229996 1621300 140.833939
20140703 145.25 145.729996 145.00 145.410004 1142200 141.008498
20140707 145.479996 145.580002 144.50 144.910004 1257900 140.523633
20140708 145.220001 145.399994 144.479996 144.559998 1596700 140.184221
20140709 144.779999 145.039993 144.029999 144.679993 1521800 140.300584
20140710 143.50 144.199997 143.240005 143.889999 2070100 139.534503
20140711 144.139999 144.490005 143.539993 144.309998 1907900 139.941788
20140714 144.990005 145.710007 144.75 145.00 2114600 140.610905
20140715 145.00 145.479996 144.360001 145.059998 1955700 140.669086
20140716 145.279999 146.25 145.029999 146.169998 1969200 141.745487
20140717 145.330002 145.669998 143.449997 143.539993 2776500 139.195092
20140718 143.830002 145.059998 143.539993 144.830002 2133000 140.446052
20140721 144.660004 144.869995 143.649994 144.300003 1520900 139.932096
20140722 144.889999 145.669998 144.889999 145.119995 1608200 140.727268
20140723 145.339996 145.449997 144.529999 144.679993 1849400 140.300584
20140724 145.509995 146.429993 144.470001 145.130005 2580000 140.736974
20140725 145.660004 145.940002 144.589996 145.119995 1601800 140.727268
20140728 144.919998 145.630005 143.779999 145.529999 2002200 141.124861
20140729 145.220001 146.270004 143.990005 144.020004 2286600 139.660573
20140730 144.259995 144.779999 143.520004 143.740005 2458400 139.38905
20140731 143.330002 143.550003 140.600006 140.889999 3571100 136.625312
20140801 140.149994 141.039993 139.080002 140.110001 2505800 135.868924
20140804 140.149994 140.979996 139.210007 140.75 2494500 136.489551
20140805 140.619995 141.119995 139.339996 139.779999 2168500 135.548911
20140806 139.139999 139.940002 138.429993 139.550003 2679000 135.325877
20140807 140.050003 140.369995 138.960007 139.130005 1892500 134.918592
20140808 139.300003 140.889999 138.889999 140.850006 2702600 136.58653
20140811 140.929993 141.50 140.539993 140.580002 1919100 136.324698
20140812 140.619995 141.210007 140.429993 140.880005 2176100 136.61562
20140813 141.350006 141.830002 140.919998 141.800003 3104300 137.50777
20140814 142.00 142.389999 141.850006 142.339996 1586900 138.031418
20140815 142.809998 142.979996 141.020004 141.919998 1960900 137.624133
20140818 142.75 144.190002 142.589996 144.119995 1852900 139.757537
20140819 144.470001 145.009995 143.809998 144.25 1592500 139.883607
20140820 143.860001 144.820007 143.50 144.600006 2298800 141.059105
20140821 144.779999 144.990005 144.350006 144.50 1475800 140.961548
20140822 144.50 144.830002 144.020004 144.130005 1547500 140.600613
20140825 144.660004 144.990005 144.419998 144.699997 1012900 141.156648
20140826 145.00 145.389999 144.570007 144.600006 1808100 141.059105
20140827 144.429993 144.860001 143.630005 143.940002 1402200 140.415264
20140828 143.320007 144.119995 143.020004 143.979996 1314100 140.454278
20140829 144.059998 144.389999 143.179993 144.00 1537800 140.473792
20140902 143.300003 144.610001 143.300003 144.220001 1578800 140.688406
20140903 144.470001 144.720001 143.550003 143.820007 1533600 140.298207
20140904 144.210007 144.649994 143.350006 143.610001 1549800 140.093343
20140905 143.639999 144.320007 143.149994 144.199997 1989100 140.668892
20140908 144.410004 145.449997 144.110001 144.889999 2446100 141.341998
20140909 144.699997 145.259995 144.25 144.460007 1745400 140.922534
20140910 144.630005 144.990005 144.00 144.639999 1558800 141.098119
20140911 143.990005 144.380005 143.600006 144.350006 1465400 140.815227
20140912 144.449997 144.449997 143.50 143.940002 2135400 140.415264
20140915 144.169998 144.690002 143.660004 144.479996 1868000 140.942034
20140916 143.800003 144.990005 143.589996 144.850006 1945100 141.302984
20140917 144.919998 145.789993 144.270004 145.369995 2757000 141.810239
20140918 145.699997 147.059998 145.690002 146.839996 2364800 143.244244
20140919 147.419998 147.869995 146.520004 146.690002 8106200 143.097923
20140922 146.919998 147.00 145.50 145.710007 2231000 142.141925
20140923 145.229996 145.600006 144.350006 144.369995 2049700 140.834727
20140924 144.169998 145.119995 143.720001 144.880005 2608200 141.332248
20140925 144.410004 144.460007 142.070007 142.479996 2764200 138.991009
20140926 142.520004 142.889999 140.979996 142.419998 3557700 138.932481
20140929 140.940002 142.339996 140.660004 142.190002 2848300 138.708117
20140930 142.50 142.899994 141.279999 141.679993 2675100 138.210596
20141001 141.160004 141.669998 138.720001 139.179993 2925900 135.771815
20141002 138.570007 139.320007 137.949997 138.669998 3221300 135.274309
20141003 139.330002 140.449997 138.570007 140.169998 3514100 136.737578
20141006 140.550003 141.279999 139.589996 140.339996 2464700 136.903413
20141007 138.820007 140.179993 137.660004 137.679993 3144900 134.308546
20141008 138.25 141.479996 137.720001 141.410004 4135500 137.947218
20141009 141.149994 141.50 138.330002 138.639999 3768000 135.245045
20141010 139.330002 139.600006 133.820007 133.830002 7366500 130.552832
20141013 134.259995 135.350006 131.009995 132.899994 4583400 129.645598
20141014 133.649994 135.940002 133.210007 134.179993 3644300 130.894253
20141015 132.559998 134.639999 130.600006 134.220001 4794700 130.933282
20141016 133.419998 135.970001 132.75 135.050003 3497200 131.742959
20141017 135.75 137.850006 135.75 137.399994 3746400 134.035404
20141020 137.149994 137.75 136.759995 137.600006 2782500 134.230518
20141021 138.399994 141.100006 138.339996 140.929993 3078400 137.478962
20141022 140.899994 141.089996 138.699997 138.949997 4294300 135.547451
20141023 141.919998 147.919998 141.919998 145.050003 7424400 141.498083
20141024 145.00 148.789993 144.809998 148.589996 4480900 144.951391
20141027 148.089996 149.710007 147.339996 149.559998 2840000 145.897639
20141028 149.830002 151.130005 149.559998 151.059998 2358800 147.360908
20141029 151.389999 151.729996 150.199997 151.009995 2060600 147.312129
20141030 150.490005 152.399994 150.00 152.100006 1836500 148.375449
20141031 153.830002 154.440002 153.089996 153.770004 3016300 150.004553
20141103 153.139999 154.389999 152.979996 153.300003 2367500 149.546061
20141104 153.919998 155.229996 153.240005 155.050003 3128600 151.253208
20141105 155.679993 156.240005 154.139999 155.690002 2770400 151.877535
20141106 155.690002 156.679993 155.210007 156.050003 2067200 152.22872
20141107 156.149994 156.619995 155.479996 156.550003 1882800 152.716476
20141110 156.25 157.710007 156.050003 157.660004 1463500 153.799296
20141111 157.949997 158.00 156.649994 157.110001 1806600 153.262761
20141112 156.649994 157.869995 156.50 157.679993 1500700 153.818795
20141113 158.00 159.070007 157.479996 158.350006 2375000 154.472402
20141114 158.529999 158.880005 157.710007 158.850006 1786300 154.960158
20141117 158.089996 159.160004 158.089996 158.690002 1674300 154.804072
20141118 158.880005 160.460007 158.850006 160.149994 2311400 156.228312
20141119 159.330002 159.410004 157.970001 158.830002 2314300 155.772273
20141120 158.190002 159.550003 157.839996 159.360001 1749000 156.292068
20141121 160.309998 160.860001 159.589996 160.160004 2472000 157.07667
20141124 160.160004 160.559998 159.410004 159.880005 2358000 156.802061
20141125 159.00 159.679993 158.059998 158.059998 3644300 155.017092
20141126 157.970001 158.449997 157.50 158.309998 1823200 155.262279
20141128 159.580002 160.820007 158.800003 160.089996 1565500 157.00801
20141201 158.350006 159.509995 157.860001 158.160004 2502100 155.115173
20141202 158.779999 160.779999 158.539993 160.600006 2500400 157.508201
20141203 161.100006 162.440002 160.169998 162.259995 3038800 159.136232
20141204 162.00 162.919998 160.899994 162.259995 2164200 159.136232
20141205 162.399994 162.899994 161.880005 162.270004 1722600 159.146049
20141208 162.100006 162.800003 160.100006 160.929993 1898300 157.831835
20141209 159.889999 161.100006 159.110001 160.830002 2043100 157.733769
20141210 160.710007 160.809998 157.699997 158.240005 3243700 155.193635
20141211 159.179993 160.220001 158.419998 159.149994 2437300 156.086104
20141212 158.559998 158.990005 157.119995 157.119995 2820600 154.095186
20141215 158.119995 158.440002 155.589996 156.850006 2609300 153.830395
20141216 157.259995 161.440002 157.080002 159.050003 3380800 155.988038
20141217 159.289993 160.889999 157.779999 160.600006 3942600 157.508201
20141218 162.399994 165.300003 162.00 165.300003 3359800 162.117716
20141219 164.779999 166.089996 164.360001 165.479996 4891300 162.294244
20141222 166.220001 167.309998 166.139999 167.270004 2081600 164.049792
20141223 168.020004 168.160004 166.869995 166.869995 2190200 163.657483
20141224 166.169998 167.610001 166.169998 166.960007 981600 163.745762
20141226 167.339996 167.809998 166.149994 166.259995 1607400 163.059226
20141229 166.300003 167.119995 165.809998 166.710007 1215700 163.500575
20141230 166.550003 166.740005 165.279999 165.839996 1180700 162.647314
20141231 166.00 167.169998 164.199997 164.320007 1623700 161.156587
20150102 164.710007 165.080002 162.729996 164.059998 2116400 160.901583
20150105 163.00 163.639999 160.080002 160.360001 3692900 157.272816
20150106 160.820007 161.369995 157.740005 158.649994 3532000 155.59573
20150107 159.899994 160.279999 158.940002 159.800003 3081300 156.7236
20150108 160.649994 163.690002 160.520004 163.630005 3142900 160.479868
20150109 163.850006 164.00 161.270004 161.619995 2373800 158.508554
20150112 162.389999 162.389999 160.020004 160.740005 2149200 157.645506
20150113 162.229996 164.380005 159.449997 160.619995 2703000 157.527806
20150114 159.039993 160.529999 158.50 159.839996 1983500 156.762823
20150115 159.839996 161.440002 159.369995 159.660004 1876800 156.586296
20150116 159.860001 162.179993 159.089996 162.00 2349700 158.881243
20150120 162.720001 163.399994 160.059998 161.940002 2091800 158.822401
20150121 161.660004 163.369995 161.020004 162.539993 1597700 159.410841
20150122 163.259995 165.990005 162.130005 165.889999 2225800 162.696354
20150123 165.75 165.979996 163.910004 164.020004 2245600 160.862359
20150126 163.619995 164.279999 161.800003 164.240005 3556300 161.078125
20150127 162.309998 165.139999 160.940002 163.630005 4190700 160.479868
20150128 164.610001 166.570007 163.759995 163.940002 3574600 160.783898
20150129 164.070007 166.160004 162.880005 166.130005 2674600 162.931739
20150130 164.75 165.220001 162.300003 162.300003 3561900 159.175471
20150202 162.119995 164.619995 160.889999 164.419998 2379700 161.254653
20150203 165.169998 166.190002 164.710007 165.940002 2604800 162.745394
20150204 165.779999 165.830002 164.240005 164.809998 2363600 161.637144
20150205 165.309998 166.589996 164.75 166.550003 2050500 163.343652
20150206 166.229996 167.679993 165.559998 166.070007 1789000 162.872896
20150209 164.380005 165.539993 163.839996 164.839996 2073000 161.666565
20150210 165.399994 166.139999 164.600006 165.820007 1885100 162.627709
20150211 164.520004 164.970001 163.470001 164.479996 1695100 162.316843
20150212 164.929993 165.949997 164.850006 165.910004 1615700 163.728044
20150213 165.899994 166.619995 165.330002 165.940002 1792000 163.757648
20150217 165.940002 166.919998 165.089996 166.919998 2100900 164.724755
20150218 166.919998 167.509995 166.009995 167.399994 1552000 165.198438
20150219 167.399994 167.550003 166.580002 167.089996 1648800 164.892518
20150220 166.740005 168.270004 165.130005 168.119995 2416600 165.908971
20150223 168.139999 168.869995 167.699997 168.809998 1836000 166.589898
20150224 168.270004 169.25 168.070007 169.119995 1770300 166.895819
20150225 168.970001 169.660004 168.619995 168.889999 2019100 166.668848
20150226 168.850006 169.979996 168.639999 169.610001 1789400 167.37938
20150227 169.660004 169.75 168.559998 168.649994 1946000 166.431999
20150302 168.160004 170.50 168.119995 170.50 2223100 168.257675
20150303 169.570007 169.600006 167.360001 168.270004 2232400 166.057007
20150304 168.259995 168.259995 166.460007 167.160004 1575700 164.961604
20150305 167.210007 167.699997 166.690002 167.570007 1547200 165.366216
20150306 166.50 166.770004 164.009995 164.360001 2114400 162.198426
20150309 164.720001 166.779999 164.509995 166.369995 1608100 164.181986
20150310 164.809998 164.860001 162.25 162.259995 2564600 160.126038
20150311 162.699997 163.220001 161.660004 161.729996 1894300 159.603009
20150312 162.589996 164.520004 162.570007 164.470001 1715000 162.306979
20150313 164.020004 164.389999 161.779999 162.740005 2284700 160.599736
20150316 163.580002 166.270004 163.580002 166.210007 2111200 164.024101
20150317 165.520004 165.529999 163.380005 164.229996 2557900 162.07013
20150318 163.160004 166.949997 162.050003 166.470001 3062400 164.280677
20150319 166.160004 166.210007 164.850006 165.660004 1953500 163.481332
20150320 166.089996 167.130005 165.389999 166.490005 4371800 164.300418
20150323 166.830002 166.910004 165.830002 166.130005 2157300 163.945152
20150324 165.580002 167.649994 165.529999 166.320007 2091000 164.132655
20150325 166.240005 166.520004 162.660004 162.699997 2540900 160.560253
20150326 162.00 163.369995 161.210007 162.589996 2050700 160.451699
20150327 162.360001 163.899994 162.020004 163.50 1722600 161.349735
20150330 164.199997 166.770004 164.199997 166.050003 1684000 163.866202
20150331 165.410004 166.00 164.619995 164.949997 2081300 162.780663
20150401 164.289993 164.539993 161.899994 162.520004 2148100 160.382628
20150402 163.380005 163.970001 162.119995 162.800003 1852600 160.658944
20150406 161.660004 165.990005 161.399994 165.479996 2560300 163.303691
20150407 165.399994 167.570007 165.279999 166.210007 2479500 164.024101
20150408 166.210007 167.220001 165.210007 166.270004 1754400 164.08331
20150409 166.25 167.179993 165.080002 166.789993 1680100 164.59646
20150410 167.50 167.699997 166.220001 167.070007 1501900 164.872792
20150413 166.759995 167.360001 165.600006 165.839996 1860400 163.658957
20150414 165.320007 166.479996 164.169998 165.990005 1914300 163.806993
20150415 166.720001 167.339996 165.860001 166.440002 1995800 164.251072
20150416 165.729996 166.649994 165.100006 165.889999 1662800 163.708303
20150417 164.529999 164.539993 161.130005 161.710007 3063500 159.583283
20150420 163.00 165.389999 162.729996 164.509995 2394200 162.346447
20150421 165.649994 165.699997 163.619995 164.00 1970500 161.843159
20150422 163.809998 164.889999 162.570007 164.669998 2228800 162.504346
20150423 159.539993 161.449997 158.610001 159.660004 5704500 157.56024
20150424 159.809998 159.809998 157.850006 158.990005 3043500 156.899054
20150427 159.479996 160.070007 157.809998 157.979996 3448800 155.902327
20150428 157.690002 158.360001 156.179993 158.330002 3387900 156.24773
20150429 157.419998 157.929993 156.179993 156.970001 3078600 154.905615
20150430 156.820007 157.919998 156.009995 156.389999 3510200 154.333241
20150501 156.789993 158.089996 156.789993 157.679993 2160100 155.606269
20150504 158.399994 159.850006 157.880005 159.020004 2240300 156.928658
20150505 158.860001 159.449997 157.410004 157.910004 1947700 155.833255
20150506 157.919998 159.080002 156.550003 157.639999 2203100 155.566802
20150507 157.229996 159.199997 157.229996 158.610001 2112900 156.524046
20150508 160.25 161.399994 160.059998 160.600006 2025500 158.48788
20150511 160.259995 161.00 159.800003 159.899994 1708700 157.797074
20150512 158.710007 160.399994 158.009995 160.070007 1864800 157.964852
20150513 160.429993 161.740005 160.360001 161.309998 2587900 159.188534
20150514 162.089996 163.300003 161.800003 163.149994 2462500 161.004332
20150515 163.149994 163.770004 162.649994 163.300003 1923800 161.152368
20150518 163.00 163.589996 162.309998 162.869995 1747800 160.728016
20150519 163.070007 163.589996 162.550003 163.119995 2075100 160.974728
20150520 162.419998 163.070007 161.839996 161.899994 1978100 160.781068
20150521 161.899994 162.350006 161.800003 162.059998 2400800 160.939966
20150522 161.990005 162.330002 160.660004 160.979996 1822700 159.867428
20150526 160.979996 161.320007 159.039993 159.589996 2471100 158.487035
20150527 159.820007 161.309998 159.529999 161.020004 2625900 159.90716
20150528 160.350006 160.889999 159.610001 160.869995 1578100 159.758187
20150529 160.440002 160.789993 158.740005 159.080002 2880500 157.980565
20150601 159.100006 159.759995 158.570007 158.979996 1906100 157.88125
20150602 158.279999 159.880005 157.949997 159.080002 2481100 157.980565
20150603 159.610001 160.50 158.979996 160.160004 2074500 159.053103
20150604 159.509995 160.380005 158.089996 158.350006 2237600 157.255615
20150605 157.50 157.970001 156.970001 157.080002 2314800 155.994388
20150608 156.50 157.410004 156.300003 156.589996 1608600 155.507769
20150609 156.850006 158.259995 156.600006 156.979996 1810800 155.895073
20150610 156.949997 159.570007 156.949997 159.039993 1758900 157.940833
20150611 159.119995 160.360001 159.00 159.860001 1854200 158.755173
20150612 159.850006 159.990005 157.880005 158.039993 1910500 156.947744
20150615 157.080002 157.320007 155.389999 155.869995 2353100 154.792744
20150616 155.490005 157.039993 155.369995 156.490005 1729300 155.408469
20150617 156.600006 157.589996 155.75 156.949997 1839400 155.865281
20150618 157.589996 160.240005 157.389999 159.619995 2528900 158.516827
20150619 159.360001 159.880005 158.940002 158.949997 3287200 157.851459
20150622 159.850006 160.699997 159.449997 159.679993 1447400 158.576409
20150623 160.410004 160.869995 159.509995 159.839996 2286400 158.735307
20150624 159.679993 159.960007 157.539993 157.539993 2862900 156.4512
20150625 157.850006 158.320007 155.919998 155.919998 2564000 154.842401
20150626 156.160004 157.990005 155.929993 157.089996 2625500 156.004313
20150629 155.919998 156.440002 153.919998 153.949997 2475000 152.886015
20150630 155.00 155.300003 154.070007 154.300003 2561000 153.233602
20150701 156.130005 156.429993 154.660004 155.649994 1726800 154.574263
20150702 156.080002 156.080002 154.899994 155.380005 2022400 154.30614
20150706 153.889999 155.580002 153.830002 155.080002 2172200 154.00821
20150707 155.139999 155.630005 153.160004 155.429993 2865300 154.355782
20150708 154.080002 154.50 152.699997 152.710007 2613300 151.654595
20150709 154.589996 155.50 153.75 153.75 2069200 152.6874
20150710 154.740005 155.860001 154.50 154.949997 2061300 153.879104
20150713 156.419998 156.770004 155.649994 156.470001 2107200 155.388603
20150714 156.490005 157.080002 156.279999 156.779999 1811400 155.696458
20150715 156.570007 157.00 155.899994 156.00 1786100 154.92185
20150716 157.580002 157.940002 156.690002 157.169998 2023900 156.083762
20150717 156.50 157.369995 156.429993 156.690002 2429000 155.607084
20150720 156.770004 157.649994 156.270004 157.119995 2349000 156.034105
20150721 156.75 157.179993 155.339996 155.759995 2743900 154.683503
20150722 155.589996 156.309998 154.440002 155.410004 3067700 154.335931
20150723 151.919998 153.690002 149.020004 149.50 5176400 148.466773
20150724 148.860001 150.800003 148.699997 149.330002 3433600 148.29795
20150727 148.639999 149.00 147.699997 148.710007 3117600 147.682239
20150728 148.850006 151.720001 148.320007 151.110001 3277700 150.065646
20150729 151.440002 151.690002 150.710007 151.449997 2176900 150.403293
20150730 151.00 151.729996 150.330002 151.570007 2119100 150.522474
20150731 152.529999 152.809998 151.029999 151.339996 1619600 150.294053
20150803 150.789993 151.779999 148.940002 150.119995 2355100 149.082483
20150804 150.929993 151.539993 150.110001 150.399994 1811900 149.360547
20150805 151.850006 153.240005 150.919998 151.009995 1765600 149.966331
20150806 150.889999 151.220001 148.899994 149.259995 1764800 148.228426
20150807 148.479996 150.00 148.160004 148.889999 1668700 147.860988
20150810 150.00 151.399994 149.889999 151.240005 1571800 150.194753
20150811 150.00 150.00 148.259995 148.479996 1810800 147.453818
20150812 147.240005 148.710007 146.070007 148.520004 2036700 147.49355
20150813 148.00 148.559998 147.080002 147.399994 1793100 146.38128
20150814 147.660004 148.509995 147.320007 148.279999 1401900 147.255203
20150817 147.429993 149.309998 146.360001 149.240005 1648900 148.208575
20150818 148.630005 148.919998 147.880005 148.309998 1705500 147.284995
20150819 146.199997 147.550003 145.279999 145.869995 2525700 145.869995
20150820 144.509995 144.869995 143.339996 143.350006 3281700 143.350006
20150821 143.520004 145.320007 141.919998 142.089996 5442000 142.089996
20150824 137.119995 142.089996 134.00 138.580002 7359500 138.580002
20150825 141.860001 142.059998 137.389999 137.639999 5435900 137.639999
20150826 140.00 142.789993 138.529999 142.720001 4562200 142.720001
20150827 143.75 144.949997 141.330002 143.899994 4104600 143.899994
20150828 143.020004 144.320007 142.800003 144.210007 2664100 144.210007
20150831 143.00 143.830002 142.020004 142.139999 2473100 142.139999
20150901 139.479996 140.490005 137.940002 138.50 3660100 138.50
20150902 140.539993 141.240005 139.240005 141.240005 3294600 141.240005
20150903 141.940002 142.899994 141.309998 141.740005 2588400 141.740005
20150904 139.940002 140.669998 139.160004 139.839996 3195800 139.839996
20150908 142.050003 143.550003 141.520004 143.429993 2418000 143.429993
20150909 144.860001 145.350006 140.570007 140.860001 2629200 140.860001
20150910 141.00 141.910004 140.149994 140.779999 2024100 140.779999
20150911 140.610001 141.330002 139.770004 141.259995 2505200 141.259995
20150914 141.520004 141.580002 140.029999 140.809998 2274200 140.809998
20150915 141.559998 143.839996 141.039993 143.600006 2685900 143.600006
20150916 143.509995 144.460007 143.210007 144.199997 2060300 144.199997
20150917 143.809998 145.550003 142.520004 142.949997 2821000 142.949997
20150918 141.169998 141.300003 139.210007 139.619995 6483600 139.619995
20150921 140.50 141.080002 139.350006 140.039993 2492600 140.039993
20150922 138.270004 138.509995 137.25 138.020004 2773000 138.020004
20150923 138.529999 138.899994 136.860001 137.660004 2684500 137.660004
20150924 136.630005 138.029999 135.389999 137.580002 2655800 137.580002
20150925 139.619995 140.119995 138.570007 139.559998 3754400 139.559998
