20130102 41.860001 41.869999 40.939999 41.34 15956900 37.743008
20130103 41.889999 42.43 41.110001 42.330002 23543400 38.64687
20130104 42.459999 42.50 41.82 41.970001 15428500 38.318193
20130107 42.040001 42.189999 41.849998 42.119999 11503600 38.455139
20130108 42.25 42.689999 42.18 42.18 14750900 38.50992
20130109 42.389999 42.650002 42.200001 42.59 10073100 38.884246
20130110 42.869999 43.150002 42.75 42.779999 12970500 39.057713
20130111 42.709999 43.330002 42.709999 43.23 12140100 39.468559
20130114 43.310001 43.560001 43.049999 43.34 11117100 39.568988
20130115 43.380001 43.540001 42.810001 42.869999 11876600 39.139882
20130116 42.889999 43.040001 42.50 42.540001 11909500 38.838597
20130117 42.810001 42.849998 42.540001 42.75 15510600 39.030324
20130118 42.880001 42.98 42.650002 42.98 16434100 39.240311
20130122 42.77 43.220001 42.610001 43.200001 12232600 39.44117
20130123 43.00 43.080002 42.549999 42.82 14174300 39.094233
20130124 42.950001 43.209999 42.93 43.00 12496300 39.258571
20130125 43.119999 43.459999 42.720001 43.459999 13167300 39.678546
20130128 43.34 43.50 42.93 42.93 11850000 39.194662
20130129 43.189999 43.740002 42.990002 43.66 15720300 39.861145
20130130 43.66 43.77 43.459999 43.50 12672600 39.715066
20130131 43.43 43.639999 43.25 43.25 14539400 39.486819
20130201 42.240002 42.75 41.509998 41.830002 37688000 38.190375
20130204 41.389999 41.66 40.830002 40.849998 29409700 37.295641
20130205 41.049999 41.48 40.93 41.43 21307300 37.825177
20130206 41.349998 41.450001 40.98 41.09 17383800 37.514761
20130207 41.099998 41.299999 40.880001 41.00 16174300 37.432591
20130208 41.060001 41.18 40.950001 41.18 14661800 37.59693
20130211 41.189999 41.50 41.09 41.380001 11412000 37.779529
20130212 41.369999 41.57 41.130001 41.450001 9996000 37.843438
20130213 41.419998 41.490002 41.009998 41.150002 15803300 37.569541
20130214 41.040001 41.220001 40.830002 41.189999 16332800 37.606058
20130215 41.459999 41.50 41.240002 41.419998 15579100 37.816046
20130219 41.599998 42.220001 41.580002 42.220001 13306100 38.54644
20130220 42.360001 42.75 42.220001 42.66 16800900 38.948155
20130221 42.50 42.57 42.27 42.50 11823000 38.802076
20130222 42.580002 43.27 42.529999 42.970001 15393900 39.231183
20130225 43.310001 43.450001 42.509998 42.52 19407300 38.820337
20130226 42.75 42.799999 42.099998 42.419998 13903100 38.729036
20130227 42.27 43.150002 42.27 42.970001 12917100 39.231183
20130228 43.009998 43.209999 42.73 42.73 14211300 39.012064
20130301 42.330002 42.669998 42.330002 42.630001 14816300 38.920766
20130304 42.919998 43.349998 42.759998 43.34 14160200 39.568988
20130305 43.599998 43.650002 43.099998 43.25 15118100 39.486819
20130306 43.299999 43.740002 43.060001 43.68 18417100 39.879405
20130307 43.82 43.93 43.09 43.27 13733600 39.505079
20130308 43.400002 43.50 42.919998 42.970001 29273300 39.231183
20130311 42.950001 43.669998 42.869999 43.66 38638100 39.861145
20130312 45.419998 45.419998 44.880001 45.040001 56007500 41.121072
20130313 44.540001 44.73 44.48 44.59 17921200 41.102635
20130314 44.709999 44.75 43.599998 44.27 25893400 40.807662
20130315 43.830002 44.09 43.790001 44.09 24331900 40.64174
20130318 43.779999 43.939999 43.57 43.630001 12117700 40.217717
20130319 43.700001 43.84 43.599998 43.700001 15504100 40.282242
20130320 44.00 44.290001 43.880001 44.119999 14974300 40.669392
20130321 44.029999 44.18 43.759998 43.790001 11904600 40.365203
20130322 43.860001 44.110001 43.799999 43.900002 9984000 40.466601
20130325 43.950001 44.00 43.509998 43.689999 13117100 40.273022
20130326 43.950001 44.400002 43.900002 44.389999 12112700 40.918276
20130327 44.130001 44.25 43.91 44.099998 10970900 40.650956
20130328 44.049999 44.310001 43.959999 44.200001 16641700 40.743137
20130401 44.00 44.369999 43.77 44.349998 9901900 40.881404
20130402 44.509998 45.00 44.419998 44.91 12786500 41.397608
20130403 45.00 46.16 45.00 45.360001 25872200 41.812414
20130404 45.389999 45.880001 45.009998 45.32 13967400 41.775542
20130405 45.040001 45.23 44.889999 45.130001 12601500 41.600403
20130408 45.09 45.48 44.959999 45.48 10153500 41.923028
20130409 45.73 45.939999 45.34 45.509998 10599300 41.950681
20130410 45.91 46.970001 45.779999 46.84 18735100 43.176663
20130411 46.68 47.509998 46.68 47.209999 17537900 43.517725
20130412 46.669998 47.130001 46.650002 47.110001 10064400 43.425547
20130415 46.889999 47.50 46.459999 46.459999 15347300 42.826382
20130416 46.639999 47.049999 46.50 46.959999 10185700 43.287277
20130417 46.720001 46.91 46.41 46.759998 11777200 43.102919
20130418 46.860001 46.98 46.490002 46.560001 11272600 42.918563
20130419 46.860001 47.490002 46.66 47.490002 12705300 43.775829
20130422 47.450001 47.970001 47.18 47.919998 14265400 44.172195
20130423 47.950001 48.700001 47.93 48.630001 17653500 44.826669
20130424 48.669998 48.790001 47.869999 47.950001 15546200 44.199851
20130425 47.950001 48.00 47.279999 47.349998 15937100 43.646775
20130426 47.27 48.07 47.110001 47.869999 10601600 44.126106
20130429 47.880001 48.119999 47.720001 47.82 11375900 44.080018
20130430 47.75 47.84 47.00 47.00 19744700 43.32415
20130501 44.799999 46.310001 44.599998 45.689999 39740800 42.116603
20130502 45.900002 46.009998 45.490002 45.73 14245600 42.153476
20130503 46.25 46.380001 45.459999 45.669998 12874600 42.098167
20130506 45.509998 46.00 44.970001 44.98 14096300 41.462133
20130507 45.099998 45.299999 44.880001 45.27 14528700 41.729453
20130508 45.119999 45.599998 44.970001 44.990002 18308300 41.471353
20130509 45.25 45.619999 44.950001 45.490002 14175700 41.932248
20130510 45.540001 45.950001 45.490002 45.950001 13923800 42.356271
20130513 45.84 46.23 45.68 46.169998 10246200 42.559062
20130514 46.119999 46.77 46.00 46.650002 13413900 43.001525
20130515 46.73 47.259998 46.459999 46.73 13197800 43.075266
20130516 46.580002 46.700001 45.009998 46.369999 11962700 42.743421
20130517 46.290001 46.709999 45.080002 45.990002 21730400 42.393143
20130520 45.959999 46.02 45.099998 45.209999 16730000 41.674144
20130521 45.240002 47.529999 45.189999 47.330002 47020700 43.628342
20130522 47.599998 48.299999 46.490002 46.709999 42624900 43.05683
20130523 46.459999 47.439999 46.419998 47.330002 22579600 43.628342
20130524 47.049999 47.16 46.599998 47.16 15796000 43.471636
20130528 47.939999 48.639999 47.52 47.619999 17663900 43.895659
20130529 47.290001 47.470001 46.509998 46.869999 16051700 43.204316
20130530 47.02 47.389999 46.740002 47.07 15203500 43.388675
20130531 46.93 47.68 46.689999 46.700001 21726100 43.047613
20130603 48.93 49.360001 48.310001 48.450001 37982300 44.660747
20130604 48.200001 50.16 48.169998 49.439999 37008600 45.573317
20130605 49.02 49.73 48.470001 48.73 24923100 44.918847
20130606 48.639999 48.73 47.75 48.599998 19895900 44.799013
20130607 48.77 49.139999 48.099998 48.189999 50431900 44.421079
20130610 48.650002 48.889999 48.360001 48.459999 48557200 44.669963
20130611 48.07 48.200001 47.549999 47.560001 54150100 43.840354
20130612 47.889999 48.099998 47.23 47.25 16853900 43.554597
20130613 46.740002 47.939999 46.490002 47.900002 14773200 44.559276
20130614 47.77 48.529999 47.50 47.950001 13632300 44.605788
20130617 48.330002 48.549999 47.560001 47.799999 12485200 44.466248
20130618 47.880001 48.049999 47.66 47.75 11816800 44.419736
20130619 47.709999 48.169998 47.450001 47.580002 17994200 44.261594
20130620 47.419998 47.419998 46.209999 46.310001 17824900 43.080168
20130621 46.869999 47.599998 46.669998 47.00 24287800 43.722044
20130624 46.470001 46.860001 46.060001 46.41 18080700 43.173192
20130625 46.529999 46.68 46.080002 46.23 12023000 43.005746
20130626 46.599998 46.91 46.279999 46.689999 11435900 43.433663
20130627 47.029999 47.360001 46.869999 47.279999 11639800 43.982514
20130628 47.459999 47.48 46.450001 46.450001 16339800 43.210403
20130701 46.259998 46.849998 46.220001 46.32 13112200 43.089469
20130702 46.09 46.73 46.029999 46.549999 11315900 43.303428
20130703 46.48 46.73 46.16 46.549999 6874000 43.303428
20130705 46.93 47.299999 46.610001 47.16 8103000 43.870884
20130708 47.369999 47.630001 47.240002 47.41 10977400 44.103449
20130709 47.720001 48.00 47.610001 47.619999 10316700 44.298802
20130710 47.619999 48.18 47.59 47.959999 7780700 44.615089
20130711 48.43 48.50 48.130001 48.310001 11442000 44.940681
20130712 48.400002 48.66 48.189999 48.540001 8855500 45.154639
20130715 48.509998 48.889999 48.259998 48.52 9654400 45.136034
20130716 48.560001 48.830002 48.029999 48.23 15273600 44.866258
20130717 48.279999 48.77 48.130001 48.130001 9507800 44.773234
20130718 48.029999 48.130001 47.349998 47.400002 17822000 44.094148
20130719 47.470001 47.919998 47.200001 47.790001 14228700 44.456947
20130722 47.849998 48.25 47.549999 47.720001 11318700 44.391829
20130723 47.810001 48.220001 47.540001 47.93 9242000 44.587182
20130724 47.919998 48.040001 47.509998 47.77 8941200 44.438341
20130725 47.529999 48.189999 47.349998 48.169998 10040400 44.810442
20130726 48.049999 48.490002 47.779999 48.490002 9846200 45.108127
20130729 48.27 48.790001 48.150002 48.34 10291600 44.968587
20130730 48.290001 49.080002 47.84 48.049999 16778200 44.698812
20130731 48.50 48.73 47.970001 48.169998 21576400 44.810442
20130801 48.439999 48.68 48.040001 48.580002 13547800 45.19185
20130802 48.439999 48.540001 48.18 48.540001 8922200 45.154639
20130805 48.389999 48.66 48.07 48.529999 6789100 45.145335
20130806 48.48 48.59 48.09 48.439999 9944500 45.061611
20130807 48.349998 48.75 48.349998 48.549999 9666300 45.16394
20130808 48.66 48.84 48.189999 48.470001 8631400 45.089521
20130809 48.439999 48.779999 48.259998 48.389999 7888200 45.015099
20130812 48.16 48.810001 48.09 48.470001 9935100 45.089521
20130813 48.52 48.849998 48.080002 48.43 7455100 45.05231
20130814 48.549999 48.759998 48.41 48.57 8530900 45.182546
20130815 48.279999 48.360001 47.849998 47.970001 11341500 44.624393
20130816 47.790001 48.00 47.48 47.700001 13200400 44.373224
20130819 47.470001 47.799999 47.450001 47.580002 8378300 44.261594
20130820 47.650002 48.380001 47.560001 47.560001 14095000 44.242988
20130821 47.560001 48.040001 47.299999 47.459999 10800000 44.149961
20130822 47.630001 47.98 47.400002 47.810001 8630300 44.475552
20130823 47.98 47.98 47.450001 47.73 9176300 44.40113
20130826 47.799999 47.900002 47.529999 47.619999 9220200 44.298802
20130827 47.32 47.52 46.93 47.110001 10842400 43.824372
20130828 46.779999 47.400002 46.470001 47.09 9812200 43.805767
20130829 46.970001 47.400002 46.790001 47.099998 9695400 43.815068
20130830 47.09 47.48 47.02 47.290001 8326300 43.991819
20130903 47.52 47.66 47.009998 47.209999 14212400 43.917397
20130904 47.130001 47.880001 47.110001 47.68 11065200 44.354618
20130905 47.790001 47.790001 47.259998 47.509998 7898200 44.196473
20130906 47.57 47.82 47.060001 47.490002 26664900 44.177871
20130909 47.599998 47.849998 47.48 47.740002 29180200 44.410435
20130910 47.860001 48.400002 47.860001 47.98 30808600 44.633694
20130911 48.029999 48.509998 47.959999 48.139999 13379100 44.782535
20130912 47.799999 47.98 47.650002 47.849998 9502400 44.913945
20130913 47.880001 47.990002 47.669998 47.790001 7681000 44.857629
20130916 48.25 48.450001 48.099998 48.189999 9428200 45.233083
20130917 48.110001 48.23 47.939999 48.009998 7703300 45.064128
20130918 47.810001 48.709999 47.630001 48.400002 14008700 45.4302
20130919 48.470001 48.490002 48.099998 48.259998 9328000 45.298788
20130920 48.330002 48.400002 47.869999 48.009998 27961000 45.064128
20130923 47.790001 48.060001 47.540001 47.68 12605700 44.754378
20130924 47.630001 48.220001 47.52 47.529999 13300600 44.613581
20130925 47.669998 47.990002 47.419998 47.669998 11356300 44.74499
20130926 47.779999 48.00 47.509998 47.68 10261100 44.754378
20130927 47.57 47.91 47.290001 47.790001 10510300 44.857629
20130930 47.639999 47.869999 47.290001 47.610001 16244000 44.688674
20131001 48.919998 49.23 48.150002 48.740002 27339200 45.749338
20131002 48.450001 48.549999 48.119999 48.369999 13975300 45.402039
20131003 48.220001 48.75 48.00 48.360001 17900500 45.392654
20131004 48.27 48.360001 47.939999 48.23 11570800 45.27063
20131007 47.919998 48.23 47.68 47.889999 9195800 44.951492
20131008 47.84 48.150002 47.639999 47.75 14020700 44.820083
20131009 47.689999 47.82 47.139999 47.27 15353400 44.369536
20131010 47.599998 47.630001 46.959999 47.490002 17262400 44.576038
20131011 47.419998 47.490002 47.150002 47.290001 10253500 44.388309
20131014 46.799999 47.080002 46.439999 46.75 20674500 43.881442
20131015 46.52 46.830002 46.419998 46.57 14161000 43.712487
20131016 46.610001 47.169998 46.57 47.169998 11102700 44.275669
20131017 47.130001 47.279999 46.889999 47.110001 13878500 44.219353
20131018 47.369999 47.450001 46.470001 46.610001 20632400 43.750033
20131021 46.700001 46.720001 46.080002 46.509998 16678000 43.656167
20131022 46.310001 46.720001 46.139999 46.470001 15841500 43.618624
20131023 46.599998 46.720001 46.48 46.560001 9650700 43.703102
20131024 46.799999 46.860001 46.189999 46.220001 11201100 43.383964
20131025 46.25 46.580002 45.849998 46.540001 17894000 43.684329
20131028 45.57 45.82 45.209999 45.349998 27297600 42.567344
20131029 45.41 45.669998 45.080002 45.580002 15890000 42.783235
20131030 45.75 45.759998 45.110001 45.240002 9958500 42.464097
20131031 45.310001 45.459999 45.09 45.09 14994200 42.323299
20131101 44.869999 45.349998 44.619999 45.23 20893500 42.454708
20131104 45.919998 46.27 45.66 45.720001 16177500 42.914644
20131105 45.59 45.779999 45.32 45.360001 10420500 42.576733
20131106 45.560001 46.02 45.34 45.959999 12361300 43.139915
20131107 46.150002 46.240002 45.779999 45.82 11675400 43.008506
20131108 45.93 46.869999 45.860001 46.799999 17423800 43.928374
20131111 46.91 47.150002 46.880001 47.00 7533400 44.116102
20131112 46.950001 47.630001 46.799999 47.59 13950600 44.6699
20131113 46.740002 47.369999 46.650002 47.34 14157400 44.43524
20131114 47.52 47.869999 47.50 47.82 11280600 44.885787
20131115 47.630001 48.279999 47.630001 48.07 11991500 45.120447
20131118 48.040001 48.259998 47.779999 48.009998 7930100 45.064128
20131119 48.049999 48.169998 47.650002 48.07 8345300 45.120447
20131120 47.98 48.419998 47.75 48.130001 8251900 45.176767
20131121 48.220001 48.700001 48.16 48.619999 12837100 45.636699
20131122 48.490002 49.040001 48.439999 48.939999 13967900 45.937064
20131125 48.950001 49.84 48.939999 49.66 18282100 46.612886
20131126 49.66 49.75 49.16 49.580002 22939300 46.537796
20131127 49.59 49.91 49.560001 49.830002 11565500 46.772457
20131129 49.790001 49.950001 49.48 49.830002 6900000 46.772457
20131202 49.740002 50.419998 49.740002 50.18 14829900 47.100979
20131203 49.82 50.060001 49.380001 49.759998 13604400 46.706748
20131204 49.599998 49.650002 48.82 49.310001 11451600 46.284363
20131205 48.91 49.25 48.77 48.810001 8721900 45.815043
20131206 49.130001 49.57 48.959999 49.389999 7403200 46.359453
20131209 49.380001 49.849998 49.200001 49.560001 9331500 46.519023
20131210 49.279999 49.549999 49.099998 49.43 10236400 46.396999
20131211 49.509998 49.529999 48.75 48.950001 14504000 45.946452
20131212 48.57 48.779999 48.029999 48.32 11611700 45.766492
20131213 48.740002 48.900002 48.060001 48.380001 8396300 45.823322
20131216 48.299999 48.59 47.889999 48.09 11349200 45.548647
20131217 47.93 48.00 47.610001 47.900002 13900000 45.368689
20131218 47.869999 48.93 47.650002 48.900002 13549700 46.315843
20131219 48.75 48.950001 48.529999 48.790001 8762400 46.211655
20131220 48.860001 49.450001 48.630001 49.32 16805100 46.713646
20131223 49.439999 49.700001 49.25 49.360001 8263900 46.751533
20131224 49.43 49.669998 49.23 49.41 4252900 46.79889
20131226 49.439999 49.75 49.360001 49.720001 5069800 47.092509
20131227 49.77 49.900002 49.529999 49.790001 4244300 47.15881
20131230 49.740002 49.939999 49.330002 49.939999 6321900 47.300881
20131231 49.740002 50.080002 49.529999 50.049999 8474900 47.405068
20140102 49.880001 50.040001 49.299999 49.490002 7886500 46.874664
20140103 49.490002 50.00 49.459999 49.73 6435000 47.101979
20140106 49.810001 50.139999 49.509998 49.740002 9931400 47.111453
20140107 49.959999 50.400002 49.939999 50.110001 9995800 47.461899
20140108 50.099998 50.139999 49.599998 49.790001 13695700 47.15881
20140109 49.82 50.00 49.34 49.52 9323900 46.903078
20140110 49.830002 50.07 49.50 49.880001 8143100 47.244054
20140113 50.900002 53.439999 50.790001 53.119999 37291300 50.312831
20140114 52.529999 53.099998 52.169998 53.00 21190700 50.199174
20140115 52.650002 52.900002 52.349998 52.52 10488000 49.74454
20140116 52.150002 52.98 52.099998 52.50 7769600 49.725597
20140117 52.619999 52.650002 51.720001 51.950001 16758800 49.204663
20140121 52.029999 52.25 51.709999 51.830002 11035500 49.091005
20140122 51.77 51.98 51.279999 51.349998 10653600 48.636368
20140123 51.209999 51.75 50.860001 51.599998 15877800 48.873157
20140124 51.27 52.169998 51.130001 51.98 18261300 49.233076
20140127 52.860001 54.099998 52.529999 52.529999 31002000 49.75401
20140128 52.369999 53.09 52.220001 52.869999 15078200 50.076043
20140129 52.700001 52.84 51.779999 52.209999 19346100 49.450921
20140130 52.459999 53.669998 52.380001 53.509998 17371800 50.682221
20140131 53.310001 53.48 52.759998 52.970001 16290000 50.17076
20140203 52.91 53.150002 51.919998 52.080002 15488600 49.327794
20140204 52.59 53.52 52.400002 53.509998 18181900 50.682221
20140205 54.279999 55.200001 53.139999 53.529999 24506300 50.701164
20140206 53.259998 53.869999 52.799999 53.77 12244800 50.928483
20140207 53.650002 54.82 53.439999 54.77 14497100 51.875637
20140210 54.290001 55.00 54.220001 54.889999 10609600 51.989295
20140211 54.709999 55.75 54.439999 55.700001 15352600 52.756491
20140212 55.439999 55.689999 54.849998 55.00 13629700 52.093482
20140213 54.450001 55.209999 54.41 55.099998 10243400 52.188196
20140214 54.950001 55.619999 54.950001 55.439999 8681900 52.510229
20140218 55.220001 55.93 55.130001 55.689999 11201100 52.747017
20140219 55.439999 55.66 54.990002 55.040001 10297100 52.131369
20140220 55.110001 56.00 55.029999 55.810001 10133100 52.860679
20140221 55.849998 56.34 55.82 56.029999 11666600 53.06905
20140224 55.869999 56.919998 55.869999 56.18 11012500 53.211125
20140225 56.130001 56.389999 55.799999 55.91 8514500 52.955393
20140226 56.00 56.450001 55.919998 56.27 10139500 53.296369
20140227 56.240002 56.669998 56.00 56.66 9055500 53.665758
20140228 56.73 57.459999 56.650002 56.990002 11886600 53.978321
20140303 56.099998 56.77 55.950001 56.419998 9821800 53.43844
20140304 57.040001 57.389999 56.91 57.060001 10995900 54.044621
20140305 57.400002 57.439999 56.52 56.880001 9042300 53.874133
20140306 57.060001 57.650002 57.009998 57.259998 10605700 54.234049
20140307 57.349998 57.57 57.099998 57.470001 10634200 54.432954
20140310 57.439999 57.619999 57.00 57.32 7383200 54.29088
20140311 57.400002 57.439999 56.57 56.689999 10885500 53.694172
20140312 56.389999 56.93 56.259998 56.810001 9498300 53.807833
20140313 56.610001 56.790001 55.720001 55.790001 10120000 53.254194
20140314 55.529999 56.02 55.27 55.700001 12117800 53.168285
20140317 55.950001 56.450001 55.950001 56.259998 9509400 53.702829
20140318 56.310001 56.560001 56.16 56.360001 7070900 53.798286
20140319 56.68 56.91 55.639999 55.990002 10048400 53.445104
20140320 55.830002 55.880001 55.310001 55.59 8460800 53.063284
20140321 56.50 56.599998 54.619999 54.66 23424900 52.175555
20140324 54.860001 54.860001 53.57 53.779999 15500800 51.335552
20140325 53.880001 55.48 53.810001 55.189999 14115700 52.681463
20140326 55.43 56.459999 55.389999 56.02 13073600 53.473739
20140327 55.889999 56.110001 55.330002 55.73 11123800 53.19692
20140328 56.209999 56.959999 55.77 55.98 8960300 53.435557
20140331 56.09 56.84 56.040001 56.77 14181200 54.18965
20140401 56.650002 56.84 56.009998 56.369999 7715400 53.807829
20140402 56.48 56.560001 56.049999 56.459999 7060000 53.893739
20140403 56.529999 56.75 55.950001 56.209999 8313100 53.655102
20140404 56.610001 56.720001 56.09 56.119999 10412800 53.569193
20140407 55.369999 56.16 55.029999 55.189999 11426300 52.681463
20140408 55.279999 55.610001 54.700001 55.040001 10766800 52.538283
20140409 55.220001 57.150002 55.200001 57.099998 16108500 54.504649
20140410 57.889999 58.139999 55.779999 55.849998 18018500 53.311464
20140411 55.549999 56.599998 55.299999 55.919998 13631700 53.378282
20140414 56.220001 56.73 54.950001 55.57 10787000 53.044192
20140415 55.790001 56.310001 55.110001 56.049999 11142900 53.502375
20140416 56.450001 56.950001 55.93 56.259998 9635500 53.702829
20140417 56.450001 57.00 56.27 56.470001 11263700 53.903286
20140421 56.560001 57.299999 56.400002 57.25 6231000 54.647832
20140422 57.09 58.32 57.02 57.77 13972200 55.144197
20140423 57.75 57.77 57.080002 57.50 7736100 54.886469
20140424 57.32 57.82 56.849998 57.529999 6714800 54.915104
20140425 57.529999 57.68 57.02 57.240002 6227700 54.638288
20140428 57.610001 57.849998 56.48 56.68 16992200 54.10374
20140429 57.50 58.860001 57.27 58.720001 13661500 56.051018
20140430 58.509998 59.00 58.02 58.560001 13560400 55.89829
20140501 58.549999 59.84 58.549999 59.619999 11724500 56.910108
20140502 59.470001 59.529999 57.939999 58.220001 12079300 55.573744
20140505 58.110001 58.669998 57.75 58.630001 8135000 55.965108
20140506 58.75 58.77 57.040001 57.110001 13838300 54.514196
20140507 56.189999 56.849998 55.52 55.84 22909900 53.301921
20140508 55.549999 55.759998 54.720001 54.830002 14371400 52.337829
20140509 55.099998 55.709999 54.400002 55.209999 12385000 52.700555
20140512 55.619999 55.619999 54.849998 55.290001 8085000 52.77692
20140513 55.310001 56.060001 55.200001 55.75 8959000 53.216011
20140514 55.630001 56.560001 55.630001 56.369999 7797500 53.807829
20140515 55.810001 56.59 55.509998 55.889999 8918500 53.349647
20140516 55.66 56.259998 55.66 55.869999 9062000 53.330556
20140519 55.740002 56.369999 55.619999 56.349998 7519300 53.788738
20140520 56.220001 56.259998 55.73 56.00 7855900 53.454648
20140521 56.200001 56.619999 56.130001 56.580002 6650900 54.008287
20140522 56.400002 56.779999 56.040001 56.490002 7178000 53.922378
20140523 56.630001 56.98 56.450001 56.810001 6053000 54.227833
20140527 56.93 57.040001 56.470001 56.689999 7301800 54.113284
20140528 56.709999 56.73 56.400002 56.400002 6843100 53.836468
20140529 56.91 57.790001 56.599998 57.700001 8513700 55.077379
20140530 57.52 58.27 57.52 57.860001 11519000 55.230107
20140602 57.91 58.200001 57.48 57.93 6425500 55.296925
20140603 57.52 57.959999 57.369999 57.91 7078100 55.277833
20140604 57.779999 58.009998 57.509998 57.93 6875400 55.296925
20140605 57.970001 58.470001 57.720001 58.099998 7640600 55.459196
20140606 58.200001 58.259998 57.68 57.849998 6703200 55.220559
20140609 57.490002 57.970001 57.240002 57.939999 8082900 55.306468
20140610 57.919998 58.50 57.919998 58.490002 7663700 55.831472
20140611 58.52 59.029999 58.400002 58.810001 11696800 56.136927
20140612 58.279999 58.720001 58.060001 58.299999 9563900 56.069602
20140613 58.110001 58.650002 57.98 58.240002 8398500 56.0119
20140616 58.060001 58.380001 57.73 58.07 7731500 55.848402
20140617 57.950001 58.220001 57.779999 58.060001 6266700 55.838786
20140618 58.029999 58.450001 57.810001 58.41 7837000 56.175394
20140619 58.419998 58.419998 58.099998 58.299999 6011900 56.069602
20140620 58.610001 59.279999 58.439999 58.919998 14418000 56.665882
20140623 58.810001 58.98 58.41 58.50 7054400 56.261951
20140624 58.380001 58.759998 57.880001 57.919998 8158500 55.704139
20140625 57.73 59.32 57.720001 58.860001 13274300 56.608179
20140626 58.759998 58.77 58.25 58.529999 7238300 56.290802
20140627 58.369999 58.52 57.48 57.529999 17285700 55.32906
20140630 57.610001 58.200001 57.529999 57.849998 8735000 55.636817
20140701 57.700001 58.639999 57.48 58.509998 8838000 56.271567
20140702 58.470001 59.099998 58.369999 59.049999 6941000 56.790909
20140703 59.389999 59.450001 59.07 59.200001 5220100 56.935172
20140707 58.91 59.650002 58.490002 58.52 9276200 56.281187
20140708 58.66 58.669998 57.91 58.169998 8270100 55.944575
20140709 58.450001 58.720001 58.18 58.549999 6938700 56.310038
20140710 58.279999 58.77 57.73 58.580002 5583700 56.338893
20140711 58.650002 58.740002 58.16 58.439999 6106800 56.204246
20140714 58.619999 58.669998 58.060001 58.18 8379100 55.954194
20140715 58.130001 58.400002 57.490002 57.91 10158100 55.694523
20140716 57.939999 58.209999 57.73 58.150002 6805000 55.925343
20140717 57.869999 58.240002 57.57 57.599998 6649700 55.396381
20140718 57.919998 58.43 57.619999 58.34 7432700 56.108073
20140721 57.889999 58.189999 57.709999 58.00 7095700 55.78108
20140722 58.130001 58.880001 58.130001 58.43 6509200 56.19463
20140723 58.299999 58.50 58.049999 58.110001 6292400 55.886872
20140724 58.32 58.50 57.919998 58.209999 10064200 55.983045
20140725 58.130001 58.360001 57.919998 58.150002 5525100 55.925343
20140728 58.169998 58.34 57.849998 57.970001 8600700 55.752229
20140729 58.82 59.279999 58.139999 58.580002 10328000 56.338893
20140730 58.580002 58.849998 57.610001 58.080002 8051800 55.858021
20140731 57.759998 58.07 56.720001 56.740002 10119000 54.569286
20140801 56.580002 57.119999 56.279999 56.799999 10141000 54.626988
20140804 56.950001 57.27 56.360001 57.060001 8649500 54.877043
20140805 56.720001 56.970001 55.82 56.029999 9031200 53.886446
20140806 55.880001 56.139999 55.720001 55.93 12275800 53.790273
20140807 56.209999 56.560001 55.57 55.639999 7215500 53.511367
20140808 55.869999 56.610001 55.580002 56.549999 7081500 54.386552
20140811 56.700001 57.049999 56.459999 56.66 5499100 54.492345
20140812 56.549999 57.139999 56.52 57.029999 7090200 54.848188
20140813 57.389999 57.889999 57.16 57.849998 10670400 55.636817
20140814 58.049999 58.790001 58.00 58.779999 7932300 56.531238
20140815 58.799999 59.00 58.029999 58.610001 9046800 56.367744
20140818 58.799999 58.869999 58.349998 58.419998 9443900 56.18501
20140819 58.849998 58.950001 58.34 58.91 7435000 56.656266
20140820 58.68 59.57 58.529999 59.48 7038400 57.204459
20140821 59.400002 59.66 58.790001 58.849998 7646800 56.59856
20140822 59.040001 59.360001 58.900002 59.169998 5187600 56.906317
20140825 59.34 59.869999 59.259998 59.73 5170800 57.444895
20140826 59.669998 60.400002 59.66 60.200001 9220600 57.896915
20140827 60.400002 60.580002 60.110001 60.279999 6546700 57.973852
20140828 59.889999 60.23 59.84 60.00 5241000 57.704566
20140829 60.419998 60.419998 59.830002 60.110001 5715800 57.810358
20140902 59.73 60.099998 59.669998 59.790001 6054500 57.5026
20140903 60.119999 60.860001 60.060001 60.48 9096200 58.166202
20140904 60.57 61.00 59.919998 60.080002 10809000 57.781507
20140905 60.419998 61.18 60.150002 61.18 10744200 58.839422
20140908 61.220001 61.330002 60.830002 61.049999 8420400 58.714395
20140909 60.84 61.029999 60.470001 60.560001 7443700 58.243143
20140910 60.669998 60.869999 60.349998 60.759998 9212800 58.435488
20140911 60.209999 60.439999 59.810001 60.099998 7785200 58.222364
20140912 59.880001 60.130001 59.259998 59.549999 7021800 57.689548
20140915 59.650002 59.990002 59.50 59.52 7738900 57.660486
20140916 59.509998 60.060001 59.279999 59.990002 9045400 58.115804
20140917 59.529999 60.009998 59.279999 59.880001 10271200 58.00924
20140918 60.130001 60.34 59.82 60.310001 8004100 58.425806
20140919 60.75 60.889999 60.490002 60.490002 14480700 58.600183
20140922 60.369999 60.98 60.259998 60.580002 9320500 58.687371
20140923 60.150002 60.73 59.689999 60.279999 8012100 58.396741
20140924 60.310001 60.540001 60.23 60.360001 11465600 58.474243
20140925 60.279999 60.50 59.630001 59.639999 8691800 57.776736
20140926 59.720001 59.790001 58.549999 59.389999 10786200 57.534547
20140929 59.029999 59.720001 58.810001 59.41 8719200 57.553922
20140930 59.400002 59.98 59.25 59.279999 9247300 57.427983
20141001 59.09 59.220001 58.50 58.709999 9088900 56.875791
20141002 58.779999 59.060001 58.290001 58.849998 8109800 57.011417
20141003 59.169998 60.099998 59.169998 59.900002 8641800 58.028616
20141006 60.169998 60.25 59.299999 59.580002 7114600 57.718613
20141007 59.32 59.400002 58.450001 58.459999 9520100 56.633601
20141008 58.66 60.23 58.57 60.18 12318200 58.299867
20141009 60.00 60.509998 59.110001 59.209999 8595800 57.36017
20141010 59.310001 59.919998 58.66 58.66 11285200 56.827354
20141013 58.549999 58.549999 55.98 56.139999 14807700 54.386083
20141014 56.57 56.950001 55.73 56.330002 10935800 54.570149
20141015 55.369999 55.869999 54.290001 54.73 18785800 53.020134
20141016 54.009998 54.09 52.490002 53.43 21856200 51.760749
20141017 53.849998 54.630001 53.529999 54.02 19718100 52.332317
20141020 54.220001 54.27 53.919998 54.049999 12064100 52.361378
20141021 54.57 55.279999 54.32 55.130001 17289900 53.407639
20141022 55.23 55.860001 55.00 55.509998 12901700 53.775764
20141023 56.259998 57.07 56.189999 56.630001 11851100 54.860776
20141024 56.799999 57.66 56.630001 57.610001 8555400 55.810159
20141027 56.91 57.240002 55.919998 56.450001 14418900 54.686399
20141028 56.599998 56.599998 54.099998 55.849998 23944100 54.105142
20141029 56.02 56.610001 55.630001 56.200001 12492900 54.44421
20141030 55.709999 57.389999 55.700001 57.310001 12859300 55.519532
20141031 57.950001 58.130001 57.66 57.939999 14066100 56.129847
20141103 57.950001 58.93 57.57 58.919998 10178900 57.079229
20141104 58.869999 59.709999 58.869999 59.369999 11338400 57.515171
20141105 59.990002 60.25 59.380001 59.57 12678800 57.708924
20141106 59.599998 59.900002 59.189999 59.259998 13362100 57.408607
20141107 59.389999 59.619999 59.060001 59.34 10613000 57.48611
20141110 58.240002 59.189999 57.700001 58.810001 14598500 56.972669
20141111 59.720001 59.950001 59.209999 59.369999 13303600 57.515171
20141112 59.279999 59.549999 59.099998 59.310001 6668800 57.457048
20141113 59.50 59.950001 59.18 59.540001 6646900 57.679862
20141114 59.23 59.549999 58.77 59.07 7130600 57.224545
20141117 59.709999 59.900002 59.310001 59.459999 8569900 57.60236
20141118 59.490002 60.130001 59.150002 59.889999 7663000 58.018926
20141119 59.630001 59.73 59.130001 59.639999 7304300 57.776736
20141120 59.209999 59.400002 58.860001 59.380001 6741100 57.524861
20141121 59.939999 60.02 59.330002 59.66 11260400 57.796112
20141124 59.810001 59.810001 58.990002 59.25 8488000 57.398921
20141125 59.32 59.66 59.130001 59.34 10328000 57.48611
20141126 59.700001 59.77 59.349998 59.75 6280600 57.8833
20141128 59.700001 60.869999 59.700001 60.400002 6207400 58.512995
20141201 60.400002 61.32 60.279999 60.52 8274100 58.629245
20141202 60.630001 60.98 60.279999 60.779999 6443300 58.88112
20141203 60.759998 60.93 60.310001 60.580002 9730500 58.687371
20141204 60.509998 61.380001 60.509998 60.919998 7114600 59.016746
20141205 61.029999 61.77 60.82 61.490002 11171800 59.568941
20141208 61.169998 62.200001 60.98 61.880001 11394700 59.946756
20141209 59.400002 60.139999 58.75 60.009998 18778200 58.135176
20141210 60.119999 60.52 59.700001 59.98 13253700 58.106114
20141211 59.779999 60.580002 59.189999 59.34 11314100 57.920658
20141212 59.130001 59.650002 57.709999 57.720001 12120400 56.339408
20141215 57.82 58.060001 56.799999 56.950001 12175200 55.587825
20141216 56.970001 58.290001 56.779999 56.799999 11214000 55.441411
20141217 57.049999 57.799999 56.560001 57.630001 12663800 56.25156
20141218 58.59 58.98 58.09 58.98 13359400 57.569268
20141219 59.25 59.900002 59.009998 59.580002 17374200 58.154919
20141222 59.119999 59.560001 58.549999 58.959999 10010500 57.549746
20141223 58.689999 59.00 57.029999 57.209999 14165400 55.841604
20141224 57.290001 57.860001 57.25 57.459999 5051000 56.085624
20141226 57.68 58.02 57.59 57.779999 4672800 56.39797
20141229 57.450001 57.919998 57.450001 57.73 6003800 56.349167
20141230 57.529999 57.77 57.299999 57.650002 5234800 56.271082
20141231 57.27 57.849998 56.73 56.790001 7483600 55.431652
20150102 57.220001 57.790001 57.029999 57.189999 7076300 55.822082
20150105 58.209999 58.48 57.57 58.040001 15961200 56.651753
20150106 58.279999 60.50 58.25 60.32 24287700 58.877217
20150107 60.439999 61.619999 60.360001 61.610001 18634500 60.136363
20150108 62.00 62.939999 61.849998 62.849998 19121000 61.346701
20150109 62.810001 63.130001 62.169998 62.560001 12635500 61.063641
20150112 63.099998 63.50 62.099998 62.299999 11569000 60.809858
20150113 62.91 63.619999 61.73 62.189999 10035200 60.702488
20150114 61.720001 62.91 61.48 62.639999 9858100 61.141725
20150115 62.639999 62.990002 61.830002 61.880001 9564600 60.399905
20150116 61.860001 63.16 61.529999 63.029999 11371200 61.522396
20150120 62.709999 63.299999 61.880001 62.610001 13105900 61.112444
20150121 62.419998 62.779999 62.080002 62.16 9081400 60.673207
20150122 62.259998 62.709999 61.529999 62.59 8494400 61.092922
20150123 62.459999 63.00 62.41 62.490002 6229100 60.995315
20150126 62.580002 62.98 62.119999 62.82 6714600 61.31742
20150127 62.880001 63.02 62.130001 62.560001 7965100 61.063641
20150128 62.82 62.959999 61.32 61.450001 8868100 59.98019
20150129 61.540001 62.150002 60.759998 62.09 9091300 60.604881
20150130 61.529999 61.93 60.029999 60.279999 12086900 58.838173
20150202 60.50 60.93 59.779999 60.880001 9266700 59.423824
20150203 60.889999 61.060001 59.939999 61.02 11477500 59.560475
20150204 59.970001 60.00 58.34 59.049999 19446700 57.637594
20150205 59.27 59.349998 58.509998 59.169998 12660400 57.754722
20150206 59.099998 59.77 58.580002 58.790001 9744200 57.383814
20150209 58.650002 59.00 57.93 58.330002 10014100 56.934818
20150210 59.00 59.34 58.77 58.849998 9539400 57.442377
20150211 58.759998 58.959999 58.400002 58.740002 10483900 57.335011
20150212 59.00 59.110001 58.59 58.880001 7207700 57.471662
20150213 58.900002 58.939999 58.610001 58.810001 7899300 57.403336
20150217 58.740002 58.970001 58.700001 58.790001 10187300 57.383814
20150218 58.669998 59.009998 58.23 58.799999 10534200 57.393573
20150219 58.849998 58.990002 57.810001 58.299999 9836200 56.905533
20150220 58.150002 58.48 57.73 58.349998 11604800 56.954336
20150223 58.389999 58.669998 58.169998 58.299999 8589900 56.905533
20150224 58.490002 58.57 58.049999 58.360001 7714100 56.964099
20150225 58.459999 58.970001 58.060001 58.490002 8455200 57.090991
20150226 58.66 59.150002 58.66 58.959999 11489100 57.549746
20150227 58.889999 59.060001 58.490002 58.540001 13059900 57.139794
20150302 58.540001 58.889999 58.279999 58.580002 9667200 57.178838
20150303 58.639999 58.700001 57.950001 58.34 8251300 56.944577
20150304 58.41 58.650002 57.68 57.880001 13335200 56.49558
20150305 58.09 58.279999 57.799999 57.98 11534100 56.593187
20150306 57.849998 57.869999 56.720001 56.84 11064700 55.480455
20150309 56.84 57.369999 56.299999 57.259998 8342000 55.890407
20150310 56.950001 57.189999 56.490002 56.580002 13125000 55.226676
20150311 57.490002 57.490002 55.970001 56.060001 15665300 54.719113
20150312 55.82 56.220001 55.66 56.169998 12954300 55.270138
20150313 56.029999 56.43 55.639999 56.200001 13072900 55.29966
20150316 56.580002 57.32 56.580002 57.119999 11520800 56.20492
20150317 56.889999 56.889999 56.240002 56.470001 9999400 55.565335
20150318 56.389999 57.970001 56.209999 57.650002 14928500 56.726431
20150319 57.43 58.34 57.029999 58.209999 14455900 57.277458
20150320 58.240002 58.860001 57.759998 58.580002 26114000 57.641533
20150323 58.400002 59.139999 58.040001 58.73 10658500 57.789127
20150324 59.41 59.700001 58.509998 58.630001 13065300 57.690731
20150325 59.50 59.709999 58.18 58.259998 14038400 57.326656
20150326 58.040001 58.200001 57.41 57.599998 10582900 56.677229
20150327 57.830002 58.23 57.630001 57.75 8523500 56.824828
20150330 58.25 58.540001 58.150002 58.34 8189000 57.405376
20150331 58.189999 58.310001 57.48 57.48 10458700 56.559153
20150401 57.259998 57.32 56.220001 56.860001 12712200 55.949086
20150402 57.00 57.450001 56.849998 57.099998 7583500 56.185239
20150406 56.93 57.34 56.709999 57.18 12649200 56.26396
20150407 57.66 57.880001 57.299999 57.43 9278300 56.509955
20150408 57.91 58.049999 57.02 57.150002 13559700 56.234441
20150409 57.220001 57.73 57.110001 57.43 12006000 56.509955
20150410 57.049999 57.650002 56.32 57.25 15507500 56.332838
20150413 57.080002 57.369999 56.50 56.73 10480900 55.821168
20150414 56.939999 57.990002 56.610001 57.759998 14656200 56.834666
20150415 58.07 58.950001 58.07 58.450001 12108800 57.513614
20150416 58.209999 58.389999 57.740002 57.84 6409400 56.913386
20150417 57.349998 57.360001 56.57 56.880001 11663400 55.968767
20150420 57.50 58.00 57.389999 57.610001 9961400 56.687071
20150421 58.009998 58.029999 57.41 57.66 9255500 56.736269
20150422 57.560001 57.889999 57.32 57.689999 7914600 56.765788
20150423 57.52 57.849998 57.040001 57.509998 8342000 56.588671
20150424 57.849998 58.189999 57.509998 57.599998 7866500 56.677229
20150427 57.830002 58.029999 56.880001 57.099998 10599600 56.185239
20150428 57.099998 60.48 57.099998 59.98 34731200 59.019102
20150429 59.330002 60.43 59.23 59.68 17192000 58.723909
20150430 59.790001 60.139999 59.240002 59.560001 13012400 58.605832
20150501 59.759998 60.380001 59.68 59.860001 9357500 58.901026
20150504 60.139999 60.950001 60.029999 60.639999 9050400 59.668529
20150505 60.32 60.700001 60.060001 60.490002 12082100 59.520934
20150506 60.450001 60.59 59.93 60.259998 11570900 59.294615
20150507 60.049999 60.73 59.93 60.299999 9001000 59.333975
20150508 61.00 61.380001 60.700001 60.740002 10143400 59.766929
20150511 60.66 60.689999 59.84 60.00 9718900 59.038782
20150512 59.549999 59.73 59.110001 59.439999 13191900 58.487752
20150513 59.619999 59.849998 58.970001 59.18 7320900 58.231919
20150514 59.470001 59.889999 59.049999 59.779999 7127300 58.822305
20150515 59.939999 60.23 59.810001 60.23 7665700 59.265097
20150518 60.169998 60.450001 60.009998 60.009998 7190400 59.04862
20150519 59.959999 60.919998 59.939999 60.52 8128700 59.550452
20150520 60.669998 60.849998 60.439999 60.459999 6034900 59.491412
20150521 60.549999 60.790001 60.09 60.099998 8039000 59.137179
20150522 60.07 60.07 59.34 59.380001 8990400 58.428716
20150526 59.279999 59.439999 58.849998 58.970001 10857700 58.025284
20150527 59.09 59.779999 58.869999 59.459999 9726700 58.507432
20150528 59.450001 59.849998 59.380001 59.700001 9530100 58.743589
20150529 59.880001 61.119999 59.470001 60.889999 20015600 59.914523
20150601 60.849998 61.700001 60.34 60.75 11807400 59.776767
20150602 60.450001 60.459999 59.82 60.240002 8993000 59.274939
20150603 60.66 60.880001 60.259998 60.389999 8662400 59.422534
20150604 59.959999 60.209999 59.27 59.470001 10830300 58.517274
20150605 59.360001 59.41 58.799999 58.990002 10881800 58.044964
20150608 58.889999 59.169998 58.759998 58.869999 8047800 57.926884
20150609 58.959999 59.290001 58.709999 58.84 6445200 57.897366
20150610 58.98 59.66 58.91 59.610001 10223200 58.655031
20150611 59.200001 59.369999 58.84 58.91 11640300 58.407163
20150612 58.790001 58.799999 57.790001 57.869999 15812300 57.376039
20150615 57.599998 57.639999 57.02 57.119999 10106500 56.632441
20150616 57.240002 57.73 56.880001 57.709999 6968900 57.217405
20150617 57.709999 58.169998 57.470001 57.91 7917300 57.415698
20150618 57.91 58.869999 57.91 58.59 7440500 58.089894
20150619 58.41 58.84 57.950001 58.040001 12613500 57.54459
20150622 58.790001 59.200001 58.43 58.830002 8362500 58.327848
20150623 58.880001 59.049999 58.52 59.029999 8371000 58.526137
20150624 58.919998 59.029999 58.240002 58.240002 7908400 57.742883
20150625 58.25 58.599998 57.720001 57.900002 9951200 57.405785
20150626 58.220001 58.529999 57.849998 58.490002 13083700 57.99075
20150629 57.93 58.220001 57.25 57.290001 9601200 56.800992
20150630 57.709999 57.709999 56.709999 56.93 11847300 56.444064
20150701 56.93 57.869999 56.610001 57.599998 9380100 57.108343
20150702 57.939999 58.330002 57.50 57.669998 8518400 57.177745
20150706 57.240002 57.84 56.639999 57.549999 8054100 57.058771
20150707 57.75 58.099998 57.18 57.990002 9034300 57.495017
20150708 57.73 57.740002 57.119999 57.349998 9111600 56.860477
20150709 58.040001 58.169998 57.349998 57.380001 8677800 56.890224
20150710 58.07 58.25 57.580002 57.950001 8047400 57.455358
20150713 58.25 58.549999 57.68 57.869999 9133800 57.376039
20150714 57.900002 58.279999 57.68 58.189999 7235100 57.693307
20150715 58.16 58.560001 58.07 58.220001 5748600 57.723054
20150716 58.509998 58.869999 58.349998 58.82 5324700 58.317931
20150717 58.700001 58.919998 58.59 58.82 6988900 58.317931
20150720 58.959999 59.200001 58.860001 59.00 5697200 58.496395
20150721 58.990002 59.02 58.650002 58.669998 6932800 58.16921
20150722 58.509998 59.029999 58.009998 58.130001 8617800 57.633822
20150723 58.529999 58.529999 57.939999 58.07 6441600 57.574333
20150724 57.709999 57.880001 57.32 57.41 7847100 56.919966
20150727 57.43 57.450001 56.630001 56.990002 14887000 56.503553
20150728 56.52 57.639999 55.830002 57.52 16387100 57.029028
20150729 57.689999 58.82 57.639999 58.540001 12876000 58.040322
20150730 58.619999 58.82 58.279999 58.52 6989500 58.020492
20150731 59.00 59.330002 58.700001 58.959999 8752500 58.456735
20150803 59.299999 59.450001 58.48 59.049999 6807000 58.545967
20150804 59.439999 59.470001 58.369999 58.700001 6935800 58.198956
20150805 59.080002 59.279999 58.77 59.099998 5702600 58.59554
20150806 59.16 59.25 58.32 58.43 7019700 57.93126
20150807 58.349998 58.450001 57.669998 57.970001 9712400 57.475188
20150810 58.259998 58.610001 58.259998 58.41 5052400 57.911431
20150811 57.93 58.189999 57.560001 57.759998 7078300 57.266977
20150812 57.279999 58.279999 57.119999 58.259998 7525300 57.762709
20150813 58.549999 59.450001 58.50 58.98 10957200 58.476565
20150814 59.009998 59.57 58.869999 59.18 9466400 58.674859
20150817 58.799999 59.75 58.580002 59.709999 6113700 59.200333
20150818 59.669998 59.950001 59.560001 59.66 6797400 59.150761
20150819 59.32 60.07 59.189999 59.66 7986300 59.150761
20150820 58.290001 58.549999 56.740002 56.950001 23694400 56.463894
20150821 56.59 57.630001 55.759998 55.77 17632500 55.293965
20150824 53.07 54.400002 45.689999 53.990002 24838600 53.52916
20150825 55.389999 55.41 51.00 51.169998 22849800 50.733227
20150826 53.400002 54.610001 52.490002 54.419998 22891200 53.955486
20150827 55.279999 55.400002 53.639999 54.950001 16135600 54.480965
20150828 54.779999 55.41 54.59 55.369999 12797000 54.897378
20150831 55.119999 55.299999 53.619999 53.849998 12917100 53.390352
20150901 52.66 53.23 52.200001 52.529999 15747400 52.081619
20150902 53.169998 53.27 52.349998 52.98 13130800 52.527779
20150903 53.27 53.549999 52.599998 52.650002 12149100 52.200598
20150904 52.099998 52.240002 51.18 51.59 14491300 51.149644
20150908 53.009998 53.02 52.200001 52.689999 14961100 52.240253
20150909 53.209999 53.330002 51.810001 51.93 11116700 51.486742
20150910 52.02 53.200001 51.860001 52.720001 14065400 52.27
20150911 52.209999 52.450001 51.709999 52.09 12090800 52.09
20150914 52.119999 52.73 51.990002 52.34 8791400 52.34
20150915 52.779999 53.889999 52.669998 53.549999 11792200 53.549999
20150916 53.509998 53.970001 53.32 53.869999 8681400 53.869999
20150917 53.849998 54.50 53.02 53.959999 22799900 53.959999
20150918 53.68 53.869999 51.91 52.130001 28997900 52.130001
20150921 52.439999 52.439999 50.689999 50.98 17243300 50.98
20150922 50.549999 51.00 50.259998 50.740002 12795600 50.740002
20150923 50.740002 51.439999 50.389999 51.029999 10055500 51.029999
20150924 50.529999 50.860001 50.220001 50.59 10508300 50.59
20150925 50.919998 51.32 49.130001 49.599998 15116300 49.599998
