20130102 27.25 27.73 27.15 27.620001 52899300 25.573933
20130103 27.629999 27.65 27.16 27.25 48294400 25.231341
20130104 27.27 27.34 26.73 26.74 52521100 24.759122
20130107 26.77 26.879999 26.639999 26.690001 37110400 24.712826
20130108 26.75 26.790001 26.459999 26.549999 44703100 24.583196
20130109 26.719999 26.75 26.559999 26.700001 49047900 24.722086
20130110 26.65 26.98 26.290001 26.459999 71431300 24.499863
20130111 26.49 26.93 26.280001 26.83 55512100 24.842455
20130114 26.90 27.08 26.76 26.889999 48324400 24.898009
20130115 26.83 27.290001 26.83 27.209999 48244500 25.194304
20130116 27.15 27.23 27.01 27.040001 41077400 25.036899
20130117 27.190001 27.469999 27.059999 27.25 51685900 25.231341
20130118 27.10 27.290001 27.040001 27.25 52167700 25.231341
20130122 27.299999 27.450001 27.00 27.15 58650600 25.138749
20130123 27.200001 27.639999 27.200001 27.610001 50387700 25.564673
20130124 27.700001 28.07 27.469999 27.629999 101739300 25.58319
20130125 27.58 28.23 27.389999 27.879999 81847700 25.814671
20130128 28.01 28.23 27.76 27.91 56056500 25.842449
20130129 27.82 28.129999 27.60 28.01 49242600 25.935041
20130130 28.01 28.190001 27.76 27.85 43580500 25.786894
20130131 27.790001 27.969999 27.40 27.450001 50530000 25.416526
20130201 27.67 28.049999 27.549999 27.93 55565900 25.860968
20130204 27.870001 28.02 27.42 27.440001 50540000 25.407267
20130205 27.620001 27.66 27.360001 27.50 35410400 25.462822
20130206 27.379999 27.540001 27.25 27.34 41889600 25.314674
20130207 27.35 27.389999 27.10 27.280001 38028300 25.25912
20130208 27.35 27.709999 27.309999 27.549999 33318500 25.509117
20130211 27.65 27.92 27.50 27.860001 32247700 25.796154
20130212 27.879999 28.00 27.75 27.879999 35990900 25.814671
20130213 27.93 28.110001 27.879999 28.030001 41715600 25.95356
20130214 27.92 28.059999 27.870001 28.040001 32663200 25.96282
20130215 28.040001 28.16 27.879999 28.01 49650900 25.935041
20130219 27.879999 28.09 27.799999 28.049999 38781400 26.187108
20130220 28.129999 28.200001 27.83 27.870001 44110200 26.019064
20130221 27.74 27.74 27.23 27.49 49078500 25.6643
20130222 27.68 27.76 27.48 27.76 31425900 25.916369
20130225 27.969999 28.049999 27.370001 27.370001 48011800 25.552271
20130226 27.379999 27.60 27.34 27.370001 49923300 25.552271
20130227 27.42 28.00 27.33 27.809999 36394700 25.963048
20130228 27.879999 27.969999 27.74 27.799999 35840200 25.953712
20130301 27.719999 27.98 27.52 27.950001 34849700 26.093751
20130304 27.85 28.15 27.700001 28.15 38157500 26.280467
20130305 28.290001 28.540001 28.16 28.35 41432200 26.467185
20130306 28.209999 28.23 27.780001 28.09 51448500 26.224453
20130307 28.110001 28.280001 28.01 28.139999 29196700 26.271131
20130308 28.25 28.33 27.959999 28.00 37667800 26.14043
20130311 27.940001 27.969999 27.67 27.870001 36627500 26.019064
20130312 27.84 27.950001 27.639999 27.91 39255200 26.056407
20130313 27.870001 28.02 27.75 27.92 29093400 26.065743
20130314 28.00 28.16 27.93 28.139999 55914800 26.271131
20130315 28.030001 28.16 27.98 28.040001 92710300 26.177774
20130318 27.879999 28.280001 27.809999 28.10 44809400 26.233789
20130319 28.120001 28.219999 28.030001 28.18 51901600 26.308476
20130320 28.34 28.49 28.18 28.32 35447800 26.439177
20130321 28.110001 28.360001 28.049999 28.110001 34233200 26.243125
20130322 28.190001 28.34 28.10 28.25 28720900 26.373826
20130325 28.299999 28.35 27.959999 28.16 44154000 26.289803
20130326 28.24 28.34 28.110001 28.16 27824300 26.289803
20130327 28.139999 28.450001 28.08 28.370001 36047400 26.485858
20130328 28.32 28.66 28.26 28.610001 55453800 26.709918
20130401 28.639999 28.66 28.360001 28.610001 29201100 26.709918
20130402 28.59 28.85 28.52 28.799999 28456500 26.887298
20130403 28.75 28.950001 28.540001 28.559999 35062800 26.663238
20130404 28.389999 28.610001 28.27 28.60 45263200 26.700582
20130405 28.219999 28.780001 28.110001 28.700001 50927300 26.793941
20130408 28.73 28.73 28.469999 28.59 34759500 26.691246
20130409 28.73 29.82 28.68 29.610001 77733800 27.643505
20130410 29.57 30.32 29.52 30.280001 71116700 28.269008
20130411 29.10 29.200001 28.73 28.940001 130923200 27.018002
20130412 28.85 29.02 28.66 28.790001 62886300 26.877964
20130415 28.65 28.98 28.51 28.690001 56332900 26.784605
20130416 28.90 29.139999 28.700001 28.969999 52797300 27.046008
20130417 28.85 29.040001 28.60 28.83 52840700 26.915307
20130418 28.950001 28.98 28.50 28.790001 56906600 26.877964
20130419 29.620001 30.24 29.610001 29.77 99790700 27.792879
20130422 30.299999 31.18 30.27 30.83 137904000 28.78248
20130423 30.700001 30.90 30.379999 30.60 59126900 28.567756
20130424 30.620001 31.92 30.60 31.76 90946600 29.650716
20130425 31.709999 32.84 31.540001 31.940001 110700200 29.818762
20130426 31.90 31.98 31.450001 31.790001 47799300 29.678724
20130429 31.799999 32.68 31.77 32.610001 59116400 30.444265
20130430 32.560001 33.110001 32.279999 33.099998 75165200 30.901721
20130501 32.93 33.080002 32.599998 32.720001 54330900 30.54696
20130502 32.630001 33.169998 32.389999 33.16 46059500 30.957737
20130503 33.23 33.52 33.080002 33.490002 46784600 31.265823
20130506 33.419998 33.91 33.25 33.75 40978300 31.508554
20130507 33.650002 33.790001 33.240002 33.310001 43078300 31.097777
20130508 33.07 33.240002 32.650002 32.990002 51595700 30.799029
20130509 32.849998 33.00 32.59 32.66 46417800 30.490944
20130510 32.669998 32.720001 32.32 32.689999 36394900 30.51895
20130513 32.610001 33.07 32.549999 33.029999 36027600 30.83637
20130514 32.860001 33.529999 32.799999 33.529999 56870100 31.522668
20130515 33.450001 33.900002 33.43 33.849998 46303900 31.82351
20130516 33.639999 34.150002 33.549999 34.080002 59382900 32.039744
20130517 34.130001 34.869999 34.099998 34.869999 60666700 32.782446
20130520 34.73 35.099998 34.68 35.080002 54020800 32.979877
20130521 35.099998 35.27 34.720001 34.849998 48702400 32.763643
20130522 34.790001 34.84 34.360001 34.610001 66047500 32.538013
20130523 34.23 34.549999 33.900002 34.150002 51102700 32.105553
20130524 33.919998 34.279999 33.900002 34.27 33174400 32.218368
20130528 34.419998 35.18 34.41 35.02 48212100 32.923468
20130529 34.740002 35.02 34.57 34.880001 38412200 32.79185
20130530 34.849998 35.25 34.810001 35.029999 51131000 32.932867
20130531 34.82 35.279999 34.790001 34.900002 56165700 32.810653
20130603 34.919998 35.630001 34.830002 35.59 51252600 33.459343
20130604 35.619999 35.740002 34.77 34.990002 65529500 32.895265
20130605 34.599998 34.889999 34.43 34.779999 46025100 32.697834
20130606 34.84 35.110001 34.490002 34.959999 37618500 32.867058
20130607 35.25 35.779999 35.060001 35.669998 40757300 33.534552
20130610 35.509998 35.650002 35.139999 35.470001 35994500 33.346528
20130611 35.049999 35.18 34.68 34.84 39435900 32.754243
20130612 35.139999 35.27 34.849998 35.00 37372700 32.904665
20130613 34.990002 35.02 34.59 34.720001 45654900 32.641428
20130614 34.549999 34.689999 34.25 34.400002 53192600 32.340586
20130617 34.689999 35.16 34.630001 35.00 49670100 32.904665
20130618 34.970001 35.169998 34.900002 34.98 28616500 32.885861
20130619 34.959999 35.09 34.59 34.59 30816200 32.51921
20130620 34.259998 34.330002 33.369999 33.490002 54493700 31.485065
20130621 33.66 33.73 33.049999 33.27 85338500 31.278234
20130624 32.939999 34.200001 32.57 33.720001 56109000 31.701295
20130625 34.080002 34.380001 33.459999 33.669998 44073400 31.654286
20130626 34.119999 34.48 33.889999 34.349998 48665900 32.293577
20130627 34.52 34.779999 34.50 34.619999 28993100 32.547413
20130628 34.380001 34.790001 34.34 34.540001 65545500 32.472204
20130701 34.75 34.990002 34.330002 34.360001 31055400 32.30298
20130702 34.41 34.439999 33.630001 33.939999 37630000 31.908122
20130703 33.66 34.369999 33.599998 34.009998 15994400 31.973931
20130705 34.09 34.240002 33.580002 34.209999 26085900 32.161958
20130708 34.349998 34.59 33.98 34.330002 32396900 32.274777
20130709 34.580002 34.599998 34.139999 34.349998 25318500 32.293577
20130710 34.34 34.810001 34.32 34.700001 29658800 32.622625
20130711 35.00 35.77 34.900002 35.689999 53638300 33.553355
20130712 35.580002 35.73 35.279999 35.669998 35501200 33.534552
20130715 35.66 36.220001 35.580002 36.169998 34142600 34.004619
20130716 36.009998 36.43 35.959999 36.27 36378500 34.098634
20130717 36.34 36.389999 35.490002 35.740002 37285100 33.600365
20130718 35.720001 35.889999 35.220001 35.439999 49547100 33.318322
20130719 32.400002 32.669998 31.02 31.40 248428500 29.520184
20130722 31.700001 32.009998 31.60 32.009998 79040700 30.093665
20130723 31.91 32.040001 31.709999 31.82 65810400 29.91504
20130724 32.040001 32.189999 31.889999 31.959999 52803100 30.046659
20130725 31.620001 31.65 31.25 31.389999 63213000 29.510783
20130726 31.26 31.620001 31.209999 31.620001 38633600 29.727015
20130729 31.469999 31.60 31.40 31.540001 28870700 29.651804
20130730 31.780001 32.119999 31.549999 31.85 45799500 29.943245
20130731 31.969999 32.049999 31.709999 31.84 43898400 29.933844
20130801 32.060001 32.09 31.60 31.67 42557900 29.774021
20130802 31.690001 31.90 31.57 31.889999 29199900 29.98085
20130805 31.90 32.00 31.639999 31.700001 30984000 29.802225
20130806 31.549999 31.67 31.379999 31.58 36331500 29.689409
20130807 31.540001 32.099998 31.25 32.060001 38078600 30.140674
20130808 32.240002 33.07 32.049999 32.889999 59034400 30.920983
20130809 32.77 32.900002 32.470001 32.700001 26800700 30.742359
20130812 32.459999 32.970001 32.459999 32.869999 25493700 30.90218
20130813 32.509998 32.549999 32.209999 32.23 39464100 30.514009
20130814 32.139999 33.360001 31.700001 32.349998 48519600 30.627619
20130815 32.00 32.18 30.84 31.790001 33338000 30.097437
20130816 31.790001 31.99 31.66 31.799999 32866300 30.106903
20130819 31.76 31.969999 31.379999 31.389999 27902500 29.718732
20130820 31.440001 31.90 31.370001 31.620001 22979600 29.936488
20130821 31.610001 32.009998 31.540001 31.610001 37409100 29.92702
20130822 32.189999 32.490002 32.099998 32.389999 31169900 30.66549
20130823 35.169998 35.200001 34.00 34.75 225493800 32.89984
20130826 34.400002 34.669998 34.029999 34.150002 72786800 32.331786
20130827 33.52 34.099998 33.150002 33.259998 58522300 31.489169
20130828 33.389999 33.599998 33.00 33.02 44257400 31.261949
20130829 32.93 33.599998 32.799999 33.549999 45284700 31.763729
20130830 33.369999 33.48 33.09 33.400002 42790200 31.621718
20130903 31.75 32.07 31.290001 31.879999 154507000 30.182643
20130904 31.389999 31.469999 31.110001 31.200001 142320600 29.538849
20130905 31.10 31.440001 30.950001 31.23 71644900 29.567251
20130906 31.309999 31.389999 31.129999 31.15 75434900 29.49151
20130909 31.219999 31.790001 31.200001 31.66 49628500 29.974357
20130910 31.90 32.400002 31.790001 32.389999 56881200 30.66549
20130911 32.57 32.93 32.529999 32.740002 39087500 30.996858
20130912 32.720001 32.779999 32.59 32.689999 32860200 30.949517
20130913 32.77 33.07 32.509998 33.029999 40899000 31.271415
20130916 33.380001 33.50 32.73 32.799999 52839700 31.053661
20130917 33.419998 33.470001 32.900002 32.93 84716500 31.17674
20130918 32.990002 33.400002 32.830002 33.32 64099900 31.545975
20130919 33.48 33.68 33.32 33.639999 42026600 31.848938
20130920 33.41 33.48 32.689999 32.790001 102904900 31.044195
20130923 32.540001 32.970001 32.50 32.740002 39826100 30.996858
20130924 32.869999 32.869999 32.150002 32.450001 40685000 30.722297
20130925 32.490002 32.799999 32.400002 32.509998 28907500 30.7791
20130926 32.639999 33.00 32.59 32.77 28504000 31.025259
20130927 32.880001 33.75 32.869999 33.27 55348000 31.498638
20130930 33.00 33.310001 32.700001 33.279999 39839500 31.508104
20131001 33.349998 33.610001 33.299999 33.580002 36718700 31.792134
20131002 33.360001 34.029999 33.290001 33.919998 46946800 32.114029
20131003 33.880001 34.00 33.419998 33.860001 38703800 32.057226
20131004 33.689999 33.990002 33.619999 33.880001 33008100 32.076161
20131007 33.599998 33.709999 33.200001 33.299999 35069300 31.52704
20131008 33.310001 33.330002 32.799999 33.009998 41017600 31.252479
20131009 33.07 33.349998 32.959999 33.07 35878600 31.309286
20131010 33.310001 33.889999 33.259998 33.759998 42875100 31.962548
20131011 33.68 34.139999 33.68 34.130001 30033300 32.312851
20131014 33.900002 34.50 33.779999 34.450001 27757900 32.615813
20131015 34.669998 34.990002 34.470001 34.490002 47097800 32.653684
20131016 34.599998 34.900002 34.560001 34.639999 35111600 32.795696
20131017 34.450001 34.990002 34.369999 34.919998 31359200 33.060787
20131018 34.82 34.990002 34.330002 34.959999 41811700 33.098658
20131021 34.98 35.200001 34.91 34.990002 27433500 33.127063
20131022 35.02 35.099998 34.52 34.580002 40438500 32.738892
20131023 34.349998 34.490002 33.669998 33.759998 58600500 31.962548
20131024 33.82 34.099998 33.57 33.720001 53209700 31.92468
20131025 35.880001 36.290001 35.470001 35.73 113494000 33.827662
20131028 35.610001 35.73 35.27 35.57 38383600 33.676181
20131029 35.630001 35.720001 35.259998 35.52 31702200 33.628844
20131030 35.529999 35.790001 35.43 35.540001 36997700 33.647779
20131031 35.66 35.689999 35.34 35.41 41682300 33.5247
20131101 35.669998 35.689999 35.389999 35.529999 40264600 33.63831
20131104 35.59 35.98 35.549999 35.939999 28060700 34.02648
20131105 35.790001 36.709999 35.77 36.639999 51681900 34.689212
20131106 37.240002 38.220001 37.060001 38.18 88948800 36.14722
20131107 37.959999 38.009998 37.43 37.50 60437400 35.503424
20131108 37.669998 37.779999 37.34 37.779999 36737800 35.768515
20131111 37.689999 37.779999 37.349998 37.59 26872500 35.588632
20131112 37.380001 37.599998 37.200001 37.360001 31651600 35.370878
20131113 36.98 38.16 36.900002 38.16 44957600 36.128284
20131114 37.869999 38.130001 37.720001 38.02 46183700 35.995739
20131115 37.950001 38.02 37.720001 37.84 50601300 35.825322
20131118 37.349998 37.580002 37.07 37.200001 53277500 35.219397
20131119 36.849998 37.23 36.669998 36.740002 44275000 35.047688
20131120 36.919998 37.41 36.860001 37.080002 32229900 35.372027
20131121 37.27 37.529999 37.259998 37.400002 23064700 35.677287
20131122 37.529999 37.68 37.330002 37.57 27982000 35.839455
20131125 37.93 37.950001 37.57 37.639999 30646800 35.906231
20131126 37.57 37.650002 37.349998 37.349998 34465300 35.629588
20131127 37.57 37.759998 37.490002 37.599998 26002100 35.868072
20131129 37.82 38.290001 37.82 38.130001 22090400 36.373662
20131202 38.09 38.779999 38.060001 38.450001 42950400 36.678922
20131203 38.139999 38.490002 38.080002 38.310001 52109800 36.545371
20131204 38.209999 38.98 38.119999 38.939999 51983600 37.146349
20131205 38.849998 38.880001 37.18 38.00 116305000 36.249649
20131206 38.419998 38.549999 37.990002 38.360001 36457300 36.593067
20131209 38.560001 38.869999 38.369999 38.709999 30286000 36.926944
20131210 38.610001 38.900002 38.02 38.110001 37828600 36.354583
20131211 38.060001 38.299999 37.389999 37.610001 39853400 35.877614
20131212 37.639999 37.639999 37.18 37.220001 36012800 35.505578
20131213 37.419998 37.450001 36.619999 36.689999 40066100 34.999989
20131216 36.73 37.00 36.540001 36.889999 31734200 35.190777
20131217 36.939999 37.110001 36.330002 36.52 45687700 34.837821
20131218 36.360001 36.599998 35.529999 36.580002 63192100 34.895058
20131219 36.509998 36.549999 36.080002 36.25 34160100 34.580257
20131220 36.200001 36.93 36.189999 36.799999 62649100 35.104922
20131223 36.810001 36.889999 36.549999 36.619999 25128700 34.933213
20131224 36.720001 37.169998 36.639999 37.080002 14243000 35.372027
20131226 37.200001 37.490002 37.169998 37.439999 17612800 35.715442
20131227 37.580002 37.619999 37.169998 37.290001 14563000 35.572354
20131230 37.220001 37.380001 36.900002 37.290001 16290500 35.572354
20131231 37.400002 37.580002 37.220001 37.41 17503500 35.686825
20140102 37.349998 37.400002 37.099998 37.16 30632200 35.448341
20140103 37.200001 37.220001 36.599998 36.91 31134800 35.209856
20140106 36.849998 36.889999 36.110001 36.130001 43603700 34.465786
20140107 36.330002 36.490002 36.209999 36.41 35802800 34.732887
20140108 36.00 36.139999 35.580002 35.759998 59971700 34.112826
20140109 35.880001 35.91 35.400002 35.529999 36516300 33.89342
20140110 35.900002 36.150002 35.75 36.040001 40548800 34.379931
20140113 35.990002 36.02 34.830002 34.98 45901900 33.368755
20140114 34.73 35.880001 34.630001 35.779999 41623300 34.131905
20140115 35.900002 36.790001 35.849998 36.759998 44812600 35.066764
20140116 36.689999 37.00 36.310001 36.889999 38018700 35.190777
20140117 36.830002 36.830002 36.150002 36.380001 46267500 34.70427
20140121 36.82 36.82 36.060001 36.169998 31567300 34.50394
20140122 36.259998 36.32 35.75 35.93 21904300 34.274997
20140123 36.09 36.130001 35.52 36.060001 43954000 34.39901
20140124 37.450001 37.549999 36.529999 36.810001 76395500 35.114464
20140127 36.869999 36.889999 35.98 36.029999 44420800 34.37039
20140128 36.119999 36.389999 35.75 36.27 36205500 34.599336
20140129 35.98 36.880001 35.900002 36.66 52745900 34.971372
20140130 36.790001 36.880001 36.23 36.860001 35036300 35.16216
20140131 36.950001 37.889999 36.560001 37.84 93162300 36.097019
20140203 37.740002 37.990002 36.43 36.48 64063100 34.799662
20140204 36.970001 37.189999 36.25 36.349998 54697900 34.675649
20140205 36.290001 36.470001 35.799999 35.82 55814400 34.170063
20140206 35.799999 36.25 35.689999 36.18 35351800 34.513482
20140207 36.32 36.59 36.009998 36.560001 33260500 34.875979
20140210 36.630001 36.799999 36.290001 36.799999 26767000 35.104922
20140211 36.880001 37.259998 36.860001 37.169998 32141400 35.457878
20140212 37.349998 37.599998 37.299999 37.470001 27051800 35.744063
20140213 37.330002 37.860001 37.330002 37.610001 37635500 35.877614
20140214 37.389999 37.779999 37.330002 37.619999 31407500 35.887151
20140218 37.630001 37.779999 37.41 37.419998 32834000 35.964038
20140219 37.220001 37.75 37.209999 37.509998 29750400 36.050537
20140220 37.57 37.869999 37.400002 37.75 27526100 36.2812
20140221 37.939999 38.349998 37.860001 37.98 38021300 36.502251
20140224 37.689999 37.98 37.540001 37.689999 32085100 36.223534
20140225 37.610001 37.849998 37.349998 37.540001 30736500 36.079372
20140226 37.580002 37.740002 37.189999 37.470001 41041800 36.012096
20140227 37.450001 37.889999 37.23 37.860001 33903400 36.386921
20140228 37.98 38.459999 37.82 38.310001 41215000 36.819413
20140303 37.919998 38.130001 37.490002 37.779999 29717500 36.310032
20140304 38.200001 38.48 38.07 38.41 26802400 36.91552
20140305 38.25 38.27 37.93 38.110001 20520100 36.627194
20140306 38.139999 38.240002 37.889999 38.150002 23582200 36.665638
20140307 38.279999 38.360001 37.689999 37.900002 26591600 36.425365
20140310 37.990002 38.009998 37.720001 37.82 19006600 36.348476
20140311 37.869999 38.23 37.720001 38.02 25216400 36.540695
20140312 37.799999 38.43 37.790001 38.27 30494100 36.780968
20140313 38.419998 38.450001 37.639999 37.889999 32169700 36.415753
20140314 37.650002 38.139999 37.509998 37.700001 27195600 36.233146
20140317 37.900002 38.41 37.790001 38.049999 20479600 36.569527
20140318 38.259998 39.900002 38.220001 39.549999 64063900 38.011164
20140319 39.470001 39.549999 38.91 39.27 35597200 37.74206
20140320 39.25 40.650002 39.240002 40.330002 59269800 38.760818
20140321 40.720001 40.939999 40.009998 40.16 80721800 38.59743
20140324 40.34 40.639999 39.860001 40.50 46098400 38.924202
20140325 40.66 40.990002 39.959999 40.34 43193100 38.770427
20140326 40.48 40.709999 39.599998 39.790001 41977500 38.241828
20140327 39.740002 39.970001 39.34 39.360001 35369200 37.828558
20140328 39.790001 40.639999 39.68 40.299999 43472700 38.731983
20140331 40.43 41.50 40.400002 40.990002 46886300 39.395138
20140401 41.150002 41.59 41.07 41.419998 32605000 39.808404
20140402 41.439999 41.66 41.169998 41.349998 28666700 39.741128
20140403 41.290001 41.290001 40.709999 41.009998 30139600 39.414357
20140404 41.25 41.389999 39.639999 39.869999 51409600 38.318713
20140407 39.959999 40.27 39.740002 39.799999 37559600 38.251437
20140408 39.75 39.93 39.200001 39.82 35918600 38.270659
20140409 39.93 40.549999 39.880001 40.470001 27398700 38.89537
20140410 40.439999 40.689999 39.09 39.360001 45960800 37.828558
20140411 39.00 39.790001 39.00 39.209999 34330200 37.684393
20140414 39.110001 39.41 38.900002 39.18 32006600 37.655561
20140415 39.34 39.959999 39.049999 39.75 33968700 38.203383
20140416 40.060001 40.419998 39.91 40.400002 30615800 38.828094
20140417 40.009998 40.200001 39.509998 40.009998 36689400 38.453265
20140421 40.130001 40.150002 39.790001 39.939999 22221200 38.385989
20140422 39.959999 40.139999 39.830002 39.990002 27056700 38.434047
20140423 39.990002 39.990002 39.470001 39.689999 24602800 38.145716
20140424 39.740002 39.970001 39.299999 39.860001 42381600 38.309104
20140425 40.290001 40.68 39.75 39.91 56876800 38.357158
20140428 40.139999 41.290001 40.09 40.869999 50610200 39.279804
20140429 41.099998 41.189999 40.389999 40.509998 29636200 38.933811
20140430 40.400002 40.50 40.169998 40.400002 35458700 38.828094
20140501 40.240002 40.360001 39.950001 40.00 28787400 38.443656
20140502 40.310001 40.34 39.66 39.689999 43416600 38.145716
20140505 39.52 39.639999 39.299999 39.43 22460900 37.895834
20140506 39.290001 39.349998 38.950001 39.060001 27112400 37.540231
20140507 39.220001 39.509998 38.509998 39.419998 41744500 37.886221
20140508 39.34 39.900002 38.970001 39.639999 32120400 38.097662
20140509 39.540001 39.849998 39.369999 39.540001 29647600 38.001555
20140512 39.740002 40.02 39.650002 39.970001 22782600 38.414824
20140513 39.919998 40.50 39.849998 40.419998 27004800 39.121369
20140514 40.299999 40.450001 40.049999 40.240002 18818700 38.947155
20140515 40.09 40.400002 39.509998 39.599998 37793200 38.327714
20140516 39.669998 39.84 39.27 39.830002 29867100 38.550328
20140519 39.610001 39.82 39.459999 39.75 24537400 38.472896
20140520 39.68 39.939999 39.459999 39.68 21320900 38.405146
20140521 39.799999 40.349998 39.740002 40.349998 22398700 39.053618
20140522 40.290001 40.349998 39.849998 40.099998 20201800 38.81165
20140523 40.369999 40.369999 40.00 40.119999 18020000 38.831008
20140527 40.259998 40.259998 39.810001 40.189999 26160600 38.898759
20140528 40.139999 40.189999 39.82 40.009998 25711500 38.724541
20140529 40.150002 40.349998 39.91 40.34 19888200 39.043941
20140530 40.450001 40.970001 40.25 40.939999 34567600 39.624662
20140602 40.950001 41.09 40.68 40.790001 18504300 39.479484
20140603 40.599998 40.68 40.25 40.290001 18068900 38.995548
20140604 40.209999 40.369999 39.860001 40.32 23209000 39.024583
20140605 40.59 41.25 40.400002 41.209999 31865200 39.885988
20140606 41.48 41.66 41.240002 41.48 24060500 40.147314
20140609 41.389999 41.48 41.02 41.27 15019200 39.944062
20140610 41.029999 41.16 40.860001 41.110001 15117700 39.789202
20140611 40.93 41.07 40.77 40.860001 18040000 39.547234
20140612 40.810001 40.880001 40.290001 40.580002 29818900 39.276232
20140613 41.099998 41.57 40.860001 41.23 26310000 39.905346
20140616 41.040001 41.610001 41.040001 41.50 24205300 40.166672
20140617 41.290001 41.91 40.34 41.68 22518600 40.340889
20140618 41.610001 41.740002 41.18 41.650002 27097000 40.311854
20140619 41.57 41.77 41.330002 41.509998 19828200 40.176349
20140620 41.450001 41.830002 41.380001 41.68 47764900 40.340889
20140623 41.73 42.00 41.689999 41.990002 18743900 40.64093
20140624 41.830002 41.939999 41.560001 41.75 26509100 40.40864
20140625 41.700001 42.049999 41.459999 42.029999 20049100 40.679642
20140626 41.93 41.939999 41.43 41.720001 23604400 40.379605
20140627 41.610001 42.290001 41.509998 42.25 74640000 40.892575
20140630 42.169998 42.209999 41.700001 41.700001 30805500 40.360247
20140701 41.860001 42.150002 41.689999 41.869999 26917000 40.524783
20140702 41.73 41.900002 41.529999 41.900002 20208100 40.553822
20140703 41.91 41.990002 41.560001 41.799999 15969300 40.457032
20140707 41.75 42.119999 41.709999 41.990002 21952400 40.64093
20140708 41.869999 42.00 41.610001 41.779999 31218200 40.437675
20140709 41.98 41.990002 41.529999 41.669998 18445900 40.331208
20140710 41.369999 42.00 41.049999 41.689999 21854700 40.350566
20140711 41.700001 42.09 41.48 42.09 24083000 40.737716
20140714 42.220001 42.450001 42.040001 42.139999 21881100 40.786109
20140715 42.330002 42.470001 42.029999 42.450001 28748700 41.08615
20140716 42.509998 44.310001 42.48 44.080002 63318000 42.663782
20140717 45.450001 45.709999 44.25 44.529999 82180300 43.099321
20140718 44.650002 44.84 44.25 44.689999 43407500 43.254181
20140721 44.560001 45.16 44.220001 44.84 37604400 43.399363
20140722 45.00 45.150002 44.59 44.830002 43095800 43.389686
20140723 45.450001 45.450001 44.619999 44.869999 52362900 43.428398
20140724 44.93 45.00 44.32 44.400002 30725300 42.973501
20140725 44.299999 44.66 44.299999 44.50 26737700 43.070286
20140728 44.360001 44.509998 43.93 43.970001 29684200 42.557316
20140729 43.91 44.09 43.639999 43.889999 27763100 42.479884
20140730 44.07 44.099998 43.290001 43.580002 31921400 42.179846
20140731 43.380001 43.689999 43.080002 43.16 31537500 41.773338
20140801 43.209999 43.25 42.599998 42.860001 31170300 41.482978
20140804 42.970001 43.470001 42.810001 43.369999 34277400 41.976591
20140805 43.310001 43.459999 42.830002 43.080002 26266400 41.695911
20140806 42.740002 43.169998 42.209999 42.740002 24634000 41.366834
20140807 42.84 43.450001 42.650002 43.23 30314900 41.841089
20140808 43.23 43.32 42.91 43.200001 28942700 41.812054
20140811 43.259998 43.450001 43.02 43.200001 20351600 41.812054
20140812 43.040001 43.59 43.00 43.52 21431100 42.121773
20140813 43.68 44.18 43.52 44.080002 22889500 42.663782
20140814 44.080002 44.419998 44.009998 44.27 19313200 42.847676
20140815 44.580002 44.900002 44.400002 44.790001 41611300 43.35097
20140818 44.939999 45.110001 44.68 45.110001 26891100 43.660689
20140819 44.970001 45.34 44.830002 45.330002 28139500 44.147649
20140820 45.34 45.400002 44.900002 44.950001 24770500 43.77756
20140821 44.84 45.25 44.830002 45.220001 22285500 44.040517
20140822 45.349998 45.470001 45.07 45.150002 18294500 43.972344
20140825 45.400002 45.439999 45.040001 45.169998 16910000 43.991819
20140826 45.310001 45.400002 44.939999 45.009998 14873100 43.835992
20140827 44.900002 45.00 44.759998 44.869999 21287900 43.699644
20140828 44.75 44.98 44.610001 44.880001 17657600 43.709386
20140829 45.09 45.439999 44.860001 45.43 21607600 44.245039
20140902 45.43 45.459999 44.849998 45.09 22976800 43.913907
20140903 44.529999 45.110001 44.529999 44.959999 33684500 43.787297
20140904 44.740002 45.27 44.720001 45.259998 26475500 44.079471
20140905 45.110001 45.93 45.110001 45.91 36939400 44.712519
20140908 46.02 46.799999 45.990002 46.470001 45736700 45.257913
20140909 46.470001 46.970001 46.419998 46.759998 40302400 45.540346
20140910 46.82 46.939999 46.279999 46.84 27302400 45.618262
20140911 46.740002 47.00 46.470001 47.00 29216400 45.774088
20140912 46.91 47.02 46.599998 46.700001 38244700 45.481914
20140915 46.540001 46.709999 46.099998 46.240002 37667600 45.033913
20140916 46.389999 46.849998 46.290001 46.759998 27910600 45.540346
20140917 46.259998 46.689999 46.23 46.52 38311900 45.306609
20140918 46.59 46.830002 46.459999 46.68 35556600 45.462435
20140919 46.810001 47.57 46.599998 47.52 202522400 46.280525
20140922 47.299999 47.380001 46.98 47.060001 38686100 45.832524
20140923 46.849998 46.98 46.470001 46.560001 33430300 45.345566
20140924 46.630001 47.110001 46.34 47.080002 26582700 45.852003
20140925 46.880001 47.09 46.029999 46.040001 33077400 44.839129
20140926 45.93 46.619999 45.759998 46.41 27078800 45.199477
20140929 45.98 46.560001 45.759998 46.439999 26091000 45.228693
20140930 46.369999 46.48 46.009998 46.360001 33033100 45.150782
20141001 46.27 46.529999 45.849998 45.900002 38088400 44.702781
20141002 45.830002 46.099998 45.639999 45.759998 25119400 44.56643
20141003 45.98 46.299999 45.610001 46.09 32453200 44.887824
20141006 46.119999 46.299999 45.919998 46.09 20604000 44.887824
20141007 45.860001 45.93 45.419998 45.529999 25723700 44.342429
20141008 45.48 46.889999 45.34 46.779999 33031000 45.559825
20141009 46.50 46.799999 45.740002 45.849998 34422800 44.654082
20141010 45.599998 46.119999 43.950001 44.029999 51978100 42.881554
20141013 43.82 44.560001 43.490002 43.650002 37100200 42.511468
20141014 43.869999 44.380001 43.560001 43.73 38115700 42.58938
20141015 43.00 43.389999 42.099998 43.220001 60218700 42.092684
20141016 42.529999 43.080002 42.220001 42.740002 49040400 41.625204
20141017 43.200001 43.939999 42.790001 43.630001 40683300 42.49199
20141020 43.060001 44.139999 42.810001 44.080002 34527900 42.930253
20141021 44.360001 44.98 44.189999 44.880001 36433800 43.709386
20141022 45.00 45.07 44.23 44.380001 33570900 43.222427
20141023 44.619999 45.450001 44.529999 45.02 45451900 43.845733
20141024 46.830002 46.900002 45.18 46.130001 61076700 44.926782
20141027 45.709999 46.099998 45.709999 45.91 30371300 44.712519
20141028 45.860001 46.50 45.77 46.490002 29024600 45.277392
20141029 46.439999 46.700001 46.34 46.619999 30276100 45.403999
20141030 46.32 46.32 45.77 46.049999 30073900 44.848866
20141031 46.939999 46.970001 46.48 46.950001 35849700 45.725393
20141103 46.889999 47.459999 46.73 47.439999 23130400 46.20261
20141104 47.299999 47.73 47.25 47.57 21530800 46.32922
20141105 47.799999 47.900002 47.259998 47.860001 22449600 46.611657
20141106 47.860001 48.860001 47.790001 48.700001 33037800 47.429747
20141107 48.919998 48.919998 48.290001 48.68 28000600 47.410269
20141110 48.650002 49.150002 48.549999 48.889999 36370100 47.61479
20141111 48.849998 48.950001 48.650002 48.869999 23445200 47.595311
20141112 48.560001 48.919998 48.52 48.779999 22722000 47.507659
20141113 48.810001 49.650002 48.709999 49.610001 26208800 48.316012
20141114 49.740002 50.049999 49.389999 49.580002 29081700 48.286795
20141117 49.41 49.709999 49.139999 49.459999 30315500 48.169923
20141118 49.130001 49.330002 48.700001 48.740002 23995500 47.768099
20141119 48.66 48.75 47.93 48.220001 26176800 47.258468
20141120 48.00 48.700001 47.869999 48.700001 21500700 47.728896
20141121 49.02 49.049999 47.57 47.98 42883100 47.023252
20141124 47.990002 48.00 47.389999 47.59 35434200 46.641029
20141125 47.66 47.970001 47.450001 47.470001 28007900 46.523423
20141126 47.490002 47.990002 47.279999 47.75 27163600 46.797838
20141128 47.950001 48.200001 47.610001 47.810001 21534400 46.856643
20141201 47.880001 48.779999 47.709999 48.619999 31191600 47.650489
20141202 48.84 49.049999 48.200001 48.459999 25743000 47.49368
20141203 48.439999 48.50 47.810001 48.080002 23534800 47.12126
20141204 48.389999 49.060001 48.200001 48.84 30320400 47.866103
20141205 48.82 48.970001 48.380001 48.419998 27313400 47.454477
20141208 48.259998 48.349998 47.450001 47.700001 26663100 46.748836
20141209 47.110001 47.919998 47.049999 47.59 24330500 46.641029
20141210 47.580002 47.66 46.700001 46.900002 30431800 45.964789
20141211 47.080002 47.740002 46.68 47.169998 29060400 46.229402
20141212 46.779999 47.73 46.669998 46.950001 34248400 46.013792
20141215 47.200001 47.669998 46.549999 46.669998 29247800 45.739372
20141216 45.900002 46.34 45.130001 45.16 47801400 44.259484
20141217 45.049999 45.950001 44.900002 45.740002 34970900 44.827921
20141218 46.580002 47.52 46.34 47.52 40105600 46.572425
20141219 47.630001 48.099998 47.169998 47.66 64551200 46.709633
20141222 47.779999 48.119999 47.709999 47.98 26566000 47.023252
20141223 48.369999 48.799999 48.130001 48.450001 23648100 47.483881
20141224 48.639999 48.639999 48.080002 48.139999 11437800 47.180061
20141226 48.41 48.41 47.82 47.880001 13197800 46.925247
20141229 47.700001 47.779999 47.259998 47.450001 14439500 46.503821
20141230 47.439999 47.619999 46.84 47.02 16384700 46.082396
20141231 46.73 47.439999 46.450001 46.450001 21552500 45.523762
20150102 46.66 47.419998 46.540001 46.759998 27913900 45.827578
20150105 46.369999 46.73 46.25 46.330002 39673900 45.406156
20150106 46.380001 46.75 45.540001 45.650002 36447900 44.739715
20150107 45.98 46.459999 45.490002 46.23 29114100 45.308148
20150108 46.75 47.75 46.720001 47.59 29645200 46.641029
20150109 47.610001 47.82 46.900002 47.189999 23942800 46.249004
20150112 47.419998 47.540001 46.360001 46.599998 23651900 45.670769
20150113 46.970001 47.91 46.060001 46.360001 35270600 45.435556
20150114 45.959999 46.240002 45.619999 45.959999 29719600 45.043531
20150115 46.220001 46.380001 45.41 45.48 32742300 44.573103
20150116 45.310001 46.279999 45.169998 46.240002 35695300 45.31795
20150120 46.299999 46.650002 45.57 46.389999 36161900 45.464957
20150121 45.939999 46.139999 45.48 45.919998 39081100 45.004328
20150122 46.380001 47.139999 46.080002 47.130001 35898000 46.190203
20150123 47.360001 47.389999 46.799999 47.18 26211600 46.239205
20150126 47.00 47.130001 46.240002 47.009998 42525500 46.072593
20150127 42.950001 43.200001 42.110001 42.66 169164000 41.809336
20150128 42.740002 42.790001 41.16 41.189999 84507100 40.368647
20150129 40.93 42.119999 40.790001 42.009998 63585300 41.172296
20150130 41.549999 41.580002 40.349998 40.400002 78004900 39.594403
20150202 40.59 41.369999 40.23 41.279999 50352500 40.456853
20150203 41.630001 41.93 41.049999 41.599998 52082400 40.770471
20150204 41.939999 42.209999 41.360001 41.84 41614800 41.005687
20150205 42.220001 42.639999 41.860001 42.450001 36548200 41.603524
20150206 42.68 42.790001 42.150002 42.41 34311700 41.564321
20150209 42.240002 42.740002 42.209999 42.360001 31381100 41.515319
20150210 42.740002 42.77 42.18 42.599998 29670700 41.750531
20150211 42.650002 42.650002 42.209999 42.380001 38262500 41.53492
20150212 42.66 43.09 42.509998 43.09 33268800 42.230762
20150213 43.380001 43.869999 43.150002 43.869999 40264900 42.995207
20150217 43.970001 44.00 43.189999 43.580002 33695700 43.01495
20150218 43.630001 43.700001 43.389999 43.529999 27111700 42.965595
20150219 43.18 43.529999 43.049999 43.50 27603400 42.935985
20150220 43.509998 43.880001 43.290001 43.860001 29721100 43.291318
20150223 43.700001 44.189999 43.650002 44.150002 32518800 43.577559
20150224 44.150002 44.299999 43.919998 44.09 25271700 43.518335
20150225 43.950001 44.09 43.799999 43.990002 29759800 43.419634
20150226 43.990002 44.23 43.889999 44.060001 28957300 43.488726
20150227 44.130001 44.200001 43.66 43.849998 33807700 43.281446
20150302 43.669998 44.189999 43.549999 43.880001 31924000 43.311059
20150303 43.560001 43.830002 43.09 43.279999 31748600 42.718836
20150304 43.009998 43.209999 42.880001 43.060001 25748700 42.501692
20150305 43.07 43.240002 42.82 43.110001 23193500 42.551042
20150306 43.00 43.110001 42.150002 42.360001 36248800 41.810767
20150309 42.189999 43.130001 42.189999 42.849998 32108000 42.294411
20150310 42.349998 42.709999 42.029999 42.029999 39159700 41.485044
20150311 42.310001 42.369999 41.84 41.98 32215300 41.435693
20150312 41.330002 41.650002 40.860001 41.02 59992500 40.488141
20150313 40.700001 41.470001 40.610001 41.380001 58007700 40.843474
20150316 41.470001 41.639999 41.279999 41.560001 35273500 41.02114
20150317 41.369999 41.830002 41.150002 41.700001 31673400 41.159324
20150318 41.43 42.830002 41.330002 42.50 44194800 41.948951
20150319 42.259998 42.59 42.220001 42.290001 33879100 41.741675
20150320 42.560001 42.98 42.490002 42.880001 71904500 42.324025
20150323 42.880001 43.130001 42.779999 42.860001 26246100 42.304284
20150324 42.779999 43.169998 42.75 42.900002 25513300 42.343766
20150325 42.919998 42.93 41.439999 41.459999 43469900 40.922435
20150326 41.220001 41.610001 40.919998 41.209999 37495600 40.675676
20150327 41.119999 41.43 40.830002 40.970001 34401400 40.43879
20150330 41.099998 41.540001 40.91 40.959999 35049700 40.428918
20150331 40.779999 41.029999 40.540001 40.66 34887200 40.132808
20150401 40.599998 40.759998 40.310001 40.720001 36865300 40.192031
20150402 40.66 40.740002 40.119999 40.290001 37487500 39.767606
20150406 40.34 41.779999 40.18 41.549999 39223700 41.011268
20150407 41.610001 41.91 41.310001 41.529999 28809400 40.991527
20150408 41.459999 41.689999 41.040001 41.419998 24753400 40.882952
20150409 41.25 41.619999 41.25 41.48 25723900 40.942176
20150410 41.630001 41.950001 41.41 41.720001 28022000 41.179066
20150413 41.400002 42.060001 41.389999 41.759998 30276700 41.218544
20150414 41.799999 42.029999 41.389999 41.650002 24244400 41.109974
20150415 41.759998 42.459999 41.68 42.259998 27343600 41.712061
20150416 41.950001 42.34 41.82 42.16 22509700 41.613359
20150417 41.669998 41.740002 41.16 41.619999 42387600 41.08036
20150420 41.73 43.169998 41.68 42.91 46057700 42.353635
20150421 43.00 43.150002 42.529999 42.639999 26013800 42.087135
20150422 42.669998 43.130001 42.549999 42.990002 25064300 42.432599
20150423 42.889999 43.610001 42.799999 43.34 46309500 42.77806
20150424 45.66 48.139999 45.650002 47.869999 130933700 47.249323
20150427 47.23 48.130001 47.220001 48.029999 59248200 47.407249
20150428 47.779999 49.209999 47.700001 49.16 60730800 48.522598
20150429 48.720001 49.310001 48.50 49.060001 47804600 48.423896
20150430 48.700001 49.540001 48.599998 48.639999 64725500 48.00934
20150501 48.580002 48.880001 48.400002 48.66 38937300 48.029081
20150504 48.369999 48.869999 48.18 48.240002 34039500 47.614529
20150505 47.82 48.16 47.310001 47.599998 50369200 46.982824
20150506 47.57 47.77 46.02 46.279999 52433000 45.679939
20150507 46.27 47.09 46.16 46.700001 32971700 46.094495
20150508 47.549999 47.98 47.52 47.75 35364900 47.13088
20150511 47.549999 47.91 47.369999 47.369999 24609400 46.755806
20150512 46.849998 47.68 46.419998 47.349998 29928300 46.736065
20150513 48.189999 48.32 47.57 47.630001 34184600 47.012437
20150514 48.029999 48.82 48.029999 48.720001 32980900 48.088305
20150515 48.869999 48.91 48.049999 48.299999 28642700 47.673748
20150518 47.98 48.220001 47.610001 48.009998 24136500 47.387508
20150519 47.560001 47.810001 47.18 47.580002 28574800 47.268298
20150520 47.389999 47.93 47.27 47.580002 25047900 47.268298
20150521 47.279999 47.599998 47.009998 47.419998 22410700 47.109343
20150522 47.299999 47.349998 46.82 46.900002 25720600 46.592753
20150526 46.830002 46.880001 46.189999 46.59 29581900 46.284782
20150527 46.82 47.77 46.619999 47.610001 27335600 47.298101
20150528 47.50 48.02 47.389999 47.450001 19283700 47.139149
20150529 47.43 47.57 46.59 46.860001 36519600 46.553014
20150601 47.060001 47.77 46.619999 47.23 28837300 46.920589
20150602 46.93 47.349998 46.619999 46.919998 21498300 46.612618
20150603 47.369999 47.740002 46.82 46.849998 28002200 46.543077
20150604 46.790001 47.16 46.200001 46.360001 27745500 46.056289
20150605 46.310001 46.52 45.84 46.139999 25438100 45.837729
20150608 46.299999 46.43 45.669998 45.73 22121600 45.430416
20150609 45.759998 45.939999 45.459999 45.650002 24406100 45.350942
20150610 45.790001 46.830002 45.689999 46.610001 28417400 46.304652
20150611 46.66 46.919998 46.130001 46.439999 27347800 46.135763
20150612 46.220001 46.470001 45.900002 45.970001 23931000 45.668845
20150615 45.450001 45.650002 45.02 45.48 33254500 45.182053
20150616 45.349998 46.240002 45.299999 45.830002 27070300 45.529763
20150617 45.73 46.07 45.360001 45.970001 28704100 45.668845
20150618 46.220001 46.799999 46.169998 46.720001 32658300 46.413932
20150619 46.790001 46.830002 45.990002 46.099998 63837000 45.797991
20150622 46.330002 46.720001 46.16 46.23 20318100 45.92714
20150623 46.130001 46.279999 45.619999 45.91 25896500 45.609237
20150624 45.669998 46.25 45.549999 45.639999 34890900 45.341005
20150625 46.029999 46.060001 45.50 45.650002 20616000 45.350942
20150626 45.650002 46.279999 45.029999 45.259998 49835300 44.963493
20150629 45.040001 45.23 44.360001 44.369999 34081700 44.079325
20150630 44.709999 44.720001 43.939999 44.150002 35945400 43.860768
20150701 44.459999 45.23 44.099998 44.450001 28343900 44.158802
20150702 44.48 44.75 44.060001 44.400002 21752000 44.109131
20150706 43.959999 44.48 43.950001 44.389999 23034000 44.099194
20150707 44.34 44.490002 43.32 44.299999 36435800 44.009783
20150708 44.439999 44.900002 44.029999 44.240002 39785900 43.950179
20150709 44.75 45.220001 44.50 44.52 32424700 44.228343
20150710 45.009998 45.139999 44.57 44.610001 25465800 44.317754
20150713 44.98 45.619999 44.950001 45.540001 28178300 45.241662
20150714 45.450001 45.959999 45.310001 45.619999 22880300 45.321136
20150715 45.68 45.889999 45.43 45.759998 26629600 45.460218
20150716 46.009998 46.689999 45.970001 46.66 26271700 46.354323
20150717 46.549999 46.779999 46.259998 46.619999 29467100 46.314584
20150720 46.650002 47.130001 46.439999 46.919998 30631900 46.612618
20150721 46.779999 47.330002 46.48 47.279999 42781900 46.970261
20150722 45.439999 46.93 45.200001 45.540001 59152400 45.241662
20150723 45.27 46.23 45.099998 46.110001 33934000 45.807927
20150724 45.91 46.32 45.799999 45.939999 32333200 45.639039
20150727 45.939999 46.009998 45.25 45.349998 39701400 45.052904
20150728 45.580002 45.639999 44.790001 45.34 34328900 45.042971
20150729 45.400002 46.779999 45.259998 46.290001 40945900 45.986748
20150730 46.259998 47.400002 45.93 46.880001 39777900 46.572883
20150731 47.290001 47.369999 46.50 46.700001 31201500 46.394062
20150803 46.98 47.00 46.450001 46.810001 24125900 46.503342
20150804 46.75 47.709999 46.68 47.540001 33403900 47.228559
20150805 47.98 48.41 47.540001 47.580002 26959700 47.268298
20150806 47.709999 47.77 46.330002 46.619999 27368000 46.314584
20150807 46.389999 46.779999 46.259998 46.740002 19163000 46.433801
20150810 46.950001 47.490002 46.84 47.330002 23079900 47.019936
20150811 46.82 46.939999 45.900002 46.41 29237400 46.105961
20150812 46.189999 46.900002 45.709999 46.740002 30181400 46.433801
20150813 47.060001 47.099998 46.490002 46.73 22627200 46.423864
20150814 46.529999 47.099998 46.52 47.00 21473400 46.692096
20150817 46.810001 47.450001 46.57 47.32 21099700 47.009999
20150818 46.84 47.43 46.700001 47.27 23574100 47.27
20150819 46.779999 47.080002 46.299999 46.610001 31485500 46.610001
20150820 46.07 46.470001 45.66 45.66 36238200 45.66
20150821 45.299999 45.48 43.07 43.07 70053100 43.07
20150824 40.450001 42.689999 39.720001 41.68 88753700 41.68
20150825 42.57 43.240002 40.389999 40.470001 70616600 40.470001
20150826 42.009998 42.84 41.060001 42.709999 63408000 42.709999
20150827 43.23 43.950001 42.93 43.900002 50943200 43.900002
20150828 43.400002 44.150002 43.389999 43.93 28246700 43.93
20150831 43.560001 43.93 43.099998 43.52 34441700 43.52
20150901 42.169998 42.59 41.66 41.82 49688900 41.82
20150902 42.360001 43.380001 41.880001 43.360001 37671500 43.360001
20150903 43.41 43.98 43.279999 43.50 28285200 43.50
20150904 42.810001 43.040001 42.200001 42.610001 37138800 42.610001
20150908 43.299999 44.00 43.200001 43.889999 32469800 43.889999
20150909 44.209999 44.400002 42.91 43.07 33469500 43.07
20150910 43.119999 43.790001 42.75 43.290001 31366600 43.290001
20150911 43.139999 43.59 42.939999 43.48 27132500 43.48
20150914 43.43 43.439999 42.860001 43.040001 23633300 43.040001
20150915 43.189999 44.290001 43.080002 43.98 28662100 43.98
20150916 43.970001 44.380001 43.84 44.299999 23256700 44.299999
20150917 44.290001 45.00 44.080002 44.25 29817900 44.25
20150918 43.50 43.990002 43.330002 43.48 62221600 43.48
20150921 43.619999 44.470001 43.599998 44.110001 26075400 44.110001
20150922 43.380001 44.049999 43.310001 43.900002 27824100 43.900002
20150923 43.93 44.169998 43.509998 43.869999 17057200 43.869999
20150924 43.450001 44.130001 43.27 43.91 27652700 43.91
20150925 44.48 44.73 43.759998 43.939999 29177300 43.939999
