20130102 25.530001 25.91 25.33 25.91 33522200 23.627197
20130103 25.98 25.99 25.559999 25.85 33757400 23.572484
20130104 25.85 25.99 25.76 25.959999 28604900 23.672791
20130107 25.91 26.049999 25.77 25.98 25779900 23.69103
20130108 26.00 26.25 25.98 26.02 31057000 23.727506
20130109 26.219999 26.559999 26.190001 26.469999 34210200 24.137858
20130110 26.52 26.77 26.389999 26.76 34085800 24.402308
20130111 26.74 26.83 26.50 26.52 27817700 24.183454
20130114 26.610001 26.879999 26.549999 26.74 24032600 24.38407
20130115 26.59 26.639999 26.50 26.620001 29937300 24.274643
20130116 26.530001 26.620001 26.50 26.610001 28510300 24.265524
20130117 26.75 26.959999 26.629999 26.83 37118000 24.466141
20130118 26.58 26.67 26.34 26.540001 54782000 24.201692
20130122 26.57 26.68 26.42 26.68 32268800 24.329357
20130123 26.52 26.74 26.450001 26.65 31156500 24.301999
20130124 26.870001 27.299999 26.84 26.85 44445000 24.484379
20130125 26.98 27.00 26.76 27.00 52136500 24.621163
20130128 27.10 27.139999 26.84 26.84 45757300 24.47526
20130129 26.940001 27.84 26.84 27.700001 75998400 25.25949
20130130 27.530001 27.67 27.389999 27.51 45197400 25.305483
20130131 27.42 27.57 27.280001 27.280001 32967100 25.093915
20130201 27.58 27.799999 27.370001 27.629999 34797900 25.415866
20130204 27.370001 27.48 27.17 27.17 30855600 24.992729
20130205 27.24 27.60 27.23 27.51 27403900 25.305483
20130206 27.42 27.50 27.290001 27.32 27738900 25.130709
20130207 27.33 27.360001 26.93 26.959999 38418100 24.799557
20130208 26.959999 27.030001 26.790001 26.879999 37444600 24.725968
20130211 26.889999 27.23 26.889999 27.139999 26302000 24.965133
20130212 27.139999 27.18 26.99 26.99 21160400 24.827153
20130213 27.01 27.190001 26.83 27.00 23904000 24.836352
20130214 26.91 27.139999 26.809999 27.059999 24209900 24.891544
20130215 27.15 27.43 27.120001 27.290001 29580300 25.103114
20130219 27.40 27.709999 27.379999 27.709999 28422000 25.489455
20130220 27.65 27.75 27.549999 27.57 26058200 25.360675
20130221 27.41 27.540001 27.23 27.41 24517000 25.213497
20130222 27.48 27.50 27.129999 27.379999 29726900 25.1859
20130225 27.209999 27.35 26.84 26.84 35539400 24.689174
20130226 26.889999 27.10 26.82 27.030001 29986000 24.863949
20130227 26.93 27.540001 26.92 27.41 24383100 25.213497
20130228 27.370001 27.639999 27.360001 27.370001 30095200 25.176703
20130301 27.18 27.450001 27.15 27.389999 29066700 25.195099
20130304 27.309999 27.700001 27.26 27.690001 24929100 25.471059
20130305 27.77 28.200001 27.77 28.07 31100300 25.820607
20130306 28.10 28.209999 27.93 28.120001 27121300 25.866602
20130307 28.18 28.379999 28.120001 28.27 27694800 26.004581
20130308 28.33 28.360001 28.040001 28.190001 27029600 25.930992
20130311 28.16 28.309999 28.10 28.25 25491300 25.986183
20130312 28.23 28.23 27.879999 27.940001 29711400 25.701026
20130313 27.93 28.08 27.799999 28.02 24736200 25.774615
20130314 28.040001 28.110001 27.879999 28.110001 27784200 25.857403
20130315 27.84 28.059999 27.76 28.02 63138400 25.774615
20130318 27.74 28.24 27.74 28.040001 29323100 25.793012
20130319 28.10 28.23 27.90 27.99 27108700 25.747018
20130320 28.17 28.40 28.110001 28.290001 30696400 26.022979
20130321 28.17 28.32 28.030001 28.110001 23583200 25.857403
20130322 28.120001 28.389999 28.110001 28.379999 23099000 26.105765
20130325 28.450001 28.51 27.98 28.16 30717600 25.903395
20130326 28.26 28.66 28.23 28.60 31847700 26.308136
20130327 28.52 28.66 28.450001 28.639999 23575900 26.34493
20130328 28.66 28.90 28.620001 28.860001 27941100 26.547301
20130401 28.75 28.84 28.68 28.84 19279600 26.528904
20130402 28.969999 29.32 28.940001 29.23 24424900 26.88765
20130403 29.23 29.34 28.879999 29.030001 34534800 26.703678
20130404 29.18 29.440001 29.040001 29.16 30534100 26.82326
20130405 28.959999 29.200001 28.92 29.10 30439900 26.768069
20130408 28.98 29.17 28.639999 29.16 25957300 26.82326
20130409 29.030001 29.35 28.950001 29.110001 27543400 26.777268
20130410 29.49 30.00 29.450001 29.92 40979400 27.522358
20130411 29.93 30.82 29.92 30.639999 54658400 28.18466
20130412 30.450001 30.879999 30.450001 30.67 39061100 28.212256
20130415 30.610001 30.99 30.450001 30.450001 46916500 28.009887
20130416 30.540001 30.99 30.48 30.940001 31459600 28.46062
20130417 30.799999 30.940001 30.530001 30.870001 32243500 28.39623
20130418 30.85 30.940001 30.48 30.59 31787700 28.138667
20130419 30.73 31.059999 30.610001 31.059999 29233000 28.571003
20130422 31.08 31.10 30.76 30.93 26092900 28.451421
20130423 30.98 31.15 30.629999 31.08 33268200 28.589401
20130424 31.08 31.129999 30.559999 30.60 31516900 28.147866
20130425 30.65 30.66 29.92 30.26 35582400 27.835112
20130426 29.23 30.17 28.790001 30.09 54021400 27.678735
20130429 30.120001 30.58 29.93 30.43 27728600 27.991489
20130430 29.42 29.889999 29.030001 29.07 69991900 26.740472
20130501 28.83 29.73 28.799999 28.90 45088800 26.584095
20130502 29.030001 29.33 28.99 29.27 31860200 26.924446
20130503 29.530001 29.629999 28.700001 28.959999 43823300 26.639286
20130506 28.93 28.93 28.700001 28.719999 33109600 26.418519
20130507 28.889999 29.18 28.83 29.030001 30954500 26.703678
20130508 28.889999 29.02 28.58 28.73 30749100 26.648025
20130509 28.75 28.77 28.42 28.60 27828900 26.527447
20130510 28.59 28.799999 28.57 28.719999 33063700 26.63875
20130513 28.75 29.370001 28.67 29.370001 33548700 27.241648
20130514 29.389999 29.50 29.280001 29.40 32726100 27.269472
20130515 29.40 29.690001 29.18 29.559999 29537300 27.417878
20130516 29.469999 29.58 29.219999 29.25 27609500 27.130343
20130517 29.209999 29.370001 28.83 28.959999 37638900 26.861357
20130520 28.969999 29.02 28.65 28.700001 32142200 26.6202
20130521 28.709999 28.83 28.309999 28.780001 44100000 26.694403
20130522 29.549999 30.040001 29.209999 29.299999 83673800 27.176719
20130523 29.08 29.33 28.85 29.110001 51706400 27.000489
20130524 28.860001 29.110001 28.68 29.040001 35080900 26.935562
20130528 29.299999 29.50 28.940001 29.01 37848900 26.907735
20130529 28.860001 28.90 28.10 28.280001 48861800 26.230636
20130530 28.370001 28.450001 28.110001 28.25 43118100 26.20281
20130531 28.27 28.27 27.23 27.23 89705700 25.256726
20130603 27.299999 27.77 27.120001 27.75 57600800 25.739043
20130604 27.83 28.049999 27.33 27.66 69971200 25.655565
20130605 27.73 27.969999 27.379999 27.48 71199400 25.488609
20130606 27.48 28.15 27.389999 28.110001 82471000 26.072956
20130607 28.24 28.620001 28.030001 28.26 83974500 26.212085
20130610 28.379999 28.59 28.27 28.370001 66492700 26.314115
20130611 28.040001 28.639999 27.950001 28.42 83130100 26.36049
20130612 28.65 28.959999 28.40 28.43 87978600 26.369766
20130613 28.370001 29.15 28.35 29.08 72314600 26.972662
20130614 29.02 29.360001 28.940001 29.09 81829200 26.981938
20130617 29.40 29.40 28.90 29.16 152088100 27.046865
20130618 29.129999 29.450001 29.030001 29.40 160345900 27.269472
20130619 29.370001 29.809999 28.90 29.10 121041600 26.991213
20130620 29.02 29.23 28.450001 28.639999 95693800 26.564547
20130621 28.860001 29.110001 28.459999 28.459999 222098200 26.397591
20130624 28.16 28.379999 27.52 27.709999 221668100 25.701941
20130625 28.08 28.15 27.58 27.99 118323400 25.961651
20130626 28.08 28.360001 27.85 28.10 85885500 26.06368
20130627 28.389999 28.66 28.110001 28.18 154427500 26.137883
20130628 28.540001 28.719999 28.01 28.01 123030300 25.980202
20130701 27.969999 28.299999 27.709999 27.780001 67767100 25.76687
20130702 27.719999 27.92 27.42 27.700001 61299600 25.692667
20130703 27.469999 27.700001 27.33 27.65 22039600 25.64629
20130705 28.049999 28.10 27.780001 27.969999 36589500 25.9431
20130708 28.24 28.299999 28.08 28.129999 32210900 26.091505
20130709 28.309999 28.469999 28.27 28.35 29117000 26.295563
20130710 28.469999 28.51 28.309999 28.440001 27100700 26.379042
20130711 28.84 28.90 28.610001 28.77 35930000 26.685127
20130712 28.50 28.809999 28.459999 28.809999 29251200 26.722228
20130715 28.790001 28.889999 28.530001 28.790001 28122700 26.703679
20130716 28.84 28.959999 28.620001 28.68 34853700 26.601649
20130717 28.790001 28.940001 28.639999 28.68 26041800 26.601649
20130718 28.67 28.790001 28.459999 28.49 31655500 26.425418
20130719 28.51 29.24 28.360001 29.09 49033500 26.981938
20130722 29.00 29.41 29.00 29.35 28772900 27.223097
20130723 29.379999 29.530001 29.32 29.42 27270900 27.288024
20130724 29.440001 29.549999 29.18 29.280001 23825600 27.15817
20130725 29.030001 29.25 28.68 29.190001 26353700 27.074691
20130726 28.92 29.41 28.91 29.370001 26596600 27.241648
20130729 29.40 29.91 29.299999 29.540001 46576200 27.399328
20130730 29.889999 30.43 29.639999 29.67 44128700 27.519907
20130731 29.440001 29.76 29.209999 29.23 31310500 27.332888
20130801 29.43 29.450001 28.98 29.110001 31702500 27.220677
20130802 28.950001 29.41 28.950001 29.370001 21981200 27.463803
20130805 29.299999 29.360001 29.129999 29.190001 14392700 27.295485
20130806 29.24 29.42 29.18 29.34 24741000 27.435749
20130807 29.27 29.450001 29.190001 29.26 21400900 27.360941
20130808 29.209999 29.299999 29.02 29.129999 22531900 27.239378
20130809 29.08 29.26 29.01 29.209999 19720300 27.314185
20130812 29.07 29.23 29.030001 29.190001 19475900 27.295485
20130813 29.25 29.41 29.10 29.27 20028500 27.370292
20130814 29.219999 29.440001 29.00 29.030001 23936600 27.145869
20130815 28.940001 29.09 28.76 28.799999 27240100 26.930796
20130816 28.66 28.68 28.290001 28.370001 28273600 26.528705
20130819 28.27 28.49 28.23 28.459999 26832900 26.612863
20130820 28.559999 28.75 28.52 28.530001 20293500 26.678321
20130821 28.50 28.58 28.219999 28.24 23225200 26.407142
20130822 28.33 28.33 28.110001 28.16 22738700 26.332334
20130823 28.139999 28.360001 28.09 28.34 18507400 26.500652
20130826 28.33 28.370001 28.02 28.02 20114300 26.201421
20130827 27.92 28.280001 27.76 28.00 24603200 26.182719
20130828 27.950001 28.49 27.809999 28.209999 29224600 26.379088
20130829 28.120001 28.48 28.07 28.10 22075700 26.276229
20130830 28.049999 28.40 28.01 28.209999 29782300 26.379088
20130903 28.379999 28.450001 27.860001 28.01 23685200 26.19207
20130904 28.190001 28.540001 28.07 28.370001 25374500 26.528705
20130905 28.52 28.52 28.16 28.27 20817500 26.435195
20130906 28.280001 28.540001 28.07 28.280001 22281400 26.444547
20130909 28.23 28.360001 28.10 28.299999 21989000 26.463247
20130910 28.379999 28.52 28.280001 28.450001 23756500 26.603513
20130911 28.530001 28.74 28.48 28.67 20080800 26.809234
20130912 28.639999 28.75 28.27 28.309999 28440100 26.472598
20130913 28.389999 28.65 28.32 28.51 21959300 26.659618
20130916 28.74 28.85 28.60 28.709999 22972800 26.846637
20130917 28.66 28.84 28.57 28.639999 22013800 26.78118
20130918 28.73 29.27 28.65 29.040001 30336200 27.155221
20130919 29.040001 29.15 28.65 28.84 33648700 26.9682
20130920 28.969999 29.129999 28.93 28.969999 40498600 27.089762
20130923 28.77 29.040001 28.700001 28.799999 24879500 26.930796
20130924 28.73 28.940001 28.610001 28.709999 19147700 26.846637
20130925 28.690001 28.879999 28.49 28.49 26204700 26.640916
20130926 28.629999 28.700001 28.35 28.52 25489700 26.66897
20130927 28.48 29.00 28.360001 28.879999 28204600 27.005603
20130930 28.709999 28.799999 28.610001 28.73 26434100 26.865339
20131001 28.58 28.950001 28.52 28.889999 23519700 27.014955
20131002 28.690001 29.01 28.639999 29.01 22411500 27.127167
20131003 29.02 29.02 28.690001 28.77 22687200 26.902744
20131004 28.83 29.040001 28.60 29.00 19540400 27.117816
20131007 28.73 28.83 28.620001 28.620001 19423400 26.76248
20131008 28.60 28.690001 28.23 28.24 24954000 26.407142
20131009 28.25 28.440001 28.02 28.290001 31470500 26.453898
20131010 28.620001 28.77 28.290001 28.77 24625300 26.902744
20131011 28.92 28.93 28.629999 28.719999 24403700 26.855988
20131014 28.559999 29.360001 28.549999 29.35 28976800 27.4451
20131015 29.209999 29.280001 29.01 29.16 31498000 27.267431
20131016 29.26 29.809999 29.190001 29.799999 31498600 27.865893
20131017 29.82 30.26 29.690001 30.26 29725100 28.296038
20131018 30.190001 30.74 30.08 30.51 43556200 28.529813
20131021 30.469999 30.639999 30.35 30.40 24066000 28.426951
20131022 30.379999 30.940001 30.33 30.68 32171100 28.688779
20131023 30.65 30.860001 30.58 30.60 24931500 28.613972
20131024 30.68 30.91 30.559999 30.610001 25601200 28.623323
20131025 30.48 30.690001 30.42 30.610001 24435700 28.623323
20131028 30.450001 30.809999 30.450001 30.74 25687400 28.744885
20131029 30.84 31.35 30.82 31.25 34477300 29.221784
20131030 31.25 31.280001 30.799999 30.93 22447900 28.922554
20131031 30.780001 31.07 30.65 30.690001 30359300 28.69813
20131101 30.700001 31.26 30.690001 31.17 28011900 29.146977
20131104 31.16 31.40 31.120001 31.26 18806200 29.231136
20131105 31.190001 31.34 31.02 31.24 18921000 29.212433
20131106 31.23 31.33 30.860001 30.969999 25019400 29.184163
20131107 30.99 31.24 30.91 30.91 25147700 29.127623
20131108 30.879999 31.35 30.73 31.32 25019700 29.513981
20131111 31.219999 31.299999 31.16 31.24 16907700 29.438594
20131112 31.18 31.60 31.120001 31.379999 25209000 29.57052
20131113 31.280001 31.870001 31.280001 31.870001 27179900 30.032267
20131114 31.940001 32.209999 31.780001 32.00 27522400 30.15477
20131115 31.83 32.200001 31.709999 32.200001 24410700 30.343238
20131118 32.080002 32.150002 31.91 32.009998 21917200 30.164192
20131119 31.98 32.02 31.610001 31.66 28822400 29.834375
20131120 31.790001 32.099998 31.65 31.92 20261600 30.079383
20131121 31.85 32.16 31.780001 31.969999 26112800 30.126499
20131122 31.90 32.16 31.799999 32.119999 25414100 30.267849
20131125 32.119999 32.50 32.080002 32.139999 25408200 30.286696
20131126 32.27 32.27 31.879999 31.889999 23278900 30.051112
20131127 32.02 32.080002 31.799999 31.879999 17036200 30.041689
20131129 31.879999 32.02 31.700001 31.73 11843400 29.900339
20131202 31.610001 31.93 31.610001 31.83 18767600 29.994573
20131203 31.690001 31.709999 31.17 31.219999 37129400 29.419747
20131204 31.110001 31.43 31.00 31.27 23786100 29.466865
20131205 31.120001 31.40 31.120001 31.25 20665700 29.448017
20131206 31.549999 31.610001 31.33 31.540001 18913700 29.721296
20131209 31.530001 31.690001 31.41 31.58 21264100 29.758988
20131210 31.41 31.49 31.200001 31.34 22701200 29.532828
20131211 31.309999 31.34 30.52 30.65 35033200 28.882615
20131212 30.549999 30.77 30.209999 30.25 29093800 28.505681
20131213 30.440001 30.48 29.950001 30.25 26081000 28.505681
20131216 30.299999 30.629999 30.139999 30.25 28214700 28.505681
20131217 30.18 30.309999 30.01 30.139999 28653500 28.402023
20131218 30.299999 30.780001 30.01 30.77 34869100 28.995696
20131219 30.780001 31.01 30.610001 30.709999 32703000 28.939155
20131220 30.719999 30.959999 30.25 30.25 62314400 28.505681
20131223 30.459999 30.50 30.17 30.35 22988600 28.599915
20131224 30.440001 30.450001 30.219999 30.290001 10992500 28.543375
20131226 30.370001 30.559999 30.32 30.549999 12056900 28.788381
20131227 30.76 30.85 30.530001 30.639999 11956300 28.873192
20131230 30.540001 30.700001 30.389999 30.690001 14799400 28.92031
20131231 30.620001 30.809999 30.49 30.629999 15164900 28.863768
20140102 30.469999 30.60 30.33 30.459999 17425300 28.703571
20140103 30.389999 30.83 30.379999 30.52 15035400 28.760112
20140106 30.77 30.950001 30.530001 30.549999 23961500 28.788381
20140107 30.860001 31.02 30.74 30.74 22223000 28.967426
20140108 30.780001 30.99 30.65 30.950001 22923200 29.165317
20140109 31.08 31.120001 30.610001 30.93 20581500 29.14647
20140110 30.84 30.950001 30.50 30.690001 21718100 28.92031
20140113 30.860001 31.030001 30.440001 30.540001 23981400 28.778959
20140114 30.58 31.049999 30.549999 31.00 32976600 29.212433
20140115 31.049999 31.309999 30.85 31.18 28816800 29.382054
20140116 31.18 31.42 31.09 31.17 18573100 29.372631
20140117 31.25 31.290001 30.950001 31.09 21623200 29.297244
20140121 31.32 31.41 30.950001 31.23 24056600 29.42917
20140122 31.309999 31.34 31.09 31.27 22347500 29.466865
20140123 31.02 31.23 30.91 31.01 25016500 29.221857
20140124 30.860001 30.959999 30.059999 30.09 36109600 28.354907
20140127 30.040001 30.25 29.66 29.66 33093200 27.949702
20140128 30.440001 30.75 30.129999 30.42 34077000 28.665878
20140129 30.24 30.459999 30.00 30.110001 29218800 28.373754
20140130 30.40 30.85 30.209999 30.82 32099500 29.042812
20140131 30.559999 30.66 30.209999 30.40 41411800 28.647031
20140203 31.030001 31.690001 30.57 30.60 61310600 28.835499
20140204 31.639999 32.00 30.60 31.440001 47228700 29.627062
20140205 30.99 31.18 30.58 30.65 37159800 29.123457
20140206 30.709999 30.91 30.60 30.84 23567000 29.303994
20140207 30.84 31.280001 30.610001 31.219999 27809100 29.665067
20140210 31.26 31.469999 31.129999 31.469999 22591400 29.902616
20140211 31.790001 31.98 31.43 31.879999 24740400 30.292195
20140212 31.870001 32.00 31.549999 31.610001 21258500 30.035644
20140213 31.50 31.85 31.40 31.700001 18867700 30.121162
20140214 31.879999 32.00 31.700001 31.940001 18895600 30.349208
20140218 31.809999 32.09 31.790001 31.879999 19687600 30.292195
20140219 31.92 31.959999 31.440001 31.48 27746900 29.912118
20140220 31.34 31.709999 31.26 31.549999 22456000 29.978631
20140221 31.68 31.77 31.440001 31.459999 18471400 29.893114
20140224 31.99 32.080002 31.530001 31.99 38775000 30.396717
20140225 31.549999 31.99 31.540001 31.889999 27196600 30.301698
20140226 31.74 32.00 31.719999 31.99 25023400 30.396717
20140227 31.870001 32.240002 31.83 32.23 22753300 30.624764
20140228 32.119999 32.41 31.85 32.110001 27517600 30.510741
20140303 31.52 32.139999 31.52 31.98 23791900 30.387215
20140304 32.34 32.740002 32.34 32.689999 26325100 31.061852
20140305 32.650002 32.950001 32.599998 32.75 22451400 31.118865
20140306 32.799999 32.959999 32.41 32.459999 20520900 30.843308
20140307 32.509998 32.66 32.18 32.43 17610800 30.814803
20140310 32.419998 32.549999 32.290001 32.389999 15957400 30.776795
20140311 32.349998 32.619999 32.240002 32.419998 24165700 30.805299
20140312 32.150002 32.57 31.93 31.98 32517500 30.387215
20140313 31.99 32.02 30.91 31.120001 45895700 29.570049
20140314 31.15 31.440001 30.83 31.23 27112600 29.674569
20140317 31.41 31.530001 31.26 31.42 21264200 29.855107
20140318 31.469999 32.060001 31.42 31.93 23080400 30.339706
20140319 31.93 32.080002 31.389999 31.709999 23083000 30.130662
20140320 32.119999 32.119999 31.709999 31.91 22695800 30.320702
20140321 32.330002 32.490002 31.459999 32.18 62118800 30.577255
20140324 31.77 31.90 31.33 31.49 41805200 29.92162
20140325 31.77 31.99 31.59 31.82 21137000 30.235184
20140326 32.009998 32.41 31.67 32.18 31579500 30.577255
20140327 32.279999 32.380001 31.90 32.099998 27744000 30.501237
20140328 32.200001 32.48 31.74 31.879999 21969900 30.292195
20140331 31.959999 32.18 31.83 32.119999 18473200 30.520242
20140401 31.93 32.25 31.75 31.950001 21836600 30.35871
20140402 31.92 32.389999 31.809999 32.290001 21615400 30.681777
20140403 32.43 32.490002 32.18 32.400002 20036000 30.786299
20140404 32.52 32.689999 32.07 32.16 26274500 30.55825
20140407 31.48 31.709999 31.049999 31.200001 54582500 29.646065
20140408 31.26 31.389999 30.85 30.870001 34572700 29.332501
20140409 30.99 31.25 30.620001 31.23 38687000 29.674569
20140410 31.379999 31.43 30.51 30.610001 30444700 29.08545
20140411 30.50 30.50 29.83 29.860001 40821100 28.372804
20140414 30.049999 30.129999 29.58 29.870001 28833800 28.382306
20140415 29.969999 30.15 29.60 29.889999 30079100 28.401309
20140416 30.15 30.219999 29.92 30.09 29503800 28.591348
20140417 30.15 30.40 30.07 30.25 26536800 28.743379
20140421 30.540001 30.940001 30.40 30.860001 30334900 29.322998
20140422 30.85 31.25 30.85 31.00 25974800 29.456025
20140423 31.18 31.18 30.76 30.92 20493200 29.38001
20140424 30.90 30.90 30.200001 30.709999 24963800 29.180468
20140425 30.73 30.799999 30.549999 30.75 18669500 29.218477
20140428 31.59 32.349998 31.370001 32.040001 71421600 30.444228
20140429 32.060001 32.09 31.40 31.76 39659100 30.178173
20140430 31.76 31.940001 31.219999 31.280001 36534500 29.72208
20140501 31.08 31.58 30.940001 31.15 41507800 29.598554
20140502 31.02 31.059999 30.549999 30.75 41708500 29.218477
20140505 30.26 30.27 29.85 29.959999 54902600 28.467822
20140506 30.00 30.01 29.33 29.43 54719800 27.96422
20140507 29.139999 29.48 28.85 29.02 49054400 27.820421
20140508 29.120001 29.440001 28.98 29.17 36093400 27.96422
20140509 29.10 29.209999 28.77 29.030001 38996300 27.830008
20140512 29.34 29.379999 29.030001 29.129999 21654700 27.925873
20140513 29.110001 29.40 29.10 29.200001 26287400 27.992981
20140514 29.139999 29.280001 28.92 29.10 26780700 27.897114
20140515 29.07 29.18 28.91 29.059999 26836900 27.858767
20140516 29.00 29.549999 29.00 29.120001 35704300 27.916288
20140519 29.58 29.709999 29.25 29.280001 40990400 28.069674
20140520 29.540001 29.540001 29.209999 29.25 24872200 28.040913
20140521 29.25 29.92 29.200001 29.57 21443800 28.347685
20140522 29.559999 29.870001 29.549999 29.66 21451900 28.433965
20140523 29.57 29.639999 29.43 29.49 18933500 28.270992
20140527 29.93 29.99 29.57 29.610001 26929400 28.386033
20140528 29.700001 29.82 29.60 29.610001 27369300 28.386033
20140529 29.73 29.76 29.530001 29.60 24470100 28.376446
20140530 29.559999 29.75 29.51 29.629999 26241100 28.405205
20140602 29.59 29.799999 29.59 29.709999 19999100 28.481898
20140603 29.77 29.82 29.549999 29.59 24199900 28.366859
20140604 29.610001 29.74 29.52 29.639999 23406800 28.414792
20140605 29.690001 29.790001 29.48 29.76 19357600 28.529832
20140606 29.809999 29.870001 29.34 29.42 26817100 28.203886
20140609 29.379999 29.43 29.200001 29.35 24414500 28.13678
20140610 29.34 29.50 29.25 29.50 18212300 28.280579
20140611 29.459999 29.549999 29.379999 29.43 18743500 28.213473
20140612 29.379999 29.59 29.35 29.450001 24118100 28.232647
20140613 29.459999 29.60 29.360001 29.530001 19604300 28.30934
20140616 29.50 29.709999 29.32 29.610001 25028500 28.386033
20140617 29.58 29.620001 29.440001 29.48 18283400 28.261405
20140618 29.530001 29.709999 29.34 29.709999 19338200 28.481898
20140619 29.700001 29.709999 29.50 29.59 20307900 28.366859
20140620 29.74 29.92 29.629999 29.780001 31303000 28.549006
20140623 29.809999 29.85 29.33 29.450001 25188500 28.232647
20140624 29.43 29.48 29.299999 29.299999 23354100 28.088846
20140625 29.15 29.84 29.15 29.799999 31518000 28.568178
20140626 29.719999 29.790001 29.48 29.59 19472200 28.366859
20140627 29.67 29.75 29.48 29.67 30672500 28.443552
20140630 29.76 29.84 29.620001 29.68 20566300 28.453139
20140701 29.610001 30.219999 29.59 30.08 25600200 28.836604
20140702 30.059999 30.42 30.00 30.370001 18501700 29.114617
20140703 30.610001 30.639999 30.290001 30.530001 14852900 29.268003
20140707 30.49 30.629999 30.379999 30.49 17593400 29.229656
20140708 30.48 30.49 30.02 30.15 22440400 28.90371
20140709 30.120001 30.200001 29.90 30.049999 20679300 28.807844
20140710 29.76 30.040001 29.58 30.00 20114200 28.759911
20140711 30.040001 30.120001 29.799999 30.07 18359500 28.827017
20140714 30.190001 30.33 30.10 30.24 20483700 28.98999
20140715 30.200001 30.620001 30.200001 30.41 30361000 29.152963
20140716 30.51 30.969999 30.370001 30.959999 35413300 29.680227
20140717 30.799999 31.309999 30.52 30.549999 32682200 29.287175
20140718 30.530001 30.75 30.34 30.73 24403200 29.459735
20140721 30.43 30.639999 30.299999 30.35 22763400 29.095444
20140722 30.549999 30.709999 30.40 30.49 18742300 29.229656
20140723 30.690001 30.690001 30.32 30.389999 21115400 29.133789
20140724 30.370001 30.57 30.32 30.34 14839000 29.085857
20140725 30.32 30.35 30.08 30.190001 14501500 28.942058
20140728 29.790001 30.17 29.780001 30.10 27288700 28.855778
20140729 30.33 30.49 29.690001 29.73 37913600 28.501071
20140730 29.51 29.540001 29.030001 29.26 33990600 28.297977
20140731 29.26 29.32 28.700001 28.700001 38348200 27.756389
20140801 28.700001 29.10 28.690001 28.860001 31341600 27.911128
20140804 28.950001 28.959999 28.60 28.75 24144700 27.804744
20140805 28.58 28.709999 28.290001 28.41 27686500 27.475923
20140806 28.299999 28.389999 28.09 28.280001 23380200 27.350198
20140807 28.440001 28.440001 27.92 28.040001 30515300 27.118089
20140808 28.08 28.40 27.870001 28.34 30110300 27.408225
20140811 28.530001 28.59 28.190001 28.25 22055800 27.321184
20140812 28.26 28.360001 28.030001 28.08 20432900 27.156773
20140813 28.25 28.440001 28.18 28.209999 17455300 27.282498
20140814 28.26 28.790001 28.17 28.73 19995000 27.785401
20140815 28.860001 28.90 28.41 28.639999 21736700 27.69836
20140818 28.75 28.940001 28.690001 28.84 22969600 27.891785
20140819 28.969999 29.030001 28.690001 28.940001 18851400 27.988498
20140820 28.83 28.98 28.74 28.889999 15032900 27.940141
20140821 28.92 28.99 28.74 28.82 24371500 27.872443
20140822 28.860001 28.98 28.82 28.92 16348800 27.969155
20140825 28.93 29.09 28.91 28.91 16920000 27.959484
20140826 29.030001 29.309999 28.959999 29.209999 17192400 28.249619
20140827 29.469999 29.57 29.370001 29.49 23188500 28.520414
20140828 29.43 29.67 29.360001 29.379999 20604000 28.41403
20140829 29.459999 29.49 29.290001 29.389999 16784500 28.423702
20140902 29.209999 29.41 29.16 29.26 20718900 28.297977
20140903 29.450001 29.530001 29.23 29.40 21118100 28.433373
20140904 29.530001 29.549999 29.299999 29.370001 22374100 28.40436
20140905 29.299999 29.66 29.209999 29.65 17570100 28.675153
20140908 29.58 29.65 29.299999 29.40 14627100 28.433373
20140909 29.42 29.440001 29.01 29.23 21640000 28.268962
20140910 29.25 29.530001 29.16 29.440001 19433400 28.472059
20140911 29.389999 29.639999 29.280001 29.629999 18622900 28.65581
20140912 29.469999 29.60 29.34 29.43 18226100 28.462387
20140915 29.440001 29.92 29.379999 29.92 24320600 28.936277
20140916 29.950001 30.120001 29.75 30.049999 19603600 29.062002
20140917 30.190001 30.469999 30.10 30.35 26216500 29.352139
20140918 30.41 30.719999 30.34 30.58 26425800 29.574577
20140919 30.76 30.84 30.26 30.40 35022200 29.400494
20140922 30.26 30.370001 29.98 30.18 24880200 29.187728
20140923 29.83 30.23 29.50 30.049999 29182600 29.062002
20140924 30.110001 30.450001 30.07 30.309999 22080500 29.313453
20140925 30.33 30.370001 29.969999 29.98 22601600 28.994303
20140926 29.969999 29.98 29.559999 29.719999 23789600 28.742852
20140929 29.67 29.84 29.57 29.77 19969800 28.791209
20140930 29.77 29.99 29.549999 29.57 25660500 28.597784
20141001 29.370001 29.41 29.02 29.15 35887900 28.191593
20141002 29.16 29.290001 28.889999 29.059999 28202000 28.104551
20141003 29.290001 29.309999 29.00 29.219999 24077900 28.259291
20141006 29.35 29.41 29.01 29.17 16506300 28.210935
20141007 29.030001 29.120001 28.790001 28.790001 24686600 27.84343
20141008 28.809999 29.389999 28.540001 29.379999 29529100 28.41403
20141009 29.40 29.440001 28.93 28.99 22839100 28.036853
20141010 29.110001 29.469999 29.00 29.129999 32065300 28.17225
20141013 29.16 29.290001 28.42 28.469999 34089400 27.53395
20141014 28.639999 28.799999 28.40 28.459999 23260400 27.524278
20141015 28.190001 28.299999 27.559999 28.190001 41183700 27.263157
20141016 27.870001 28.01 27.51 27.700001 37802500 26.789267
20141017 27.809999 28.01 27.629999 27.83 32572800 26.914992
20141020 27.870001 27.969999 27.60 27.93 38925400 27.011705
20141021 28.120001 28.52 28.00 28.280001 36483600 27.350198
20141022 28.25 28.49 28.01 28.299999 30788600 27.369539
20141023 28.65 28.870001 28.57 28.60 30775100 27.659676
20141024 28.799999 29.27 28.709999 29.110001 28424900 28.152909
20141027 29.09 29.209999 28.950001 29.030001 22967100 28.075539
20141028 29.17 29.299999 28.860001 29.09 32382400 28.133566
20141029 29.15 29.629999 29.040001 29.49 27338700 28.520414
20141030 29.389999 29.98 29.389999 29.84 21097200 28.858907
20141031 30.01 30.200001 29.809999 29.950001 25195200 28.965291
20141103 29.90 30.200001 29.860001 30.190001 21734700 29.1974
20141104 30.139999 30.299999 29.870001 30.280001 24386100 29.284441
20141105 30.370001 30.41 29.950001 30.040001 19808500 29.303951
20141106 30.08 30.26 29.969999 30.040001 16517400 29.303951
20141107 30.129999 30.129999 29.76 29.92 17268000 29.18689
20141110 29.959999 30.280001 29.809999 30.200001 22840400 29.46003
20141111 30.18 30.40 30.10 30.32 15729800 29.577089
20141112 30.23 30.540001 30.23 30.42 23469600 29.674639
20141113 30.52 30.620001 30.26 30.42 14351500 29.674639
20141114 30.379999 30.559999 30.219999 30.34 18132900 29.596599
20141117 29.91 30.41 29.879999 30.32 26236500 29.577089
20141118 30.49 30.68 30.299999 30.59 20235200 29.840474
20141119 30.42 30.559999 30.280001 30.440001 15876500 29.694149
20141120 30.33 30.49 30.25 30.440001 16476900 29.694149
20141121 30.75 30.780001 30.200001 30.450001 27597800 29.703905
20141124 30.530001 30.629999 30.120001 30.219999 32752600 29.479539
20141125 30.209999 30.66 30.18 30.469999 25506900 29.723413
20141126 30.65 31.120001 30.59 31.10 27476000 30.337978
20141128 31.129999 31.639999 31.059999 31.15 20278700 30.386752
20141201 30.879999 31.51 30.879999 31.26 22951400 30.494057
20141202 31.440001 31.620001 31.280001 31.57 25356400 30.796461
20141203 31.50 31.780001 31.309999 31.75 31455600 30.972051
20141204 31.559999 31.82 31.35 31.67 19076300 30.894011
20141205 31.65 32.150002 31.60 31.99 24854300 31.20617
20141208 31.780001 32.220001 31.76 31.969999 26867200 31.18666
20141209 31.549999 32.009998 31.450001 31.950001 26384400 31.167151
20141210 32.00 32.169998 31.75 31.860001 30217200 31.079356
20141211 31.860001 33.119999 31.51 31.65 26365200 30.874501
20141212 31.34 31.440001 30.860001 30.950001 27514300 30.191653
20141215 31.129999 31.15 30.690001 30.860001 31734600 30.103858
20141216 30.83 31.559999 30.639999 30.67 23675700 29.918513
20141217 30.700001 31.35 30.58 31.120001 24657000 30.357488
20141218 31.52 32.00 31.42 31.969999 35927000 31.18666
20141219 31.91 32.09 31.610001 31.940001 44949800 31.157396
20141222 31.860001 32.119999 31.620001 32.09 18395000 31.30372
20141223 32.18 32.23 30.77 31.450001 34796500 30.679402
20141224 31.440001 31.65 31.40 31.42 10823000 30.650137
20141226 31.50 31.84 31.299999 31.65 8606400 30.874501
20141229 31.459999 31.620001 31.379999 31.389999 12675500 30.620871
20141230 31.280001 31.49 31.24 31.379999 11033200 30.611116
20141231 31.18 31.700001 31.139999 31.15 14930000 30.386752
20150102 31.27 31.780001 31.219999 31.33 15532800 30.562342
20150105 31.35 31.41 31.01 31.16 23516500 30.396507
20150106 31.27 31.860001 31.120001 31.42 27958900 30.650137
20150107 31.719999 31.870001 31.58 31.85 19211400 31.069601
20150108 32.34 32.639999 32.220001 32.50 46650400 31.703674
20150109 32.48 32.700001 32.419998 32.650002 24746700 31.85
20150112 32.669998 32.880001 32.610001 32.77 23593800 31.967059
20150113 32.880001 33.23 32.119999 32.439999 34145700 31.645143
20150114 32.209999 32.720001 32.130001 32.48 30646800 31.684164
20150115 32.48 32.77 32.25 32.400002 25625800 31.606126
20150116 32.290001 32.82 32.259998 32.799999 23858300 31.996323
20150120 32.970001 33.110001 32.540001 33.099998 42172100 32.288971
20150121 32.919998 33.50 32.560001 32.639999 33233200 31.840243
20150122 32.669998 32.830002 32.049999 32.810001 29780900 32.00608
20150123 32.869999 32.900002 32.43 32.450001 25975900 31.6549
20150126 32.470001 32.849998 32.169998 32.799999 26836400 31.996323
20150127 32.34 33.349998 32.299999 32.599998 40543000 31.801222
20150128 32.57 33.139999 31.51 31.950001 32044100 31.167151
20150129 31.91 31.959999 31.540001 31.83 29161200 31.050091
20150130 31.67 31.799999 31.200001 31.25 43070800 30.484302
20150202 31.440001 31.65 31.02 31.65 23292200 30.874501
20150203 31.84 32.16 31.459999 32.02 33003100 31.235436
20150204 31.969999 32.27 31.719999 32.07 36690100 31.560189
20150205 33.040001 33.200001 32.599998 32.990002 59443700 32.465566
20150206 32.959999 33.419998 32.73 33.169998 34639800 32.642701
20150209 32.98 33.360001 32.849998 33.07 30584800 32.544293
20150210 33.48 34.220001 33.41 34.150002 59424400 33.607126
20150211 34.00 34.509998 34.00 34.25 39444600 33.705535
20150212 34.279999 34.970001 34.23 34.869999 43656800 34.315678
20150213 34.700001 34.950001 34.509998 34.639999 23389600 34.089334
20150217 34.540001 34.84 34.470001 34.580002 22867200 34.030291
20150218 34.580002 34.580002 34.240002 34.48 21626200 33.931878
20150219 34.330002 34.470001 34.110001 34.41 26658400 33.862991
20150220 34.27 34.580002 34.099998 34.560001 26285600 34.010608
20150223 34.110001 34.52 34.060001 34.389999 23134600 33.843309
20150224 34.220001 34.34 34.080002 34.34 19357500 33.794104
20150225 34.25 34.790001 33.93 34.66 37220000 34.109017
20150226 34.470001 34.720001 34.380001 34.59 19902800 34.04013
20150227 34.439999 34.66 34.290001 34.32 24388900 33.774422
20150302 34.32 34.799999 34.060001 34.77 21352000 34.217269
20150303 34.75 34.889999 34.41 34.560001 24045200 34.010608
20150304 34.490002 34.77 34.259998 34.639999 19387700 34.089334
20150305 34.73 34.810001 34.400002 34.470001 23451000 33.922039
20150306 34.25 34.459999 33.75 33.970001 39924600 33.429987
20150309 33.869999 34.18 33.66 34.029999 31174600 33.489031
20150310 33.830002 34.130001 33.66 33.779999 38277700 33.243005
20150311 33.98 34.099998 33.630001 33.630001 25613700 33.095392
20150312 33.810001 34.060001 33.779999 34.00 28177500 33.459509
20150313 33.919998 34.00 33.700001 34.00 28080500 33.459509
20150316 34.080002 34.560001 33.959999 34.439999 29047100 33.892513
20150317 34.119999 34.299999 33.939999 34.169998 20632600 33.626805
20150318 34.029999 34.50 33.75 34.380001 33133900 33.833469
20150319 34.279999 34.380001 34.07 34.150002 20437400 33.607126
20150320 34.130001 34.470001 33.98 34.25 59160700 33.705535
20150323 34.509998 35.450001 34.490002 35.049999 50806000 34.492817
20150324 34.939999 35.00 34.50 34.52 33163100 33.971243
20150325 34.610001 35.00 34.27 34.299999 29206100 33.754739
20150326 34.110001 34.400002 33.950001 34.16 24826900 33.616965
20150327 34.439999 34.599998 34.23 34.529999 22840400 33.981082
20150330 34.599998 35.220001 34.549999 35.00 25512700 34.443612
20150331 34.889999 35.130001 34.759998 34.790001 26506600 34.236951
20150401 34.84 34.84 34.110001 34.330002 32242900 33.784265
20150402 34.419998 34.630001 34.220001 34.380001 25111800 33.833469
20150406 34.419998 34.810001 34.23 34.48 21480500 33.931878
20150407 34.630001 34.889999 34.509998 34.540001 14331200 33.990926
20150408 34.509998 34.84 34.419998 34.639999 22974500 34.089334
20150409 34.639999 35.060001 34.380001 35.029999 29283200 34.473134
20150410 34.919998 35.470001 34.900002 35.439999 24353700 34.876616
20150413 35.349998 35.529999 35.009998 35.09 34303200 34.532182
20150414 35.049999 35.310001 34.91 35.029999 15981700 34.473134
20150415 35.400002 35.470001 35.119999 35.209999 29576100 34.650273
20150416 35.07 35.290001 35.02 35.189999 19580400 34.63059
20150417 35.00 35.07 34.779999 35.040001 28715000 34.482977
20150420 35.040001 35.240002 34.939999 35.009998 22402800 34.453451
20150421 35.099998 35.400002 34.799999 34.889999 22065400 34.33536
20150422 34.82 35.09 34.799999 34.93 14566300 34.374725
20150423 34.889999 35.400002 34.82 35.360001 22705900 34.79789
20150424 35.200001 35.400002 35.049999 35.27 22801300 34.70932
20150427 35.34 35.459999 34.419998 34.59 42492100 34.04013
20150428 34.740002 34.880001 34.150002 34.48 46166800 33.931878
20150429 34.169998 34.459999 33.950001 34.290001 37545400 33.7449
20150430 34.110001 34.23 33.709999 33.93 27709100 33.390622
20150501 33.860001 34.209999 33.860001 34.080002 21543400 33.538239
20150504 34.110001 34.509998 34.049999 34.32 23590400 33.774422
20150505 34.369999 34.43 34.009998 34.119999 22382200 33.5776
20150506 33.75 33.900002 33.209999 33.459999 26859500 33.200547
20150507 33.439999 33.75 33.330002 33.580002 21508500 33.31962
20150508 33.810001 34.150002 33.799999 34.02 20411800 33.756206
20150511 34.09 34.259998 33.939999 33.959999 26469500 33.69667
20150512 33.810001 33.959999 33.720001 33.779999 17889900 33.518066
20150513 33.77 33.799999 33.48 33.529999 23762500 33.270004
20150514 33.709999 33.990002 33.66 33.939999 17894500 33.676825
20150515 34.00 34.060001 33.919998 33.990002 16886800 33.72644
20150518 33.98 34.060001 33.900002 33.98 24619200 33.716516
20150519 33.869999 34.389999 33.84 34.209999 20854700 33.944732
20150520 34.299999 34.490002 34.27 34.299999 15316900 34.034034
20150521 34.23 34.490002 34.209999 34.360001 18112200 34.09357
20150522 34.32 34.490002 34.23 34.279999 12973500 34.014189
20150526 34.18 34.34 34.029999 34.110001 18863600 33.845509
20150527 34.209999 34.470001 34.07 34.299999 22041400 34.034034
20150528 34.459999 34.529999 34.27 34.439999 15817200 34.172948
20150529 34.48 34.990002 34.41 34.75 50083300 34.480545
20150601 34.77 34.919998 34.529999 34.560001 27551600 34.29202
20150602 34.639999 34.66 34.349998 34.490002 18666200 34.222563
20150603 34.549999 34.66 34.279999 34.41 17201200 34.143182
20150604 34.200001 34.560001 34.110001 34.240002 20659100 33.974502
20150605 34.189999 34.279999 33.93 34.09 23067800 33.825663
20150608 33.970001 34.16 33.919998 33.98 17670300 33.716516
20150609 34.049999 34.130001 33.889999 34.009998 23211100 33.746282
20150610 34.080002 34.43 34.049999 34.310001 23674000 34.043959
20150611 34.32 34.57 34.259998 34.459999 20155500 34.192793
20150612 34.299999 34.459999 34.099998 34.209999 21685500 33.944732
20150615 34.060001 34.119999 33.860001 34.040001 20933600 33.776052
20150616 34.060001 34.099998 33.810001 34.040001 20668900 33.776052
20150617 34.049999 34.18 33.849998 33.98 20993500 33.716516
20150618 34.080002 34.509998 34.049999 34.369999 24510800 34.103491
20150619 34.23 34.509998 34.18 34.18 28879000 33.914966
20150622 34.34 34.50 34.279999 34.310001 14041000 34.043959
20150623 34.41 34.59 34.34 34.50 18452400 34.232484
20150624 34.34 34.52 34.23 34.23 23080400 33.964577
20150625 34.209999 34.34 33.919998 34.02 23025300 33.756206
20150626 34.169998 34.290001 33.869999 33.919998 35670300 33.65698
20150629 33.73 34.119999 33.529999 33.59 28839500 33.32954
20150630 33.790001 33.790001 33.330002 33.529999 35018700 33.270004
20150701 33.560001 33.860001 33.41 33.689999 28218500 33.428763
20150702 33.740002 34.439999 33.349998 33.369999 22627200 33.111245
20150706 33.299999 33.639999 33.080002 33.25 20992400 32.992177
20150707 33.34 33.84 33.150002 33.73 25852800 33.468454
20150708 33.549999 33.73 33.389999 33.450001 20209900 33.190627
20150709 33.849998 33.98 33.73 33.860001 22112000 33.597447
20150710 34.240002 34.439999 34.150002 34.360001 21146400 34.09357
20150713 34.52 34.849998 34.490002 34.82 18226200 34.550002
20150714 34.759998 35.150002 34.709999 35.080002 18496500 34.807988
20150715 35.02 35.119999 34.91 34.98 19466200 34.708762
20150716 35.139999 35.200001 35.029999 35.099998 15311800 34.82783
20150717 35.009998 35.080002 34.919998 35.07 16775600 34.798064
20150720 35.130001 35.369999 35.080002 35.240002 14519000 34.966748
20150721 35.240002 35.34 34.880001 35.139999 17658600 34.867521
20150722 35.060001 35.200001 34.77 34.880001 17624900 34.609538
20150723 34.990002 35.00 34.630001 34.779999 12718100 34.510312
20150724 34.630001 34.720001 34.150002 34.259998 21428100 33.994343
20150727 34.169998 34.400002 33.880001 34.34 31323700 34.073725
20150728 34.939999 35.470001 34.400002 35.349998 36671100 35.075891
20150729 35.48 36.130001 35.439999 35.759998 45343500 35.482712
20150730 35.68 36.00 35.389999 35.73 21501900 35.452946
20150731 35.91 36.459999 35.869999 36.060001 29004400 35.780389
20150803 36.290001 36.299999 35.900002 36.150002 17096400 35.869691
20150804 36.220001 36.220001 35.82 36.110001 25733300 35.830001
20150805 36.07 36.169998 35.779999 35.82 24247800 35.82
20150806 35.959999 35.98 35.029999 35.169998 24471400 35.169998
20150807 35.169998 35.299999 34.869999 35.189999 14652000 35.189999
20150810 35.209999 35.470001 35.130001 35.360001 15579700 35.360001
20150811 35.209999 35.240002 34.939999 35.119999 18745700 35.119999
20150812 34.869999 35.470001 34.709999 35.369999 27597700 35.369999
20150813 35.380001 35.619999 34.919998 35.360001 19291500 35.360001
20150814 35.369999 35.50 35.040001 35.32 17983700 35.32
20150817 35.110001 35.529999 35.00 35.50 13880900 35.50
20150818 35.389999 35.599998 35.279999 35.52 13270100 35.52
20150819 35.369999 35.490002 34.959999 35.27 17807700 35.27
20150820 34.919998 35.139999 34.549999 34.549999 18745200 34.549999
20150821 34.240002 34.57 33.540001 33.540001 33367500 33.540001
20150824 31.969999 33.25 28.469999 32.130001 51273500 32.130001
20150825 33.200001 33.220001 31.32 31.34 41968800 31.34
20150826 32.080002 32.549999 31.35 32.43 43456200 32.43
20150827 32.779999 33.619999 32.669998 33.259998 37471000 33.259998
20150828 33.299999 33.360001 32.50 32.66 33429500 32.66
20150831 32.709999 32.720001 31.959999 32.220001 31899500 32.220001
20150901 31.459999 31.870001 31.190001 31.360001 38919300 31.360001
20150902 31.93 31.969999 31.379999 31.969999 31320000 31.969999
20150903 32.27 32.419998 31.76 31.889999 20582500 31.889999
20150904 31.450001 31.719999 31.129999 31.370001 22549600 31.370001
20150908 31.83 32.57 31.83 32.529999 25783500 32.529999
20150909 33.00 33.029999 31.870001 31.959999 21228600 31.959999
20150910 31.99 32.790001 31.940001 32.619999 31143400 32.619999
20150911 32.57 32.990002 32.349998 32.970001 22307700 32.970001
20150914 32.939999 33.040001 32.580002 32.709999 15561800 32.709999
20150915 32.950001 33.349998 32.810001 33.169998 20802600 33.169998
20150916 32.98 33.279999 32.709999 33.18 21344000 33.18
20150917 33.169998 33.959999 33.130001 33.48 24969000 33.48
20150918 33.080002 33.43 32.84 32.849998 36005100 32.849998
20150921 33.099998 33.330002 32.240002 32.419998 23545300 32.419998
20150922 31.98 32.330002 31.84 32.259998 23057300 32.259998
20150923 32.220001 32.810001 32.189999 32.619999 24401300 32.619999
20150924 32.360001 32.880001 32.07 32.700001 29841000 32.700001
20150925 32.959999 33.099998 31.65 31.889999 34311600 31.889999
