20130102 68.650002 69.389999 68.349998 69.389999 9987000 63.736154
20130103 69.440002 69.50 68.940002 68.949997 7741900 63.332003
20130104 69.010002 69.169998 68.68 69.089996 5853700 63.460595
20130107 68.919998 68.919998 68.379997 68.620003 5269800 63.028896
20130108 68.519997 68.730003 68.400002 68.510002 7362000 62.927858
20130109 68.769997 69.110001 68.610001 68.879997 5762900 63.267707
20130110 68.980003 69.290001 68.68 69.269997 12855000 63.625929
20130111 69.300003 69.300003 69.010002 69.220001 12193500 63.580007
20130114 69.309998 69.970001 69.230003 69.629997 11570700 63.956597
20130115 69.160004 69.959999 69.150002 69.879997 7563400 64.186227
20130116 69.419998 69.699997 69.110001 69.339996 7061000 64.206596
20130117 69.559998 69.959999 69.339996 69.669998 6263300 64.512167
20130118 69.690002 70.00 69.669998 69.940002 10610800 64.762183
20130122 69.860001 69.980003 69.75 69.949997 8313600 64.771437
20130123 69.839996 70.699997 69.800003 70.690002 10588600 65.456659
20130124 70.68 70.849998 70.199997 70.419998 8877200 65.206643
20130125 71.75 73.25 71.75 73.25 28760300 67.827134
20130128 73.730003 74.230003 73.190002 73.769997 14010000 68.308634
20130129 73.550003 75.309998 73.519997 75.00 17576700 69.447577
20130130 74.75 75.480003 74.669998 75.080002 12677800 69.521656
20130131 74.830002 75.260002 74.669998 75.160004 11661500 69.595735
20130201 75.300003 75.970001 75.169998 75.919998 12204000 70.299466
20130204 75.690002 75.800003 74.949997 75.25 11086000 69.679069
20130205 75.440002 76.690002 75.32 75.699997 14851700 70.095752
20130206 75.32 76.190002 75.040001 76.150002 17015800 70.512441
20130207 75.980003 76.419998 75.790001 76.150002 9897000 70.512441
20130208 76.150002 76.480003 75.559998 75.75 9130700 70.142053
20130211 75.410004 75.919998 75.120003 75.809998 6928200 70.197609
20130212 75.959999 76.309998 75.809998 75.980003 6281000 70.355028
20130213 76.010002 76.580002 75.980003 76.559998 7113300 70.892084
20130214 76.300003 76.970001 76.25 76.779999 10049400 71.095798
20130215 76.720001 76.959999 76.209999 76.540001 11165600 70.873568
20130219 76.559998 77.769997 76.489998 77.379997 11783500 71.651378
20130220 77.269997 77.519997 76.919998 77.080002 9275400 71.373591
20130221 76.279999 77.199997 75.900002 77.040001 10305200 71.336552
20130222 77.050003 77.190002 76.75 76.989998 8433200 71.290251
20130225 77.07 77.669998 75.919998 75.919998 9970400 70.299466
20130226 75.989998 76.379997 75.769997 76.080002 8378900 70.447624
20130227 75.949997 76.949997 75.699997 76.75 7567800 71.06802
20130228 76.660004 76.910004 76.169998 76.18 10466900 70.540219
20130301 75.699997 76.720001 75.559998 76.489998 9599700 70.827267
20130304 76.25 76.68 75.970001 76.68 7631000 71.003203
20130305 76.779999 77.389999 76.720001 77.050003 9716200 71.345814
20130306 77.010002 77.449997 76.809998 77.199997 7194700 71.484703
20130307 77.220001 77.489998 76.779999 76.900002 7111400 71.206917
20130308 77.010002 77.199997 76.459999 77.18 7252800 71.466187
20130311 77.019997 77.389999 76.900002 77.349998 6621000 71.6236
20130312 77.190002 77.449997 77.00 77.169998 7016700 71.456925
20130313 77.07 77.099998 76.519997 76.800003 6340300 71.114322
20130314 76.870003 77.470001 76.830002 77.389999 8079100 71.660639
20130315 77.080002 77.379997 76.339996 76.339996 15237000 70.68837
20130318 75.900002 76.550003 75.800003 76.160004 7081800 70.521703
20130319 76.139999 77.18 76.110001 77.110001 9326400 71.401369
20130320 77.290001 77.82 77.269997 77.580002 8615800 71.836575
20130321 77.419998 77.669998 77.139999 77.209999 6319500 71.493965
20130322 77.18 77.449997 77.00 77.269997 5868400 71.549521
20130325 77.269997 77.620003 76.440002 76.68 6843600 71.003203
20130326 77.019997 77.50 76.889999 77.400002 5386000 71.669901
20130327 76.980003 77.110001 76.57 77.059998 5274600 71.355068
20130328 76.949997 77.160004 76.660004 77.059998 8016700 71.355068
20130401 76.849998 77.849998 76.730003 77.699997 7266000 71.947687
20130402 77.839996 79.150002 77.650002 78.959999 13373600 73.114408
20130403 78.879997 79.080002 77.839996 78.120003 8426700 72.336599
20130404 78.32 78.980003 78.25 78.540001 8770600 72.725503
20130405 77.879997 78.389999 77.830002 78.230003 6562600 72.438456
20130408 78.120003 78.879997 77.879997 78.790001 6284500 72.956995
20130409 78.82 78.889999 78.07 78.260002 6760600 72.466234
20130410 78.489998 79.489998 78.43 79.239998 7947600 73.373678
20130411 79.370003 80.129997 79.330002 79.669998 11831600 73.771844
20130412 79.510002 80.660004 79.470001 80.080002 9383400 74.151495
20130415 79.790001 80.839996 79.599998 79.650002 10877200 73.753328
20130416 79.830002 80.209999 79.370003 80.099998 9365600 74.170011
20130417 79.980003 80.139999 78.849998 79.059998 10964600 73.207004
20130418 79.089996 80.18 79.059998 79.870003 10896200 73.957042
20130419 80.370003 81.699997 80.199997 81.43 13147600 75.40155
20130422 81.309998 81.589996 81.120003 81.400002 7530300 75.373772
20130423 81.459999 82.540001 80.510002 82.540001 12684800 76.429374
20130424 79.489998 79.610001 76.93 77.120003 25708200 71.93529
20130425 77.669998 77.669998 76.349998 76.580002 14702300 71.431593
20130426 76.720001 77.220001 76.580002 77.099998 8769100 71.916631
20130429 77.559998 77.980003 77.230003 77.68 6638100 72.45764
20130430 77.860001 77.889999 76.599998 76.769997 9653800 71.608815
20130501 76.830002 77.769997 76.720001 76.989998 8388800 71.814026
20130502 77.389999 78.279999 77.139999 77.760002 7288200 72.532263
20130503 78.099998 78.459999 77.660004 78.190002 7884000 72.933355
20130506 78.029999 78.400002 77.519997 77.75 7204200 72.522933
20130507 77.980003 78.199997 77.269997 77.940002 9574200 72.700162
20130508 77.900002 78.510002 77.230003 78.440002 12067300 73.166548
20130509 78.57 78.889999 78.019997 78.209999 7189400 72.952007
20130510 78.410004 78.790001 78.230003 78.760002 6162500 73.465034
20130513 78.510002 78.970001 78.419998 78.589996 5420200 73.306458
20130514 78.93 79.470001 78.739998 79.470001 6867400 74.1273
20130515 79.470001 81.00 79.470001 80.68 11154400 75.255952
20130516 80.489998 80.739998 79.889999 80.199997 8065600 74.808219
20130517 79.910004 80.18 79.309998 80.019997 8549900 74.64032
20130520 79.980003 79.980003 78.779999 79.089996 7307300 73.772843
20130521 79.169998 79.220001 78.220001 78.800003 7377700 73.502346
20130522 78.839996 79.68 78.620003 78.82 8873300 73.520998
20130523 78.269997 79.110001 78.230003 78.699997 7141200 73.409063
20130524 81.879997 82.349998 81.440002 81.879997 25580900 76.375274
20130528 82.050003 82.129997 80.769997 80.860001 14372700 75.423851
20130529 80.160004 80.25 78.870003 78.900002 9992500 73.595621
20130530 78.900002 79.879997 78.900002 79.089996 14761500 73.772843
20130531 78.790001 78.809998 76.75 76.760002 16461900 71.599492
20130603 76.870003 77.699997 76.120003 77.660004 11720600 72.438987
20130604 77.709999 78.470001 76.75 77.370003 11379300 72.168483
20130605 77.080002 77.209999 76.629997 76.660004 8826900 71.506217
20130606 76.559998 76.970001 75.830002 76.82 11099900 71.655456
20130607 77.440002 78.279999 77.269997 77.75 7839500 72.522933
20130610 77.690002 78.220001 77.260002 78.07 8966400 72.82142
20130611 77.68 78.75 77.449997 78.120003 6781200 72.868061
20130612 78.639999 78.889999 77.480003 77.599998 7834200 72.383016
20130613 77.540001 78.690002 77.139999 78.43 6927700 73.157218
20130614 78.489998 78.790001 77.669998 78.029999 6825900 72.784108
20130617 78.260002 79.470001 78.25 78.959999 7359900 73.651585
20130618 78.949997 79.230003 78.699997 79.040001 6051400 73.726209
20130619 79.050003 79.470001 77.589996 77.610001 7424500 72.392346
20130620 77.209999 77.330002 75.099998 75.25 15555700 70.191006
20130621 76.25 77.529999 75.690002 77.43 20055700 72.224447
20130624 76.949997 77.43 75.629997 76.580002 12563300 71.431593
20130625 77.099998 77.239998 76.290001 76.690002 7909400 71.534199
20130626 77.230003 77.589996 77.019997 77.400002 7326500 72.196465
20130627 77.959999 78.379997 77.57 77.669998 14731500 72.44831
20130628 77.620003 77.940002 76.900002 76.989998 9865300 71.814026
20130701 77.019997 78.449997 77.00 78.019997 6699200 72.774778
20130702 77.949997 78.610001 77.709999 78.440002 10228500 73.166548
20130703 78.279999 78.75 77.43 78.57 5339900 73.287805
20130705 78.889999 79.019997 77.779999 78.339996 7264700 73.073265
20130708 78.540001 79.080002 78.50 78.760002 11141400 73.465034
20130709 79.07 79.900002 79.07 79.57 11456200 74.220576
20130710 79.650002 80.099998 79.300003 79.800003 6862800 74.435117
20130711 80.550003 80.989998 80.290001 80.769997 9185400 75.339898
20130712 80.669998 81.639999 80.669998 81.550003 12586300 76.067466
20130715 81.370003 81.589996 80.849998 81.510002 10024700 76.030154
20130716 81.32 81.370003 80.910004 80.970001 11208600 75.526457
20130717 80.489998 80.849998 80.010002 80.089996 7644300 75.265196
20130718 80.029999 80.75 80.029999 80.300003 5526000 75.462551
20130719 80.360001 81.410004 80.050003 81.370003 7862600 76.468092
20130722 81.230003 81.449997 80.900002 81.220001 4813600 76.327127
20130723 81.220001 81.400002 80.779999 80.949997 4311700 76.073388
20130724 80.949997 81.00 80.129997 80.269997 5606600 75.434353
20130725 80.010002 80.57 79.839996 80.410004 6239900 75.565925
20130726 80.019997 80.419998 79.389999 80.389999 6543500 75.547126
20130729 80.099998 80.449997 80.050003 80.089996 4389400 75.265196
20130730 80.489998 80.900002 80.160004 80.440002 6434100 75.594117
20130731 80.440002 81.410004 80.160004 80.300003 11857000 75.462551
20130801 81.620003 82.230003 81.209999 81.639999 10724800 76.721823
20130802 81.419998 81.50 80.559998 81.290001 6626300 76.39291
20130805 81.050003 81.650002 80.959999 81.400002 4662800 76.496283
20130806 81.300003 81.970001 81.300003 81.739998 6212500 76.815798
20130807 81.410004 82.209999 81.379997 81.959999 5828500 77.022546
20130808 82.110001 82.400002 81.510002 82.169998 6207900 77.219894
20130809 81.919998 82.059998 81.190002 81.639999 6127200 76.721823
20130812 81.230003 81.730003 81.040001 81.620003 4922200 76.703031
20130813 81.779999 81.989998 81.330002 81.660004 4936400 76.740622
20130814 81.669998 81.779999 81.190002 81.25 5167500 76.355318
20130815 80.959999 81.080002 80.169998 80.480003 7415300 75.631708
20130816 80.269997 80.480003 79.059998 79.900002 9451600 75.086647
20130819 79.639999 80.089996 79.419998 79.589996 5959400 74.795317
20130820 79.720001 80.099998 79.279999 79.529999 5172500 74.738934
20130821 79.50 80.120003 79.050003 79.379997 7390900 74.597969
20130822 79.300003 80.050003 78.870003 79.769997 6274400 74.964474
20130823 79.870003 80.07 79.589996 80.010002 5219600 75.190021
20130826 79.919998 79.980003 78.529999 78.540001 6385400 73.808576
20130827 77.870003 78.360001 77.330002 77.970001 7052200 73.272914
20130828 77.860001 77.860001 76.849998 76.849998 9008500 72.220383
20130829 76.760002 77.839996 76.419998 77.309998 5961000 72.65267
20130830 77.529999 78.07 73.610001 77.889999 9039100 73.197732
20130903 78.269997 78.419998 77.440002 77.75 6743800 73.066166
20130904 77.519997 77.75 77.120003 77.489998 6031300 72.821827
20130905 77.580002 77.629997 76.830002 77.139999 7163200 72.492913
20130906 77.120003 77.610001 76.400002 77.150002 6977400 72.502313
20130909 77.370003 78.199997 77.370003 78.160004 6089300 73.45147
20130910 78.50 78.639999 77.779999 77.949997 6650200 73.254115
20130911 77.260002 78.269997 77.25 78.269997 7049800 73.554837
20130912 78.400002 78.800003 78.169998 78.260002 6944900 73.545445
20130913 78.440002 79.18 78.410004 79.050003 4894100 74.287854
20130916 79.720001 80.209999 79.709999 80.160004 7512800 75.330986
20130917 79.959999 80.25 79.639999 79.830002 5457700 75.020864
20130918 79.059998 80.480003 78.529999 80.300003 10372100 75.462551
20130919 80.50 80.529999 79.779999 80.120003 8157300 75.293395
20130920 80.089996 80.18 79.389999 79.389999 11146100 74.607368
20130923 79.199997 79.580002 78.669998 79.279999 6304900 74.503994
20130924 78.970001 79.480003 78.589996 78.620003 7692100 73.883758
20130925 78.839996 79.00 77.709999 77.720001 7589300 73.037975
20130926 77.910004 78.139999 77.620003 78.050003 4632600 73.348096
20130927 77.75 77.75 76.769997 77.209999 6551300 72.558696
20130930 76.800003 77.160004 75.349998 75.589996 15028300 71.036286
20131001 75.519997 76.50 75.440002 76.160004 8076100 71.571955
20131002 75.910004 76.139999 75.419998 75.93 8522900 71.355807
20131003 75.889999 76.139999 75.199997 75.839996 9251600 71.271225
20131004 75.980003 76.120003 75.510002 76.019997 4984700 71.440382
20131007 75.660004 76.099998 75.480003 75.650002 6373300 71.092676
20131008 76.389999 77.00 76.050003 76.330002 9656600 71.731712
20131009 76.580002 77.160004 76.099998 76.949997 8470700 72.314357
20131010 77.410004 77.919998 77.150002 77.889999 10121900 73.197732
20131011 78.00 78.489998 77.809998 78.480003 6082200 73.752193
20131014 78.010002 78.800003 77.93 78.739998 6326100 73.996524
20131015 78.379997 78.610001 77.440002 77.599998 11192500 72.925201
20131016 77.349998 78.489998 77.260002 78.339996 6562600 74.196215
20131017 78.190002 79.470001 77.980003 79.419998 8671300 75.219091
20131018 79.389999 79.57 78.779999 79.410004 7958500 75.209625
20131021 79.269997 79.32 78.440002 78.970001 6478700 74.792896
20131022 79.309998 80.610001 79.279999 80.379997 9572300 76.128311
20131023 80.339996 81.25 80.25 80.910004 8960700 76.630283
20131024 80.769997 80.949997 80.25 80.610001 7521100 76.346148
20131025 80.550003 80.720001 79.510002 80.00 9606500 75.768414
20131028 80.110001 81.860001 79.949997 81.300003 9820900 76.999653
20131029 81.459999 82.620003 81.099998 82.459999 9482900 78.098291
20131030 82.529999 82.559998 81.230003 81.519997 6490000 77.20801
20131031 81.199997 81.599998 80.720001 80.75 7786800 76.478742
20131101 80.68 81.330002 80.639999 81.150002 6802300 76.857586
20131104 81.459999 81.730003 80.910004 81.330002 5460100 77.028065
20131105 81.129997 81.739998 80.849998 81.43 4949300 77.122774
20131106 81.639999 83.099998 81.330002 82.809998 9526400 78.429777
20131107 82.910004 83.099998 82.110001 82.32 10087700 77.965697
20131108 82.279999 82.57 81.669998 82.510002 9768400 78.14565
20131111 82.349998 82.68 82.019997 82.260002 6173600 77.908873
20131112 82.230003 83.040001 82.120003 82.800003 8201700 78.420311
20131113 82.57 83.50 82.459999 83.50 7581600 79.083282
20131114 83.43 84.459999 83.43 84.32 7580500 79.859908
20131115 84.169998 84.919998 84.160004 84.839996 9664700 80.352399
20131118 84.790001 84.940002 84.18 84.57 8507300 80.096684
20131119 84.309998 84.589996 84.209999 84.339996 7924200 79.878847
20131120 84.309998 84.980003 84.239998 84.690002 7680900 80.210339
20131121 84.839996 84.889999 84.510002 84.669998 7287700 80.191393
20131122 84.529999 85.00 84.230003 84.949997 7436200 80.456581
20131125 84.959999 85.82 84.849998 85.410004 9670500 80.892256
20131126 85.199997 85.760002 84.639999 84.639999 7111600 80.162981
20131127 84.879997 84.889999 84.019997 84.279999 4905000 79.822023
20131129 84.769997 85.209999 84.150002 84.220001 4954500 79.765199
20131202 84.040001 84.150002 83.099998 83.339996 7497500 78.931741
20131203 83.300003 84.00 83.230003 83.830002 7533200 79.395828
20131204 83.379997 83.489998 82.589996 83.349998 6807200 78.941214
20131205 83.389999 83.449997 82.300003 82.690002 8186600 78.316129
20131206 83.230003 84.529999 83.169998 84.519997 7189400 80.049326
20131209 84.480003 84.940002 84.339996 84.779999 7395300 80.295575
20131210 84.410004 84.43 83.43 83.650002 7373300 79.225349
20131211 83.739998 84.50 83.610001 84.019997 9787900 79.575773
20131212 83.82 83.870003 81.93 82.300003 10176300 77.946758
20131213 82.32 82.459999 81.559998 82.370003 7441600 78.013055
20131216 82.720001 83.07 81.599998 81.690002 8849700 77.369024
20131217 81.790001 81.849998 80.690002 80.910004 11416400 76.630283
20131218 81.209999 82.419998 80.480003 82.379997 12036100 78.022521
20131219 81.980003 82.290001 81.510002 81.900002 6442600 77.567915
20131220 81.980003 82.540001 81.82 81.839996 13206100 77.511084
20131223 82.139999 82.139999 81.010002 81.309998 8653600 77.009119
20131224 81.330002 81.610001 81.25 81.309998 2899100 77.009119
20131226 81.489998 81.889999 81.290001 81.760002 5347000 77.435321
20131227 82.089996 82.480003 81.860001 82.010002 4006000 77.672097
20131230 82.00 82.050003 81.57 82.00 4145600 77.662624
20131231 81.830002 82.00 81.089996 81.410004 5765300 77.103835
20140102 81.330002 81.360001 80.32 80.540001 6981700 76.279851
20140103 80.760002 80.849998 80.190002 80.449997 6925600 76.194608
20140106 80.610001 80.980003 80.300003 80.639999 7208200 76.37456
20140107 80.709999 81.580002 80.620003 81.419998 7158200 77.113301
20140108 80.970001 81.150002 80.050003 80.239998 13458800 75.995717
20140109 80.540001 80.800003 80.029999 80.419998 10833900 76.166196
20140110 80.589996 80.889999 80.199997 80.300003 8448300 76.052548
20140113 80.010002 80.50 79.690002 80.010002 9360800 75.777887
20140114 80.059998 80.919998 80.019997 80.870003 8737100 76.592398
20140115 80.699997 81.18 80.25 80.790001 8221900 76.516627
20140116 80.650002 80.830002 80.260002 80.559998 11673300 76.29879
20140117 80.419998 80.639999 79.800003 79.879997 13629800 75.654758
20140121 80.589996 80.720001 79.540001 80.18 13216400 75.938893
20140122 79.57 79.879997 79.050003 79.230003 8455600 75.606811
20140123 78.709999 78.970001 78.120003 78.239998 12667700 74.662079
20140124 79.330002 81.699997 78.779999 79.18 20163200 75.559095
20140127 79.239998 79.300003 78.419998 78.470001 10395400 74.881564
20140128 78.669998 79.519997 78.43 79.110001 10060800 75.492296
20140129 78.800003 78.800003 77.379997 77.639999 13443100 74.089518
20140130 78.050003 78.050003 76.769997 76.870003 9450500 73.354733
20140131 76.029999 77.190002 75.260002 76.620003 12988800 73.116166
20140203 76.690002 76.760002 75.599998 75.699997 14292700 72.238232
20140204 76.00 76.389999 75.400002 76.089996 12055400 72.610397
20140205 75.940002 76.800003 75.669998 76.449997 9734100 72.953934
20140206 76.529999 76.989998 76.480003 76.900002 7819700 73.38336
20140207 76.989998 77.389999 76.75 77.309998 7259200 73.774607
20140210 77.43 78.089996 77.190002 78.029999 8959700 74.461683
20140211 78.099998 79.110001 77.639999 78.839996 10500800 75.234639
20140212 78.129997 78.529999 77.059998 77.489998 11019700 73.946376
20140213 77.089996 77.919998 77.00 77.800003 7420600 74.242205
20140214 77.690002 79.75 77.25 79.400002 10791900 75.769035
20140218 79.480003 79.629997 77.559998 77.970001 15750700 74.404429
20140219 77.639999 78.959999 77.550003 78.139999 8740000 74.566653
20140220 77.959999 78.440002 77.50 77.919998 8275200 74.356712
20140221 78.050003 78.889999 77.910004 77.970001 8089200 74.404429
20140224 78.029999 78.769997 77.610001 77.860001 7838700 74.299459
20140225 77.730003 78.309998 77.400002 78.120003 8177500 74.547571
20140226 78.230003 78.769997 77.82 77.860001 7764700 74.299459
20140227 77.769997 78.230003 77.559998 78.190002 6549800 74.614369
20140228 78.239998 78.910004 78.010002 78.660004 8489600 75.062877
20140303 78.260002 78.410004 77.349998 77.480003 8598600 73.936839
20140304 78.089996 78.720001 77.900002 78.449997 8306900 74.862474
20140305 78.32 78.410004 77.550003 77.82 8542300 74.261287
20140306 78.040001 78.440002 77.839996 78.059998 6475600 74.49031
20140307 78.410004 78.599998 78.110001 78.379997 5865400 74.795676
20140310 78.290001 78.57 78.199997 78.529999 5229900 74.938818
20140311 78.589996 79.389999 78.57 78.949997 6595800 75.339609
20140312 78.660004 79.449997 78.620003 79.239998 7469300 75.616348
20140313 79.32 79.760002 79.190002 79.190002 9676600 75.568639
20140314 79.099998 79.230003 78.669998 78.980003 14850700 75.368244
20140317 79.019997 79.949997 79.019997 79.839996 8452100 76.188909
20140318 79.839996 80.080002 79.510002 79.769997 7703200 76.12211
20140319 79.68 79.910004 78.510002 78.779999 8607200 75.177385
20140320 78.699997 78.93 78.150002 78.32 8659500 74.738422
20140321 79.040001 79.75 77.879997 77.879997 21244400 74.318541
20140324 78.50 79.830002 78.470001 79.300003 11221600 75.67361
20140325 79.519997 79.989998 79.440002 79.809998 8892500 76.160282
20140326 80.029999 80.18 79.330002 79.50 8269800 75.864461
20140327 79.550003 80.43 79.379997 79.650002 8134100 76.007603
20140328 79.940002 80.32 79.519997 79.760002 6413500 76.112573
20140331 80.00 80.830002 79.550003 80.599998 8492800 76.914156
20140401 80.599998 80.839996 80.209999 80.339996 8222300 76.666044
20140402 80.190002 80.330002 79.800003 80.129997 6741800 76.465648
20140403 80.279999 80.580002 79.93 80.099998 5646000 76.437021
20140404 80.470001 80.559998 79.75 79.769997 8649600 76.12211
20140407 80.019997 81.07 79.93 80.489998 13229000 76.809186
20140408 80.510002 81.379997 80.019997 81.349998 11880700 77.629859
20140409 81.800003 82.239998 81.32 81.489998 11550700 77.763456
20140410 81.580002 82.129997 80.889999 81.089996 12194300 77.381746
20140411 80.980003 81.660004 80.50 80.760002 11831400 77.066843
20140414 81.00 81.199997 80.510002 80.809998 7105600 77.114552
20140415 80.790001 81.089996 80.519997 80.839996 9000800 77.143179
20140416 81.279999 81.879997 81.029999 81.650002 8300700 77.916143
20140417 81.470001 81.889999 81.339996 81.760002 8374700 78.021113
20140421 81.809998 81.809998 81.290001 81.559998 6391000 77.830254
20140422 81.540001 81.669998 81.150002 81.25 9259100 77.534433
20140423 80.720001 80.720001 79.379997 80.360001 9577500 77.297805
20140424 80.260002 81.379997 80.010002 81.150002 9523200 78.057702
20140425 81.199997 81.580002 80.970001 81.410004 7497400 78.307797
20140428 81.540001 82.980003 81.510002 82.940002 11595100 79.779494
20140429 82.75 82.949997 82.360001 82.440002 7214300 79.298547
20140430 82.389999 82.75 82.239998 82.550003 6243300 79.404356
20140501 82.389999 82.470001 81.760002 82.339996 5305000 79.202351
20140502 82.220001 82.599998 81.75 81.919998 6629200 78.798358
20140505 81.639999 81.879997 81.470001 81.699997 4563600 78.58674
20140506 81.760002 81.760002 81.120003 81.129997 4591300 78.03846
20140507 81.449997 82.139999 81.419998 82.089996 6639500 78.961878
20140508 82.059998 82.32 81.82 82.160004 4631200 79.029217
20140509 82.199997 82.800003 82.139999 82.389999 7303500 79.250449
20140512 82.610001 82.709999 81.709999 81.730003 7859000 78.615603
20140513 81.940002 81.980003 81.419998 81.610001 6540200 78.500173
20140514 81.739998 81.910004 81.120003 81.169998 6867200 78.076937
20140515 81.25 81.370003 80.440002 80.529999 9402100 77.461325
20140516 80.629997 80.760002 80.00 80.330002 11558900 77.26895
20140519 80.010002 80.050003 79.540001 79.93 6068100 76.884191
20140520 80.019997 80.580002 79.970001 80.230003 7057200 77.172762
20140521 80.339996 80.669998 80.019997 80.489998 6339800 77.422849
20140522 80.370003 80.669998 80.050003 80.650002 5561100 77.576755
20140523 80.510002 80.849998 80.400002 80.519997 4472600 77.451704
20140527 80.550003 80.580002 80.050003 80.080002 7003800 77.028476
20140528 80.029999 80.279999 80.019997 80.099998 4201400 77.047711
20140529 80.099998 80.400002 80.080002 80.400002 3886800 77.336282
20140530 80.25 80.849998 80.169998 80.790001 7433000 77.71142
20140602 80.660004 80.669998 80.290001 80.360001 4331700 77.297805
20140603 80.040001 80.300003 79.599998 79.93 6970600 76.884191
20140604 80.00 80.220001 79.639999 79.860001 5427700 76.816858
20140605 80.110001 80.309998 79.970001 80.110001 5787700 77.057332
20140606 80.089996 80.239998 79.82 80.029999 5520500 76.980378
20140609 79.910004 80.239998 79.849998 80.089996 6352500 77.03809
20140610 80.029999 80.300003 80.00 80.150002 5658400 77.095808
20140611 80.050003 80.300003 79.879997 80.059998 7453700 77.009234
20140612 79.82 80.029999 79.690002 79.760002 6526800 76.72067
20140613 79.730003 79.940002 79.50 79.639999 5214000 76.60524
20140616 79.519997 79.940002 79.110001 79.690002 5334600 76.653338
20140617 79.610001 79.790001 79.349998 79.580002 5337300 76.547529
20140618 79.440002 79.940002 79.129997 79.790001 9614200 76.749526
20140619 79.849998 80.57 79.800003 80.239998 12485100 77.182375
20140620 80.440002 80.50 79.830002 79.93 11659900 76.884191
20140623 80.059998 80.059998 79.360001 79.519997 6938900 76.48981
20140624 79.419998 79.440002 78.919998 79.010002 8157300 75.99925
20140625 79.040001 79.360001 78.650002 79.32 12569300 76.297435
20140626 79.239998 79.290001 78.589996 78.620003 7258800 75.624112
20140627 78.599998 79.190002 78.519997 79.019997 8974900 76.008863
20140630 79.010002 79.459999 78.43 78.589996 10297700 75.595249
20140701 78.870003 79.410004 78.510002 79.279999 8421200 76.258958
20140702 79.559998 79.860001 79.440002 79.559998 6276600 76.528287
20140703 79.93 80.139999 79.639999 79.980003 5501100 76.932288
20140707 79.75 80.199997 79.660004 80.190002 6673600 77.134285
20140708 80.029999 80.849998 79.910004 80.559998 9150200 77.490181
20140709 80.660004 81.800003 80.50 81.669998 12113100 78.557884
20140710 81.269997 81.910004 81.190002 81.610001 8786500 78.500173
20140711 81.059998 81.57 81.00 81.160004 7519300 78.067323
20140714 81.360001 81.739998 81.300003 81.32 6802000 78.221223
20140715 81.510002 81.519997 81.089996 81.260002 9637600 78.163511
20140716 80.900002 81.199997 80.75 80.940002 8940500 78.477658
20140717 80.989998 81.220001 80.389999 80.400002 5844700 77.954084
20140718 80.550003 80.75 80.160004 80.550003 6502400 78.099523
20140721 80.330002 80.400002 79.949997 80.279999 4434300 77.837732
20140722 80.290001 80.580002 79.769997 80.099998 6073200 77.663208
20140723 80.330002 80.50 79.82 79.989998 5891200 77.556554
20140724 80.120003 80.32 79.849998 80.260002 6273100 77.818344
20140725 80.019997 80.160004 79.370003 79.559998 6293400 77.139635
20140728 79.410004 79.620003 78.849998 79.260002 6757300 76.848766
20140729 79.089996 79.50 78.650002 78.650002 6419600 76.257323
20140730 78.699997 79.010002 78.139999 78.160004 8296500 75.782232
20140731 77.760002 78.010002 77.290001 77.32 11235600 74.967782
20140801 79.25 80.669998 78.830002 79.650002 18110700 77.226901
20140804 79.459999 79.459999 78.660004 79.220001 12075300 76.809982
20140805 78.989998 79.739998 78.980003 79.410004 7995900 76.994204
20140806 79.400002 81.300003 79.269997 81.089996 12839000 78.623088
20140807 81.019997 81.18 80.010002 80.139999 7904000 77.701992
20140808 80.050003 81.029999 80.040001 80.949997 6215600 78.487348
20140811 81.230003 81.870003 81.029999 81.480003 8188000 79.001231
20140812 81.50 81.860001 81.209999 81.419998 6591200 78.943051
20140813 81.639999 81.800003 81.110001 81.480003 5472200 79.001231
20140814 81.589996 82.040001 81.440002 81.949997 5930700 79.456926
20140815 82.230003 82.230003 81.18 81.779999 7418400 79.2921
20140818 81.989998 82.849998 81.809998 82.440002 8450500 79.932025
20140819 82.349998 82.870003 82.120003 82.690002 6867700 80.174419
20140820 82.459999 82.940002 82.459999 82.809998 4581800 80.290764
20140821 82.800003 83.470001 82.690002 83.279999 7099800 80.746467
20140822 83.160004 83.660004 83.139999 83.389999 6978500 80.853121
20140825 83.739998 83.82 83.309998 83.540001 5586800 80.998559
20140826 83.610001 83.830002 83.330002 83.379997 5188400 80.843423
20140827 83.43 83.599998 83.160004 83.309998 4248300 80.775553
20140828 83.019997 83.220001 82.760002 83.029999 4278700 80.504072
20140829 83.089996 83.129997 82.599998 83.110001 4901300 80.58164
20140902 83.209999 83.489998 82.709999 82.980003 5528900 80.455598
20140903 83.260002 83.480003 82.769997 82.900002 5851800 80.37803
20140904 82.919998 83.75 82.779999 83.699997 7444200 81.153688
20140905 83.440002 83.800003 83.07 83.769997 5888900 81.221558
20140908 83.57 83.599998 83.129997 83.32 4899600 80.785251
20140909 83.050003 83.290001 82.830002 82.989998 5202900 80.465288
20140910 83.199997 83.959999 83.150002 83.639999 6715300 81.095516
20140911 83.610001 83.75 83.370003 83.489998 6341600 80.950077
20140912 83.209999 83.379997 82.860001 83.260002 6358500 80.727079
20140915 83.18 84.25 83.139999 83.870003 7004700 81.318522
20140916 83.580002 84.449997 83.559998 84.080002 7143800 81.522132
20140917 84.019997 84.50 83.93 84.160004 8273800 81.5997
20140918 84.18 84.440002 84.07 84.190002 5309200 81.628787
20140919 84.519997 84.769997 84.18 84.470001 11377700 81.900267
20140922 84.639999 84.949997 84.489998 84.809998 8397100 82.22992
20140923 84.650002 84.919998 84.440002 84.440002 7723500 81.871181
20140924 84.330002 85.400002 84.330002 85.239998 11694700 82.646839
20140925 85.019997 85.129997 84.330002 84.330002 8212300 81.764527
20140926 84.540001 84.739998 83.860001 84.580002 5478000 82.006921
20140929 84.110001 84.470001 83.660004 84.440002 6360000 81.871181
20140930 84.339996 84.360001 83.68 83.739998 8074700 81.192472
20141001 84.019997 84.040001 83.029999 83.139999 9024700 80.610727
20141002 83.099998 83.970001 82.949997 83.050003 8858400 80.523468
20141003 83.440002 83.949997 82.879997 83.790001 6701500 81.240954
20141006 83.57 83.940002 83.190002 83.57 5656500 81.027645
20141007 83.379997 83.919998 83.120003 83.160004 7378200 80.630122
20141008 83.339996 84.279999 83.209999 84.18 8107100 81.619089
20141009 84.209999 84.879997 83.529999 83.660004 7765700 81.114911
20141010 83.949997 85.279999 83.910004 84.690002 13732400 82.113576
20141013 84.309998 84.470001 83.309998 83.370003 10066100 80.833733
20141014 83.910004 83.910004 83.029999 83.550003 8210300 81.008257
20141015 82.589996 83.580002 81.760002 82.949997 13283200 80.426504
20141016 81.650002 82.800003 81.57 82.239998 11310200 79.738105
20141017 82.949997 83.480003 82.029999 83.269997 11786600 80.736769
20141020 83.25 84.330002 82.830002 84.18 8558100 81.619089
20141021 84.470001 84.639999 83.660004 84.610001 12389600 82.036008
20141022 84.059998 84.589996 83.919998 84.230003 9747600 82.293938
20141023 84.260002 84.330002 82.300003 83.230003 14292100 81.316924
20141024 85.099998 85.970001 84.910004 85.160004 13465600 83.202562
20141027 84.959999 86.480003 84.830002 85.949997 10316600 83.974397
20141028 86.199997 86.650002 86.169998 86.470001 9437700 84.482449
20141029 86.669998 86.669998 85.910004 86.540001 6880600 84.550839
20141030 86.160004 87.00 85.669998 86.940002 5559700 84.941647
20141031 87.080002 87.360001 86.709999 87.269997 9359800 85.264056
20141103 86.660004 87.389999 86.199997 87.379997 7789500 85.371528
20141104 87.489998 88.870003 87.440002 88.639999 10594800 86.602568
20141105 88.739998 89.489998 88.360001 89.00 8462000 86.954294
20141106 89.080002 89.199997 88.57 88.900002 6628900 86.856594
20141107 88.739998 89.199997 88.25 89.129997 5975700 87.081303
20141110 88.919998 89.50 88.260002 89.449997 5927100 87.393948
20141111 89.379997 89.790001 89.169998 89.669998 6343900 87.608892
20141112 89.599998 89.879997 89.419998 89.480003 6298600 87.423264
20141113 88.940002 89.839996 88.459999 88.599998 10191500 86.563487
20141114 88.699997 88.889999 87.93 88.110001 7559400 86.084752
20141117 88.00 88.18 87.370003 87.839996 9475700 85.820954
20141118 88.019997 88.18 87.489998 87.949997 6419400 85.928426
20141119 88.239998 88.870003 87.93 88.730003 6570400 86.690504
20141120 88.330002 88.800003 88.330002 88.470001 5527600 86.436478
20141121 89.260002 89.43 88.459999 88.599998 8984100 86.563487
20141124 88.879997 88.889999 87.860001 88.110001 5569200 86.084752
20141125 88.360001 88.82 88.080002 88.800003 6439600 86.758894
20141126 88.830002 88.879997 88.449997 88.879997 4420000 86.83705
20141128 89.089996 90.559998 88.970001 90.43 7661800 88.351425
20141201 90.169998 90.669998 89.519997 90.080002 6745100 88.009472
20141202 90.440002 91.169998 90.120003 91.07 7327500 88.976714
20141203 90.839996 90.970001 89.639999 90.00 6465600 87.931309
20141204 90.50 90.940002 90.099998 90.580002 6406700 88.497979
20141205 90.32 90.419998 89.209999 90.379997 6383400 88.302572
20141208 90.339996 91.00 90.32 90.760002 4721900 88.673842
20141209 90.470001 90.779999 89.870003 90.709999 5704000 88.624988
20141210 90.949997 91.099998 89.959999 90.00 6293300 87.931309
20141211 90.00 91.279999 89.980003 90.410004 6468700 88.331888
20141212 90.010002 90.970001 89.529999 89.550003 6574600 87.491655
20141215 89.699997 90.599998 89.029999 89.199997 6511900 87.149694
20141216 89.139999 90.959999 88.379997 89.360001 8773800 87.30602
20141217 89.559998 91.160004 89.400002 90.699997 7412700 88.615216
20141218 91.010002 92.00 90.550003 92.00 8724500 89.885338
20141219 92.150002 92.730003 91.760002 92.050003 14037800 89.934192
20141222 92.099998 92.730003 92.00 92.599998 7157100 90.471545
20141223 92.739998 93.480003 92.699997 93.290001 5610600 91.145687
20141224 93.50 93.889999 93.139999 93.139999 2403000 90.999134
20141226 93.150002 93.809998 93.059998 93.459999 3148700 91.311778
20141229 93.120003 93.43 92.50 92.639999 4657700 90.510627
20141230 92.25 92.82 92.099998 92.400002 4730000 90.276145
20141231 92.040001 92.550003 91.029999 91.089996 5712100 88.996251
20150102 90.839996 91.00 89.919998 90.440002 7251400 88.361198
20150105 90.230003 91.00 89.849998 90.010002 8626100 87.941081
20150106 90.309998 90.559998 89.260002 89.599998 7791200 87.540501
20150107 89.940002 90.370003 89.559998 90.07 5986600 87.999699
20150108 90.480003 91.230003 90.129997 91.099998 6823300 89.006023
20150109 91.18 91.18 90.120003 90.25 4872800 88.175562
20150112 90.480003 90.620003 89.510002 89.919998 5247600 87.853146
20150113 90.779999 91.50 89.769997 90.300003 6727100 88.224416
20150114 89.730003 90.160004 89.43 89.989998 6418200 87.921537
20150115 89.989998 90.50 89.339996 89.860001 6768200 87.794527
20150116 89.949997 91.339996 89.870003 91.25 8815700 89.152577
20150120 91.25 91.790001 90.50 91.190002 9869900 89.093958
20150121 90.400002 91.190002 89.629997 90.730003 6974500 89.275011
20150122 91.040001 91.690002 89.870003 91.620003 7211200 90.150738
20150123 91.169998 91.190002 89.949997 90.080002 6745700 88.635433
20150126 89.949997 89.949997 88.739998 89.580002 9371700 88.143451
20150127 87.099998 87.209999 86.019997 86.489998 14417400 85.103
20150128 86.629997 86.910004 85.010002 85.150002 14033400 83.784493
20150129 85.779999 86.110001 85.150002 85.669998 12054500 84.29615
20150130 85.089996 85.220001 84.25 84.290001 14685300 82.938283
20150202 84.580002 85.139999 83.68 85.120003 10278700 83.754975
20150203 85.949997 86.00 85.120003 85.949997 10747900 84.571659
20150204 85.889999 86.480003 85.550003 85.790001 9212800 84.414229
20150205 86.239998 86.779999 86.099998 86.699997 6531300 85.309632
20150206 86.559998 86.610001 85.150002 85.610001 8330800 84.237115
20150209 85.309998 85.43 84.589996 85.050003 8811500 83.686098
20150210 85.330002 85.57 84.82 85.389999 7059300 84.020642
20150211 85.949997 86.199997 85.150002 85.639999 7184600 84.266633
20150212 86.059998 86.150002 85.410004 86.029999 6074600 84.650378
20150213 86.029999 86.150002 85.50 85.900002 6272000 84.522465
20150217 86.059998 86.059998 85.00 85.489998 10310400 84.119037
20150218 85.760002 86.389999 85.519997 86.260002 8132300 84.876693
20150219 86.110001 86.300003 85.050003 85.209999 7271600 83.843528
20150220 84.949997 85.050003 84.190002 84.870003 9581300 83.508984
20150223 84.959999 85.50 84.650002 85.389999 7919200 84.020642
20150224 85.510002 85.739998 85.010002 85.50 6502200 84.128878
20150225 85.699997 85.800003 85.239998 85.459999 5975800 84.089519
20150226 85.419998 85.760002 84.889999 85.169998 7964500 83.804169
20150227 85.019997 85.379997 84.57 85.129997 7685000 83.764809
20150302 85.129997 85.410004 84.839996 85.410004 7235200 84.040325
20150303 85.349998 85.440002 84.540001 85.160004 6095600 83.794334
20150304 85.040001 85.239998 84.209999 84.349998 7370000 82.997319
20150305 84.620003 84.760002 84.089996 84.629997 5914200 83.272827
20150306 84.339996 84.370003 82.370003 82.660004 11338700 81.334426
20150309 82.790001 83.209999 82.68 83.089996 7326700 81.757523
20150310 82.470001 82.879997 81.540001 81.540001 9681400 80.232384
20150311 81.529999 81.779999 80.809998 81.389999 10066600 80.084788
20150312 81.589996 82.120003 81.510002 82.089996 6951100 80.773559
20150313 81.980003 82.279999 81.150002 81.830002 7492500 80.517734
20150316 82.080002 83.949997 81.989998 83.559998 15618300 82.219987
20150317 83.360001 83.370003 82.43 82.849998 7509300 81.521374
20150318 82.860001 84.050003 82.019997 83.75 12607900 82.406942
20150319 83.459999 83.75 83.120003 83.379997 9257500 82.042873
20150320 83.989998 84.790001 83.769997 84.739998 22580300 83.381064
20150323 84.370003 85.050003 84.360001 84.860001 9891100 83.499142
20150324 84.889999 85.110001 83.870003 83.919998 7478800 82.574214
20150325 84.370003 84.370003 82.860001 83.010002 8482200 81.678811
20150326 82.580002 82.610001 81.949997 82.150002 7311600 80.832602
20150327 82.080002 82.540001 81.989998 82.309998 6440600 80.990032
20150330 82.629997 82.949997 82.150002 82.720001 6416800 81.393461
20150331 82.760002 82.93 81.940002 81.940002 8649700 80.625971
20150401 82.440002 82.449997 81.449997 82.32 7395300 80.999874
20150402 82.169998 82.589996 81.919998 82.43 6169800 81.108111
20150406 81.919998 83.230003 81.510002 83.040001 6856300 81.708329
20150407 82.93 83.290001 82.330002 82.389999 6329900 81.068751
20150408 82.300003 83.18 82.269997 82.769997 6523400 81.442655
20150409 82.629997 82.949997 82.010002 82.889999 6185000 81.560733
20150410 82.800003 83.629997 82.720001 83.349998 7001700 82.013355
20150413 83.00 83.949997 82.940002 83.43 8290500 82.092074
20150414 83.389999 83.879997 83.050003 83.599998 6792600 82.259346
20150415 83.849998 84.199997 83.480003 83.510002 7006400 82.170793
20150416 83.559998 84.07 83.349998 83.50 7615900 82.160951
20150417 83.00 83.220001 82.029999 82.529999 9533800 81.206506
20150420 83.089996 83.980003 82.800003 82.870003 7416000 81.541057
20150421 83.389999 83.800003 82.900002 83.080002 7696400 81.747689
20150422 83.220001 83.339996 82.599998 83.089996 6753100 81.757523
20150423 81.419998 82.099998 80.900002 80.949997 14569500 80.292519
20150424 81.040001 81.529999 80.900002 81.00 8785500 80.342116
20150427 80.910004 81.199997 80.470001 80.599998 9192300 79.945363
20150428 80.730003 80.82 80.190002 80.419998 8395500 79.766825
20150429 80.00 80.309998 79.720001 79.849998 11858500 79.201455
20150430 79.949997 80.150002 79.07 79.510002 9409300 78.86422
20150501 79.760002 80.32 79.629997 80.290001 8193000 79.637883
20150504 80.480003 80.970001 80.300003 80.349998 7203800 79.697394
20150505 80.50 80.650002 79.779999 80.07 6589400 79.419669
20150506 80.339996 80.580002 79.519997 80.400002 7335700 79.746991
20150507 80.370003 80.550003 80.00 80.199997 7224300 79.54861
20150508 80.889999 81.209999 80.82 80.959999 6929400 80.30244
20150511 80.949997 80.989998 80.260002 80.269997 5237800 79.618042
20150512 80.029999 80.290001 79.360001 79.949997 6305800 79.300641
20150513 80.160004 80.589996 79.550003 79.699997 6459900 79.052671
20150514 80.110001 80.690002 80.089996 80.57 5634200 79.915608
20150515 80.830002 81.120003 80.730003 81.050003 7454800 80.391713
20150518 80.970001 81.129997 80.50 80.739998 5590800 80.084225
20150519 80.75 80.949997 80.330002 80.830002 5729500 80.173498
20150520 80.93 81.00 80.449997 80.480003 5487000 79.826343
20150521 80.169998 80.580002 79.839996 80.410004 6054700 79.756911
20150522 80.239998 80.400002 79.919998 79.949997 6003600 79.300641
20150526 79.970001 80.07 78.940002 79.139999 6698300 78.497222
20150527 79.220001 79.940002 79.089996 79.389999 8094600 78.745192
20150528 79.43 79.449997 79.019997 79.330002 5803400 78.685681
20150529 79.18 79.239998 78.190002 78.389999 12551700 77.753314
20150601 78.650002 79.07 78.269997 78.849998 7588000 78.209577
20150602 78.459999 78.720001 78.169998 78.540001 7380800 77.902097
20150603 78.910004 78.93 78.269997 78.559998 5985800 77.921931
20150604 78.410004 78.839996 78.059998 78.150002 7714600 77.515265
20150605 78.040001 78.120003 77.370003 77.43 9439700 76.801112
20150608 77.480003 77.980003 77.099998 77.709999 10916200 77.078836
20150609 77.970001 79.330002 77.82 78.900002 11528900 78.259174
20150610 79.230003 79.790001 79.010002 79.540001 9483500 78.893975
20150611 79.93 79.93 79.239998 79.410004 7633300 78.765033
20150612 79.169998 79.32 78.57 78.870003 6508600 78.229418
20150615 78.330002 78.459999 77.93 78.120003 7527900 77.48551
20150616 79.599998 79.599998 78.540001 79.099998 8285700 78.457546
20150617 79.199997 80.190002 79.160004 80.080002 9305800 79.42959
20150618 80.330002 81.220001 80.300003 80.82 10712500 80.163577
20150619 80.709999 81.199997 80.480003 80.540001 15598800 79.885853
20150622 80.919998 81.18 80.330002 80.449997 6907900 79.79658
20150623 80.330002 80.449997 79.620003 79.790001 7190600 79.141944
20150624 79.800003 79.849998 79.50 79.510002 8843700 78.86422
20150625 79.709999 79.900002 79.389999 79.389999 5855700 78.745192
20150626 79.540001 79.739998 79.279999 79.339996 7703200 78.695595
20150629 78.949997 79.370003 78.260002 78.32 7966200 77.683883
20150630 78.919998 79.010002 78.129997 78.239998 8451400 77.60453
20150701 78.389999 79.769997 78.120003 79.720001 8868000 79.072513
20150702 80.010002 80.349998 79.769997 79.93 6602500 79.280807
20150706 79.610001 80.220001 79.50 80.050003 6601200 79.399835
20150707 80.059998 81.830002 80.059998 81.720001 11690400 81.056269
20150708 81.209999 81.690002 80.889999 80.989998 6724700 80.332195
20150709 81.75 82.00 80.519997 80.660004 10419800 80.004881
20150710 81.230003 81.360001 80.760002 80.949997 6892500 80.292519
20150713 81.519997 82.040001 81.339996 81.910004 7332900 81.244728
20150714 82.040001 82.459999 81.980003 82.040001 6119500 81.37367
20150715 81.910004 82.32 81.839996 82.150002 6673700 81.482777
20150716 82.449997 82.550003 82.099998 82.300003 6623400 81.63156
20150717 81.889999 82.379997 81.599998 82.239998 5827300 81.572042
20150720 82.089996 82.349998 82.00 82.190002 4952100 81.522453
20150721 82.010002 82.129997 81.370003 81.629997 7512400 80.966996
20150722 81.029999 81.300003 80.669998 80.830002 6106400 80.830002
20150723 80.830002 80.889999 80.139999 80.699997 5380900 80.699997
20150724 80.510002 80.730003 80.230003 80.290001 5660800 80.290001
20150727 79.830002 80.07 79.43 79.970001 8556700 79.970001
20150728 80.139999 80.660004 79.910004 80.230003 8308900 80.230003
20150729 80.260002 80.989998 80.160004 80.620003 8826300 80.620003
20150730 79.400002 79.480003 77.150002 77.389999 22045700 77.389999
20150731 77.629997 77.739998 76.660004 76.699997 11835800 76.699997
20150803 76.510002 77.089996 76.010002 76.400002 9344600 76.400002
20150804 76.029999 76.339996 75.75 75.910004 13175200 75.910004
20150805 76.050003 76.540001 75.75 75.769997 10869700 75.769997
20150806 76.010002 76.010002 75.25 75.739998 9353300 75.739998
20150807 75.589996 75.720001 75.339996 75.480003 9964800 75.480003
20150810 75.949997 76.50 75.800003 76.379997 8134700 76.379997
20150811 76.040001 76.449997 75.809998 76.220001 7462000 76.220001
20150812 75.889999 76.43 75.339996 76.389999 10397700 76.389999
20150813 76.489998 76.510002 75.629997 75.779999 5860700 75.779999
20150814 75.739998 75.809998 75.379997 75.620003 5580600 75.620003
20150817 75.809998 75.809998 74.75 75.529999 8662500 75.529999
20150818 75.580002 75.800003 75.00 75.129997 7422000 75.129997
20150819 74.93 74.93 74.019997 74.120003 9775200 74.120003
20150820 73.75 74.720001 73.459999 73.910004 10683900 73.910004
20150821 73.550003 73.900002 71.830002 71.839996 15324200 71.839996
20150824 68.57 71.07 65.019997 69.139999 23445000 69.139999
20150825 72.18 72.230003 68.300003 68.419998 20971200 68.419998
20150826 69.900002 71.00 68.949997 70.900002 17393700 70.900002
20150827 71.400002 71.75 70.019997 71.480003 12974800 71.480003
20150828 71.169998 71.269997 70.589996 71.209999 10005500 71.209999
20150831 71.00 71.00 70.300003 70.669998 9351800 70.669998
20150901 69.370003 69.879997 68.519997 68.900002 15317300 68.900002
20150902 69.650002 69.849998 69.220001 69.809998 8868800 69.809998
20150903 70.18 70.459999 69.699997 69.93 8186800 69.93
20150904 69.279999 69.279999 68.50 68.760002 11497500 68.760002
20150908 70.309998 70.440002 69.559998 69.980003 9116500 69.980003
20150909 70.440002 70.540001 68.370003 68.480003 10968000 68.480003
20150910 68.120003 68.949997 67.75 68.32 12514900 68.32
20150911 68.059998 68.510002 67.730003 68.419998 10616900 68.419998
20150914 68.230003 68.300003 67.330002 68.059998 9658900 68.059998
20150915 68.019997 69.739998 67.900002 69.449997 10974500 69.449997
20150916 70.120003 70.360001 69.699997 70.099998 8684700 70.099998
20150917 70.00 71.269997 69.860001 70.239998 10863100 70.239998
20150918 69.440002 70.779999 69.370003 69.940002 18003300 69.940002
20150921 70.150002 70.879997 70.010002 70.650002 7702300 70.650002
20150922 70.059998 70.650002 69.980003 70.190002 10159700 70.190002
20150923 70.18 70.489998 69.959999 70.260002 5574300 70.260002
20150924 69.82 71.580002 69.739998 71.360001 13217100 71.360001
20150925 72.389999 73.379997 71.949997 72.669998 15020200 72.669998
