20130102 34.389999 35.00 34.209999 35.00 38323500 30.290674
20130103 35.09 35.169998 34.77 35.02 28932700 30.307983
20130104 35.099998 35.27 35.00 35.23 21136600 30.489726
20130107 35.25 35.50 35.099998 35.389999 27500500 30.628198
20130108 35.02 35.040001 34.27 34.349998 29210300 30.111005
20130109 34.439999 34.580002 34.240002 34.240002 19618400 30.014582
20130110 34.450001 34.619999 34.330002 34.369999 23664100 30.128537
20130111 34.439999 34.490002 34.130001 34.27 27074400 30.040879
20130114 34.16 34.220001 33.959999 34.02 21973300 29.821731
20130115 33.98 34.029999 33.599998 33.759998 24338600 29.593814
20130116 33.630001 33.68 33.16 33.259998 33765500 29.155517
20130117 33.290001 33.360001 32.900002 33.200001 38971400 29.102924
20130118 32.82 33.439999 32.759998 33.439999 38661000 29.313304
20130122 33.490002 33.84 33.25 33.610001 29734600 29.462327
20130123 33.580002 33.939999 33.540001 33.779999 25459300 29.611347
20130124 33.849998 34.080002 33.75 33.75 26786300 29.58505
20130125 34.119999 34.240002 33.82 34.02 27095500 29.821731
20130128 34.00 34.299999 33.919998 34.130001 23660300 29.918156
20130129 34.130001 34.830002 34.119999 34.68 30975400 30.400282
20130130 34.630001 34.869999 34.459999 34.48 24179700 30.224963
20130131 34.529999 34.950001 34.48 34.790001 26239500 30.496708
20130201 35.16 35.630001 35.040001 35.509998 29182600 31.127854
20130204 35.380001 35.470001 35.00 35.23 28233900 30.882409
20130205 35.380001 35.630001 35.330002 35.349998 20928300 30.987599
20130206 35.099998 35.490002 35.099998 35.43 34952400 31.057728
20130207 35.439999 35.549999 35.060001 35.27 19054700 30.917473
20130208 35.389999 35.529999 35.16 35.27 18275500 30.917473
20130211 35.259998 35.310001 35.060001 35.23 13687800 30.882409
20130212 35.25 35.669998 35.23 35.599998 16959000 31.206747
20130213 35.669998 35.810001 35.34 35.419998 17402500 31.04896
20130214 35.419998 35.439999 35.029999 35.290001 26204900 30.935005
20130215 35.32 35.549999 35.150002 35.360001 24859300 30.996367
20130219 35.369999 35.689999 35.369999 35.669998 16879600 31.268109
20130220 35.68 35.98 35.459999 35.470001 35656800 31.092793
20130221 35.360001 35.619999 35.00 35.43 25155400 31.057728
20130222 35.450001 35.700001 35.220001 35.68 20813400 31.276877
20130225 35.77 36.080002 35.189999 35.189999 32523700 30.847344
20130226 35.540001 35.700001 35.400002 35.490002 26263600 31.110325
20130227 35.549999 35.900002 35.459999 35.849998 23526300 31.425896
20130228 35.799999 36.25 35.75 35.91 31849800 31.478493
20130301 35.689999 36.080002 35.630001 36.009998 23501500 31.566151
20130304 36.00 36.27 35.91 36.23 18656000 31.759003
20130305 36.529999 36.700001 36.50 36.599998 22608400 32.083342
20130306 36.639999 36.82 36.279999 36.290001 20448000 31.811599
20130307 36.369999 36.52 36.150002 36.389999 19227600 31.899258
20130308 36.540001 36.740002 36.540001 36.68 21495000 32.153471
20130311 36.650002 36.77 36.400002 36.599998 20019000 32.083342
20130312 36.560001 36.84 36.52 36.720001 19613600 32.188535
20130313 36.73 36.82 36.560001 36.599998 15071000 32.083342
20130314 36.669998 36.869999 36.59 36.860001 19513800 32.311258
20130315 36.59 36.700001 36.240002 36.43 51077500 31.934322
20130318 36.169998 36.34 36.119999 36.150002 20693400 31.688877
20130319 36.259998 36.380001 36.029999 36.139999 19851800 31.680109
20130320 36.32 36.43 36.119999 36.189999 29883600 31.723938
20130321 36.099998 36.25 36.02 36.150002 20725800 31.688877
20130322 36.18 36.52 36.18 36.43 23912000 31.934322
20130325 36.470001 36.59 36.299999 36.389999 23707600 31.899258
20130326 36.540001 36.77 36.349998 36.740002 18429200 32.206067
20130327 36.549999 36.790001 36.50 36.619999 17375800 32.100874
20130328 36.689999 36.830002 36.50 36.689999 37388800 32.162235
20130401 36.709999 37.32 36.709999 37.25 24205600 32.653129
20130402 37.48 37.689999 37.32 37.57 26227700 32.933639
20130403 37.509998 37.599998 37.209999 37.279999 24291000 32.679426
20130404 37.349998 37.959999 37.32 37.91 72851500 33.231681
20130405 37.650002 38.049999 37.59 38.02 76489400 33.328107
20130408 37.509998 37.790001 37.48 37.619999 23617200 33.37246
20130409 37.68 37.889999 37.509998 37.759998 22546700 33.496653
20130410 37.799999 38.299999 37.759998 38.18 19065800 33.869234
20130411 38.150002 38.799999 38.150002 38.540001 25493600 34.188588
20130412 38.419998 38.639999 38.419998 38.59 19725300 34.232942
20130415 38.27 38.549999 37.91 37.950001 29249300 33.665203
20130416 38.25 38.279999 37.919998 37.939999 24466600 33.65633
20130417 37.799999 38.00 37.549999 37.779999 22473100 33.514395
20130418 38.110001 38.130001 37.68 37.740002 20200000 33.478914
20130419 37.860001 38.360001 37.759998 38.279999 24528000 33.957942
20130422 38.419998 38.759998 38.34 38.73 21502100 34.357135
20130423 38.799999 39.00 38.349998 39.00 25108800 34.596651
20130424 37.09 37.259998 36.630001 37.040001 61126900 32.857948
20130425 37.25 37.439999 37.07 37.279999 35807500 33.070848
20130426 37.279999 37.310001 36.880001 37.040001 33202800 32.857948
20130429 37.119999 37.34 37.02 37.299999 18914300 33.088591
20130430 37.369999 37.619999 37.279999 37.459999 24144700 33.230526
20130501 37.459999 37.970001 37.459999 37.560001 21834000 33.319237
20130502 37.619999 37.84 37.41 37.560001 16445100 33.319237
20130503 37.869999 37.880001 37.220001 37.34 20239900 33.124075
20130506 37.290001 37.330002 37.07 37.09 12113000 32.902302
20130507 37.189999 37.52 37.09 37.52 14693200 33.283752
20130508 37.43 37.849998 37.360001 37.830002 15176200 33.558753
20130509 37.700001 37.779999 37.200001 37.330002 23605900 33.115206
20130510 37.450001 37.529999 37.169998 37.360001 18182600 33.141818
20130513 37.299999 37.32 36.939999 37.00 18558100 32.822463
20130514 36.990002 37.23 36.860001 37.23 19478800 33.026494
20130515 37.34 37.830002 37.290001 37.529999 23060400 33.292622
20130516 37.419998 37.619999 37.330002 37.380001 13668400 33.15956
20130517 37.349998 37.470001 37.189999 37.439999 16712900 33.212783
20130520 37.400002 37.439999 37.130001 37.220001 14654200 33.017625
20130521 37.240002 37.240002 36.799999 36.939999 24867600 32.769236
20130522 36.939999 37.169998 36.450001 36.619999 28598200 32.485367
20130523 36.369999 36.810001 36.349998 36.740002 18120200 32.59182
20130524 36.529999 36.779999 36.450001 36.75 14443900 32.60069
20130528 37.040001 37.150002 36.16 36.18 29429000 32.095047
20130529 36.049999 36.060001 35.50 35.91 28740600 31.855531
20130530 35.84 36.080002 35.50 35.50 25094300 31.491823
20130531 35.330002 35.50 34.98 34.990002 35799800 31.039407
20130603 34.990002 35.209999 34.580002 35.07 29759400 31.110372
20130604 35.189999 35.869999 35.150002 35.669998 40467000 31.642627
20130605 35.66 35.720001 35.25 35.259998 22863800 31.278919
20130606 35.209999 35.860001 35.099998 35.810001 23058700 31.766823
20130607 35.970001 36.049999 35.380001 35.450001 26049300 31.447469
20130610 35.869999 36.110001 35.689999 35.990002 21852200 31.9265
20130611 35.860001 36.200001 35.720001 35.759998 26002900 31.722466
20130612 36.00 36.139999 35.57 35.619999 16955600 31.598273
20130613 35.610001 36.389999 35.610001 36.299999 20142600 32.201497
20130614 36.200001 36.310001 35.889999 35.91 23972700 31.855531
20130617 36.07 36.139999 35.48 35.759998 23364400 31.722466
20130618 35.830002 36.349998 35.790001 36.169998 15357900 32.086174
20130619 36.060001 36.139999 35.25 35.25 24464500 31.27005
20130620 35.00 35.200001 34.32 34.349998 31797500 30.471664
20130621 34.549999 34.73 34.099998 34.470001 97444100 30.578118
20130624 34.310001 34.849998 34.130001 34.459999 71219500 30.569245
20130625 34.689999 35.209999 34.540001 35.029999 67155500 31.074888
20130626 35.419998 35.490002 35.09 35.330002 21911600 31.341019
20130627 35.529999 35.950001 35.50 35.630001 18251500 31.607146
20130628 35.549999 35.689999 35.310001 35.400002 23913900 31.403115
20130701 35.400002 35.68 35.189999 35.299999 19903400 31.314404
20130702 35.290001 35.799999 35.150002 35.529999 18634900 31.518435
20130703 35.470001 35.740002 35.200001 35.619999 11600000 31.598273
20130705 35.799999 35.900002 35.25 35.830002 17139100 31.784565
20130708 35.619999 35.689999 35.389999 35.580002 15853600 31.964241
20130709 35.77 35.830002 35.540001 35.599998 14487500 31.982205
20130710 35.59 35.68 35.25 35.389999 17837100 31.793547
20130711 35.75 36.009998 35.68 35.869999 23075400 32.224767
20130712 35.880001 35.91 35.560001 35.810001 19065700 32.170867
20130715 35.68 35.759998 35.259998 35.549999 17175600 31.937287
20130716 35.619999 35.900002 35.599998 35.880001 17601900 32.233753
20130717 35.959999 36.310001 35.900002 35.959999 16805500 32.305621
20130718 35.860001 35.990002 35.610001 35.740002 19576400 32.107981
20130719 35.830002 35.849998 35.52 35.810001 21153500 32.170867
20130722 35.77 35.889999 35.540001 35.580002 19201200 31.964241
20130723 35.75 35.950001 35.50 35.810001 22951700 32.170867
20130724 35.389999 35.50 34.93 35.400002 30938800 31.802532
20130725 35.18 35.57 35.16 35.459999 22083700 31.856433
20130726 35.41 35.700001 35.310001 35.599998 14157900 31.982205
20130729 35.639999 36.00 35.57 35.880001 16625400 32.233753
20130730 36.00 36.07 35.41 35.419998 19091300 31.820497
20130731 35.43 35.580002 35.220001 35.27 21326100 31.685743
20130801 35.650002 35.82 35.369999 35.720001 18436200 32.090013
20130802 35.599998 35.779999 35.509998 35.77 21751400 32.134931
20130805 35.700001 35.849998 35.57 35.669998 10239000 32.045091
20130806 35.619999 35.66 35.41 35.48 12804200 31.874401
20130807 35.419998 35.73 35.419998 35.59 13290600 31.973223
20130808 35.66 35.720001 35.119999 35.290001 17956300 31.70371
20130809 35.259998 35.310001 34.75 34.799999 21541600 31.263504
20130812 34.75 34.970001 34.73 34.919998 15988300 31.371309
20130813 34.950001 34.990002 34.57 34.720001 16207800 31.191636
20130814 34.759998 34.790001 34.509998 34.77 17403800 31.236554
20130815 34.599998 34.709999 34.349998 34.349998 17793700 30.859234
20130816 34.27 34.380001 33.91 34.18 24561800 30.706512
20130819 34.099998 34.18 33.630001 33.790001 21122800 30.356146
20130820 33.849998 34.09 33.779999 33.869999 16153300 30.428014
20130821 33.799999 33.849998 33.459999 33.48 20549500 30.077648
20130822 33.50 34.00 33.189999 33.82 25915800 30.383096
20130823 33.810001 34.330002 33.75 34.290001 29728700 30.805334
20130826 34.310001 34.41 33.799999 33.82 13925200 30.383096
20130827 33.57 34.060001 33.529999 33.689999 18669800 30.266306
20130828 33.700001 33.84 33.580002 33.580002 16659000 30.167487
20130829 33.639999 34.060001 33.610001 33.650002 22239100 30.230373
20130830 33.650002 33.889999 33.57 33.830002 20389100 30.392081
20130903 34.009998 34.110001 33.240002 33.32 30766900 29.933908
20130904 33.220001 33.75 33.209999 33.740002 18719300 30.311227
20130905 33.77 33.919998 33.27 33.34 19837600 29.951875
20130906 33.50 33.580002 33.23 33.41 19689900 30.014762
20130909 33.470001 33.720001 33.25 33.630001 18992500 30.212405
20130910 33.880001 34.099998 33.75 33.970001 27691300 30.517854
20130911 33.98 34.25 33.869999 33.970001 21088000 30.517854
20130912 33.939999 34.450001 33.939999 34.380001 24637200 30.886188
20130913 34.509998 34.73 34.209999 34.32 14228600 30.832284
20130916 34.57 34.73 34.360001 34.57 15869100 31.056878
20130917 34.59 34.849998 34.549999 34.75 17798800 31.218586
20130918 34.73 35.009998 34.310001 34.950001 22818400 31.398262
20130919 34.950001 34.950001 34.68 34.810001 15692200 31.27249
20130920 34.82 34.849998 34.200001 34.310001 36732100 30.823302
20130923 34.400002 34.400002 33.709999 34.220001 23220100 30.742448
20130924 34.099998 34.290001 34.009998 34.09 19233000 30.625658
20130925 34.110001 34.369999 33.950001 34.049999 19111300 30.589722
20130926 34.169998 34.43 34.09 34.23 16494200 30.75143
20130927 34.110001 34.150002 33.82 33.98 13997900 30.526836
20130930 33.779999 33.889999 33.68 33.82 20819700 30.383096
20131001 33.790001 34.240002 33.759998 34.060001 16759800 30.598708
20131002 33.970001 34.060001 33.75 33.939999 21510000 30.4909
20131003 33.91 33.93 33.630001 33.639999 22437300 30.221388
20131004 33.68 33.790001 33.599998 33.75 69721900 30.32021
20131007 33.68 34.130001 33.630001 34.00 63369000 30.544804
20131008 33.580002 33.650002 33.09 33.110001 32798400 30.144218
20131009 33.23 34.099998 33.150002 33.75 33431200 30.72689
20131010 34.09 34.150002 33.580002 34.150002 23818100 31.091062
20131011 34.130001 34.25 33.93 34.200001 23647400 31.136583
20131014 33.98 34.099998 33.869999 33.919998 18569600 30.881661
20131015 33.869999 34.119999 33.709999 33.709999 16352900 30.690472
20131016 33.900002 34.200001 33.889999 34.200001 18699800 31.136583
20131017 34.369999 34.439999 34.130001 34.439999 22249600 31.355083
20131018 34.52 34.880001 34.369999 34.610001 30466400 31.509858
20131021 35.02 35.299999 34.880001 35.220001 29449400 32.065218
20131022 35.349998 35.380001 35.060001 35.23 23986400 32.074321
20131023 35.07 35.34 34.91 35.279999 27257600 32.119842
20131024 35.009998 35.009998 34.23 34.630001 33911200 31.528066
20131025 34.650002 35.240002 34.650002 35.189999 21286500 32.037903
20131028 35.27 35.57 35.240002 35.57 23855600 32.383866
20131029 35.66 36.470001 35.650002 36.27 45250300 33.021165
20131030 36.32 36.400002 35.959999 36.259998 21847100 33.012059
20131031 36.25 36.490002 36.00 36.200001 28789000 32.957436
20131101 36.50 36.799999 36.16 36.240002 41488500 32.993853
20131104 36.450001 36.52 36.18 36.450001 20024000 33.185042
20131105 36.25 36.330002 35.52 35.529999 33641900 32.347448
20131106 35.77 36.00 35.720001 35.82 20856300 32.611473
20131107 35.82 35.82 35.029999 35.110001 29290300 31.965071
20131108 35.00 35.169998 34.560001 35.169998 29787300 32.019694
20131111 35.150002 35.25 34.970001 35.029999 12369600 31.892235
20131112 35.150002 35.32 34.970001 35.169998 19908700 32.019694
20131113 35.00 35.169998 34.849998 35.07 22327200 31.928653
20131114 35.099998 35.380001 35.060001 35.16 13851200 32.010591
20131115 35.119999 35.48 35.099998 35.43 17685500 32.256407
20131118 35.470001 35.639999 35.369999 35.599998 15037700 32.411178
20131119 35.639999 35.830002 35.560001 35.720001 12493700 32.520431
20131120 35.869999 35.93 35.330002 35.400002 17441400 32.229095
20131121 35.450001 35.580002 35.18 35.299999 23017700 32.13805
20131122 35.259998 35.419998 35.049999 35.419998 16080400 32.247301
20131125 35.459999 35.549999 35.32 35.369999 14068600 32.20178
20131126 35.400002 35.540001 35.27 35.279999 14180900 32.119842
20131127 35.290001 35.419998 35.200001 35.41 11471300 32.238198
20131129 35.48 35.529999 35.200001 35.209999 9284700 32.056112
20131202 35.18 35.209999 34.799999 34.799999 23703700 31.682837
20131203 34.77 34.790001 34.52 34.740002 17551000 31.628214
20131204 34.34 34.650002 34.200001 34.599998 27221600 31.500751
20131205 34.419998 34.560001 34.209999 34.25 25106700 31.182103
20131206 34.529999 34.580002 34.299999 34.529999 19544900 31.437022
20131209 34.509998 34.73 34.27 34.689999 18035700 31.58269
20131210 34.790001 34.91 34.389999 34.400002 18389100 31.318669
20131211 34.400002 34.450001 33.919998 33.950001 27491400 30.908976
20131212 34.049999 34.130001 33.75 33.889999 21927000 30.854349
20131213 33.880001 33.950001 33.599998 33.849998 24862800 30.817932
20131216 34.060001 34.509998 34.060001 34.150002 21348700 31.091062
20131217 34.200001 34.290001 33.759998 33.849998 23472800 30.817932
20131218 33.880001 34.439999 33.630001 34.380001 25849700 31.30046
20131219 34.290001 34.470001 34.130001 34.450001 20043000 31.364189
20131220 34.490002 34.619999 34.259998 34.299999 34022200 31.227624
20131223 34.459999 34.77 34.419998 34.689999 19954900 31.58269
20131224 34.740002 34.98 34.700001 34.950001 7960000 31.819403
20131226 34.98 35.18 34.939999 35.16 11024400 32.010591
20131227 35.060001 35.25 34.959999 35.18 14111600 32.0288
20131230 35.029999 35.299999 35.009998 35.200001 14464600 32.047009
20131231 35.169998 35.279999 34.959999 35.16 18425400 32.010591
20140102 35.240002 35.290001 34.950001 34.950001 20229900 31.819403
20140103 35.150002 35.16 34.610001 34.799999 24618300 31.682837
20140106 35.009998 35.049999 34.799999 34.959999 20791500 31.828505
20140107 35.130001 35.150002 34.91 34.950001 25725100 31.819403
20140108 34.450001 34.599998 34.099998 34.240002 37745500 31.588761
20140109 34.240002 34.240002 33.509998 33.540001 36082200 30.942962
20140110 33.740002 33.810001 33.509998 33.619999 25342100 31.016766
20140113 33.59 33.650002 33.200001 33.299999 29281000 30.721544
20140114 33.330002 33.549999 33.16 33.48 22883600 30.887607
20140115 33.66 34.00 33.549999 33.790001 25786400 31.173605
20140116 33.889999 34.080002 33.810001 33.959999 16239000 31.33044
20140117 34.029999 34.029999 33.68 33.700001 23921700 31.090573
20140121 33.84 34.00 33.200001 33.57 29421500 30.970638
20140122 33.599998 33.66 33.310001 33.34 17411700 30.758448
20140123 33.220001 33.799999 33.150002 33.799999 28463300 31.182829
20140124 33.830002 34.290001 33.419998 33.419998 33184100 30.832252
20140127 33.529999 33.740002 33.43 33.509998 32786300 30.915283
20140128 33.50 33.810001 33.349998 33.700001 25457600 31.090573
20140129 32.400002 33.549999 32.009998 33.310001 83139800 30.730772
20140130 33.540001 33.59 33.009998 33.349998 29077000 30.767672
20140131 32.970001 33.689999 32.77 33.32 34211900 30.739996
20140203 33.32 33.32 31.90 31.950001 68010500 29.476078
20140204 32.080002 32.450001 32.00 32.450001 35940100 29.937362
20140205 32.400002 32.43 32.040001 32.080002 29793500 29.596013
20140206 32.310001 32.310001 31.74 32.00 45322100 29.522205
20140207 32.18 32.360001 31.950001 32.299999 29170600 29.798975
20140210 32.450001 32.459999 32.220001 32.439999 20621000 29.928134
20140211 32.619999 33.040001 32.509998 32.950001 26228800 30.398647
20140212 32.91 33.07 32.810001 32.939999 16554700 30.389419
20140213 32.830002 33.50 32.709999 33.490002 28062200 30.896835
20140214 33.380001 33.380001 33.060001 33.150002 18274800 30.583161
20140218 33.23 33.23 32.630001 32.82 22311900 30.278712
20140219 32.720001 33.02 32.599998 32.849998 19410900 30.306388
20140220 32.849998 33.380001 32.669998 33.18 20488900 30.610837
20140221 33.080002 33.23 32.779999 32.799999 19327200 30.26026
20140224 32.830002 32.869999 32.459999 32.470001 33499300 29.955814
20140225 32.509998 32.52 32.049999 32.169998 41048100 29.67904
20140226 32.25 32.290001 31.889999 32.00 36742200 29.522205
20140227 31.99 32.299999 31.809999 32.23 54923000 29.734396
20140228 32.25 32.32 31.790001 31.93 43468000 29.457626
20140303 31.799999 31.98 31.76 31.860001 30481700 29.393046
20140304 32.099998 32.220001 32.029999 32.150002 28444100 29.660592
20140305 32.240002 32.240002 32.009998 32.130001 24144600 29.64214
20140306 32.150002 32.369999 32.099998 32.34 19531800 29.835879
20140307 32.48 32.59 32.259998 32.540001 27103000 30.020393
20140310 32.279999 32.540001 32.189999 32.509998 24935700 29.992714
20140311 32.529999 32.529999 32.139999 32.23 20731600 29.734396
20140312 32.25 32.48 32.16 32.380001 25024400 29.872783
20140313 32.50 32.66 32.299999 32.349998 21708400 29.845103
20140314 32.290001 32.59 32.259998 32.490002 22368600 29.974266
20140317 32.68 32.889999 32.529999 32.889999 23584900 30.343291
20140318 32.93 33.040001 32.849998 32.98 25998200 30.426322
20140319 33.02 33.34 32.82 32.959999 31803400 30.407871
20140320 33.07 34.139999 33.009998 34.09 62615900 31.450375
20140321 34.34 34.799999 34.130001 34.299999 51002700 31.644113
20140324 34.41 34.759998 34.23 34.459999 53804800 31.791724
20140325 34.380001 34.889999 34.369999 34.720001 33408500 32.031594
20140326 34.91 35.029999 34.610001 34.610001 38594500 31.930111
20140327 34.66 35.029999 34.599998 34.959999 33382700 32.253009
20140328 35.080002 35.169998 34.77 35.07 24745300 32.354492
20140331 35.299999 35.50 34.990002 35.07 30486500 32.354492
20140401 35.009998 35.139999 34.650002 35.09 28773700 32.372943
20140402 35.16 35.48 35.040001 35.369999 28086800 32.631262
20140403 35.450001 35.669998 35.349998 35.630001 25397900 32.871132
20140404 35.830002 35.880001 35.50 35.549999 29350200 32.797324
20140407 35.540001 35.790001 35.490002 35.490002 32673300 32.741972
20140408 35.049999 35.27 34.91 35.27 29291700 32.966296
20140409 35.25 35.27 34.740002 34.919998 30493000 32.639154
20140410 35.150002 35.43 34.970001 35.119999 35424600 32.826092
20140411 35.130001 35.32 35.009998 35.200001 34551600 32.900868
20140414 35.279999 35.369999 35.060001 35.360001 15456600 33.050418
20140415 35.349998 35.68 35.330002 35.68 26484300 33.349516
20140416 35.759998 36.110001 35.700001 36.099998 24216900 33.742082
20140417 36.029999 36.23 35.919998 36.040001 25311800 33.686003
20140421 36.080002 36.169998 35.860001 36.060001 18756500 33.704697
20140422 36.099998 36.41 35.959999 36.290001 32001000 33.919674
20140423 35.009998 35.349998 34.459999 34.919998 59638700 32.639154
20140424 35.00 35.099998 34.450001 34.50 36619900 32.246589
20140425 34.43 34.549999 34.32 34.490002 21984700 32.237244
20140428 34.669998 35.150002 34.560001 35.080002 29626400 32.788707
20140429 35.32 35.48 35.049999 35.419998 20731900 33.106496
20140430 35.43 35.740002 35.259998 35.700001 22553300 33.36821
20140501 35.75 36.00 35.41 35.580002 27837400 33.256049
20140502 35.700001 35.799999 35.52 35.630001 15943400 33.302783
20140505 35.580002 35.759998 35.439999 35.759998 15938700 33.424289
20140506 35.759998 35.759998 35.48 35.490002 21487700 33.171928
20140507 35.560001 35.959999 35.52 35.759998 20267000 33.424289
20140508 35.889999 36.860001 35.799999 36.400002 36474100 34.02249
20140509 36.380001 36.509998 36.18 36.439999 15015500 34.059874
20140512 36.73 36.740002 36.16 36.57 23982100 34.181384
20140513 36.48 36.540001 35.889999 36.200001 34252300 33.835552
20140514 36.099998 36.57 36.009998 36.389999 24179500 34.013141
20140515 36.400002 36.610001 35.580002 36.52 20337500 34.134651
20140516 36.549999 36.790001 36.509998 36.740002 24018800 34.340282
20140519 35.990002 36.75 35.77 36.380001 77607200 34.003795
20140520 36.349998 36.349998 35.419998 35.50 39979000 33.181273
20140521 35.669998 35.709999 35.09 35.27 32682800 32.966296
20140522 35.32 35.50 35.25 35.380001 18026200 33.069112
20140523 35.360001 35.549999 35.25 35.32 17373800 33.013029
20140527 35.290001 35.400002 35.099998 35.209999 22452700 32.910214
20140528 35.290001 35.50 35.209999 35.34 20503700 33.031724
20140529 35.369999 35.439999 35.00 35.389999 14166400 33.078457
20140530 35.290001 35.529999 35.290001 35.470001 16164700 33.153233
20140602 35.50 35.549999 35.299999 35.439999 16222600 33.12519
20140603 35.43 35.599998 35.150002 35.200001 22262300 32.900868
20140604 35.200001 35.200001 34.950001 35.049999 26906000 32.760664
20140605 35.07 35.130001 34.799999 35.099998 22265300 32.807398
20140606 35.07 35.099998 34.889999 35.02 17130700 32.732625
20140609 35.049999 35.119999 34.939999 35.009998 17660300 32.723276
20140610 34.919998 35.099998 34.860001 34.939999 17694200 32.657849
20140611 34.950001 35.040001 34.799999 34.810001 16329600 32.536342
20140612 34.84 34.869999 34.619999 34.830002 19062400 32.555036
20140613 34.919998 35.150002 34.779999 35.029999 19976700 32.74197
20140616 34.970001 35.09 34.900002 34.98 14109700 32.695237
20140617 35.02 35.150002 34.950001 35.02 17310300 32.732625
20140618 35.02 35.209999 34.970001 35.200001 20301100 32.900868
20140619 35.25 35.389999 35.200001 35.360001 19514000 33.050418
20140620 35.630001 35.75 35.349998 35.389999 28984000 33.078457
20140623 35.57 35.57 35.259998 35.389999 14507600 33.078457
20140624 35.389999 35.580002 35.209999 35.290001 21166100 32.98499
20140625 35.220001 35.290001 35.099998 35.259998 15275400 32.956947
20140626 35.310001 35.310001 35.099998 35.259998 15789800 32.956947
20140627 35.169998 35.43 35.099998 35.41 20942300 33.097151
20140630 35.400002 35.549999 35.330002 35.360001 19118700 33.050418
20140701 35.23 35.529999 35.150002 35.48 21774600 33.162579
20140702 35.48 35.669998 35.43 35.669998 14225800 33.340167
20140703 35.849998 35.869999 35.689999 35.84 11681200 33.499065
20140707 35.900002 36.099998 35.849998 36.02 19577000 33.667309
20140708 35.540001 35.73 35.41 35.560001 20139500 33.667308
20140709 35.700001 35.720001 35.509998 35.650002 15910100 33.752518
20140710 35.380001 35.77 35.380001 35.700001 14594000 33.799856
20140711 35.720001 35.830002 35.57 35.759998 11559400 33.85666
20140714 35.860001 35.939999 35.709999 35.860001 12564400 33.95134
20140715 35.950001 36.349998 35.919998 36.240002 34987200 34.311115
20140716 36.450001 36.549999 36.330002 36.450001 20223000 34.509937
20140717 36.27 36.470001 35.98 36.029999 19143000 34.11229
20140718 36.18 36.189999 36.00 36.169998 16132500 34.244838
20140721 36.07 36.16 35.880001 35.959999 20917400 34.046016
20140722 36.029999 36.099998 35.77 35.939999 18185700 34.02708
20140723 35.900002 35.959999 35.799999 35.880001 15179800 33.970276
20140724 35.43 35.720001 35.029999 35.50 45151800 33.6105
20140725 35.369999 35.700001 35.360001 35.540001 18663300 33.648372
20140728 35.549999 35.77 35.50 35.650002 20593000 33.752518
20140729 37.43 37.48 36.459999 36.59 92453000 34.642485
20140730 36.450001 36.630001 36.07 36.360001 20446300 34.424727
20140731 36.049999 36.209999 35.509998 35.59 34603600 33.69571
20140801 35.779999 35.82 35.279999 35.330002 23962400 33.449551
20140804 35.369999 35.529999 35.200001 35.459999 21300200 33.572629
20140805 35.360001 35.459999 35.009998 35.110001 19505100 33.241259
20140806 35.00 35.02 34.360001 34.619999 35941100 32.777338
20140807 34.75 34.790001 34.169998 34.209999 20749200 32.38916
20140808 34.299999 34.50 34.18 34.470001 18771100 32.635324
20140811 34.689999 34.759998 34.41 34.470001 14724900 32.635324
20140812 34.580002 34.700001 34.48 34.639999 15322900 32.796274
20140813 34.75 34.830002 34.50 34.689999 15951400 32.843612
20140814 34.830002 34.93 34.599998 34.91 14588800 33.051903
20140815 34.93 34.970001 34.459999 34.740002 26952100 32.890953
20140818 34.869999 34.900002 34.57 34.650002 18496100 32.805743
20140819 34.689999 34.689999 34.330002 34.48 20478400 32.64479
20140820 34.540001 34.560001 34.439999 34.529999 12549500 32.692128
20140821 34.529999 34.75 34.509998 34.639999 15931900 32.796274
20140822 34.560001 34.630001 34.349998 34.50 14285400 32.663726
20140825 34.52 34.66 34.450001 34.509998 17321500 32.673192
20140826 34.599998 34.650002 34.459999 34.50 14805600 32.663726
20140827 34.59 34.790001 34.540001 34.75 14853400 32.900419
20140828 34.66 34.75 34.560001 34.740002 10539700 32.890953
20140829 34.73 34.959999 34.619999 34.959999 12709000 33.099241
20140902 34.93 35.00 34.700001 34.84 12691200 32.985629
20140903 34.950001 35.00 34.82 34.970001 13026600 33.108711
20140904 34.98 35.00 34.82 34.939999 12483900 33.080305
20140905 34.950001 35.259998 34.880001 35.150002 17799000 33.279131
20140908 35.119999 35.119999 34.900002 35.009998 10786300 33.146579
20140909 35.040001 35.060001 34.549999 34.66 18782300 32.81521
20140910 34.73 34.779999 34.389999 34.700001 17719800 32.853081
20140911 34.610001 34.880001 34.50 34.849998 16024800 32.995096
20140912 34.830002 34.91 34.360001 34.50 20210100 32.663726
20140915 34.610001 34.779999 34.419998 34.689999 14689900 32.843612
20140916 34.610001 35.009998 34.580002 34.950001 15655300 33.089775
20140917 35.02 35.189999 34.830002 35.02 17137200 33.156049
20140918 35.119999 35.240002 35.009998 35.16 17230500 33.288597
20140919 35.349998 35.48 35.23 35.470001 21894300 33.582098
20140922 35.459999 35.549999 35.290001 35.50 16421200 33.6105
20140923 35.459999 35.509998 35.23 35.259998 16803200 33.383273
20140924 35.330002 35.490002 35.18 35.400002 13312300 33.515824
20140925 35.419998 35.43 34.98 35.080002 21239000 33.212857
20140926 35.200001 35.34 34.959999 35.279999 14351300 33.402209
20140929 35.139999 35.27 34.970001 35.23 14973000 33.354871
20140930 35.259998 35.400002 35.099998 35.240002 20015500 33.364341
20141001 35.09 35.23 34.93 34.959999 28857900 33.099241
20141002 35.040001 35.119999 34.82 34.970001 24826300 33.108711
20141003 35.259998 36.16 35.080002 35.360001 20777600 33.477953
20141006 35.560001 35.73 35.360001 35.490002 22122900 33.601034
20141007 35.529999 35.610001 35.310001 35.330002 21393600 33.449551
20141008 34.919998 35.169998 34.619999 35.150002 25150700 33.718145
20141009 35.099998 35.220001 34.599998 34.66 21607500 33.248104
20141010 34.759998 34.799999 34.240002 34.25 28941200 32.854806
20141013 34.169998 34.34 33.82 33.82 23641800 32.442322
20141014 33.880001 34.060001 33.720001 33.84 22636600 32.461507
20141015 33.68 33.98 33.099998 33.869999 48558700 32.490284
20141016 33.630001 33.830002 33.25 33.639999 29219100 32.269654
20141017 33.759998 34.200001 33.66 34.080002 24470600 32.691732
20141020 34.080002 34.290001 33.84 34.279999 15258700 32.883582
20141021 34.27 34.66 34.09 34.619999 21768900 33.209732
20141022 34.779999 34.790001 34.380001 34.50 24963100 33.094622
20141023 34.040001 34.110001 33.450001 33.66 55879200 32.288839
20141024 33.619999 33.939999 33.32 33.869999 29835100 32.490284
20141027 33.880001 34.240002 33.860001 34.110001 25358800 32.720509
20141028 34.310001 34.41 34.080002 34.330002 26016800 32.931549
20141029 34.400002 34.650002 34.169998 34.400002 22629600 32.998697
20141030 34.27 34.549999 34.119999 34.509998 18481800 33.104213
20141031 34.759998 34.849998 34.580002 34.84 24030300 33.420772
20141103 34.970001 35.029999 34.610001 34.84 22213400 33.420772
20141104 34.970001 35.080002 34.639999 34.790001 17839600 33.372809
20141105 34.939999 34.959999 34.709999 34.919998 15587500 33.497511
20141106 34.900002 34.950001 34.52 34.720001 17443700 33.305661
20141107 34.709999 34.970001 34.529999 34.91 17983700 33.48792
20141110 35.060001 35.139999 34.66 35.119999 17921700 33.689365
20141111 35.150002 35.150002 34.799999 35.099998 12293600 33.670179
20141112 35.049999 35.439999 34.959999 35.400002 18750000 33.957961
20141113 35.369999 35.900002 35.290001 35.610001 20900400 34.159406
20141114 35.639999 36.150002 35.599998 35.900002 20552800 34.437593
20141117 35.860001 35.900002 35.630001 35.849998 12957700 34.389627
20141118 35.77 35.869999 35.619999 35.720001 17122500 34.264925
20141119 35.630001 35.66 35.18 35.369999 19341900 33.929181
20141120 35.349998 35.439999 35.189999 35.279999 12248600 33.842847
20141121 35.48 35.50 34.990002 35.279999 28261900 33.842847
20141124 34.98 35.099998 34.220001 34.700001 36677200 33.286475
20141125 34.650002 34.849998 34.299999 34.82 29342100 33.401586
20141126 34.889999 35.200001 34.860001 35.130001 14142900 33.698959
20141128 35.279999 35.57 35.23 35.380001 12650500 33.938775
20141201 35.279999 35.369999 34.91 35.060001 19951000 33.631811
20141202 34.889999 35.009998 34.169998 34.290001 36826400 32.893177
20141203 34.25 34.259998 33.919998 34.00 30742700 32.61499
20141204 34.080002 34.099998 33.75 33.91 22992100 32.528656
20141205 33.880001 33.950001 33.720001 33.939999 18893400 32.557432
20141208 33.98 34.09 33.849998 33.880001 17080000 32.499879
20141209 33.310001 33.330002 32.400002 32.889999 59255500 31.550205
20141210 32.889999 32.889999 32.41 32.490002 34766700 31.166502
20141211 32.619999 33.049999 32.57 32.709999 28024700 31.377538
20141212 32.52 32.580002 32.16 32.16 30070400 30.849943
20141215 32.32 32.439999 32.07 32.25 29995700 30.936277
20141216 32.240002 32.810001 32.119999 32.139999 28952100 30.830757
20141217 32.220001 32.799999 32.16 32.669998 28939700 31.339166
20141218 33.02 33.509998 32.849998 33.509998 37622700 32.144948
20141219 33.48 33.759998 33.349998 33.540001 40198300 32.173729
20141222 33.66 33.98 33.57 33.849998 22690700 32.471098
20141223 34.07 34.16 33.91 34.029999 19399200 32.643766
20141224 34.02 34.189999 33.93 33.959999 8831900 32.576618
20141226 34.049999 34.23 33.98 34.169998 11486800 32.778063
20141229 34.07 34.27 34.02 34.110001 12708100 32.720509
20141230 34.09 34.200001 34.029999 34.080002 12369700 32.691732
20141231 33.98 34.080002 33.540001 33.59 24178100 32.221691
20150102 33.59 33.970001 33.59 33.869999 20564000 32.490284
20150105 33.869999 33.919998 33.52 33.549999 30429100 32.18332
20150106 33.77 33.810001 33.349998 33.599998 29595800 32.231282
20150107 33.580002 33.59 32.73 33.169998 31660000 32.270197
20150108 33.240002 33.580002 33.150002 33.50 22799800 32.591247
20150109 33.619999 33.689999 33.389999 33.400002 21492500 32.493961
20150112 33.59 33.759998 33.48 33.490002 20169900 32.581519
20150113 33.720001 33.919998 33.27 33.490002 24260300 32.581519
20150114 33.279999 33.450001 33.040001 33.330002 22093500 32.42586
20150115 33.330002 33.669998 33.18 33.259998 25800900 32.357755
20150116 33.139999 33.860001 33.139999 33.799999 37526900 32.883108
20150120 33.869999 33.959999 33.549999 33.950001 20257900 33.02904
20150121 33.810001 34.23 33.650002 34.00 34849300 33.077683
20150122 33.84 33.93 33.290001 33.790001 34756100 32.873381
20150123 33.799999 33.799999 33.34 33.369999 25450000 32.464772
20150126 33.32 33.34 33.049999 33.18 28533500 32.279928
20150127 33.09 33.119999 32.810001 32.810001 30806100 31.919966
20150128 33.470001 33.639999 32.639999 32.68 45847700 31.793491
20150129 32.68 33.099998 32.41 32.959999 31071400 32.065894
20150130 32.77 33.43 32.720001 32.919998 56280900 32.026978
20150202 33.310001 33.619999 32.799999 33.560001 37289500 32.64962
20150203 33.66 34.34 33.650002 34.34 41631400 33.40846
20150204 34.330002 34.75 34.23 34.41 29862300 33.476561
20150205 34.490002 34.599998 34.32 34.540001 19076400 33.603035
20150206 34.490002 35.049999 34.41 34.869999 27513600 33.924082
20150209 34.709999 34.91 34.59 34.639999 20110600 33.700321
20150210 34.860001 35.07 34.790001 34.849998 19874100 33.904624
20150211 34.790001 34.830002 34.25 34.389999 31904300 33.457103
20150212 34.41 34.619999 34.240002 34.610001 19865600 33.671136
20150213 34.549999 34.73 34.369999 34.66 16082400 33.719779
20150217 34.599998 34.73 34.450001 34.709999 19254600 33.768422
20150218 34.73 34.73 34.349998 34.490002 17098600 33.554393
20150219 34.48 34.48 34.029999 34.09 18916000 33.165242
20150220 34.060001 34.080002 33.82 34.080002 21282000 33.155515
20150223 33.970001 34.049999 33.740002 33.849998 23418800 32.931751
20150224 33.75 34.119999 33.599998 34.049999 19382000 33.126326
20150225 34.130001 34.220001 33.98 34.209999 17838200 33.281986
20150226 34.119999 34.59 34.060001 34.50 23156200 33.56412
20150227 34.419998 34.580002 34.380001 34.560001 19863600 33.622493
20150302 34.560001 34.650002 34.209999 34.639999 21637600 33.700321
20150303 34.529999 34.650002 34.349998 34.41 20202400 33.476561
20150304 34.450001 34.450001 33.970001 34.00 23392300 33.077683
20150305 34.150002 34.200001 33.990002 34.00 14524100 33.077683
20150306 33.580002 33.77 33.369999 33.48 39761500 32.571789
20150309 33.450001 33.59 33.310001 33.349998 19465200 32.445314
20150310 33.259998 33.259998 32.75 32.779999 32469500 31.890777
20150311 32.880001 32.889999 32.52 32.619999 29021600 31.735117
20150312 32.84 33.209999 32.700001 33.130001 27016800 32.231285
20150313 32.990002 33.029999 32.599998 32.759998 26808000 31.871319
20150316 32.790001 33.099998 32.68 33.060001 20531500 32.163184
20150317 32.849998 33.119999 32.77 32.900002 23903200 32.007524
20150318 32.93 33.59 32.689999 33.59 47849300 32.678805
20150319 33.509998 33.509998 33.18 33.200001 19913700 32.299385
20150320 33.27 33.599998 33.209999 33.23 38651800 32.32857
20150323 33.369999 33.68 33.279999 33.279999 23983800 32.377213
20150324 33.23 33.419998 33.07 33.07 20127200 32.172911
20150325 33.02 33.110001 32.619999 32.619999 29163100 31.735117
20150326 32.630001 33.130001 32.610001 32.82 30624200 31.929693
20150327 32.939999 32.950001 32.700001 32.75 20852700 31.861592
20150330 32.82 33.040001 32.799999 32.970001 18904300 32.075625
20150331 32.970001 33.029999 32.650002 32.650002 27900200 31.764306
20150401 32.619999 32.91 32.540001 32.889999 25365000 31.997793
20150402 32.900002 33.23 32.82 33.130001 19273900 32.231285
20150406 33.150002 33.41 33.060001 33.330002 22972500 32.42586
20150407 33.349998 33.450001 33.16 33.16 24005000 32.26047
20150408 32.73 32.849998 32.57 32.650002 21381200 32.220997
20150409 32.580002 32.790001 32.439999 32.689999 21073700 32.260469
20150410 32.77 32.830002 32.650002 32.77 15063600 32.339419
20150413 32.759998 33.07 32.700001 32.880001 22731000 32.447975
20150414 32.919998 32.93 32.619999 32.689999 18265100 32.260469
20150415 32.709999 32.959999 32.639999 32.889999 19856000 32.457842
20150416 32.759998 32.900002 32.700001 32.75 17597300 32.319682
20150417 32.650002 32.700001 32.369999 32.509998 29716200 32.082834
20150420 32.650002 32.869999 32.650002 32.830002 24314600 32.398632
20150421 32.84 32.849998 32.580002 32.66 19720400 32.230864
20150422 32.779999 32.889999 32.549999 32.860001 29775500 32.428237
20150423 33.450001 34.400002 33.330002 34.23 91372900 33.780235
20150424 34.209999 34.32 33.959999 34.009998 42046900 33.563124
20150427 34.049999 34.299999 34.040001 34.09 24468900 33.642075
20150428 34.279999 34.990002 34.169998 34.860001 48688400 34.401958
20150429 34.580002 35.23 34.540001 34.759998 40722500 34.30327
20150430 34.700001 34.900002 34.549999 34.639999 29693200 34.184848
20150501 34.560001 34.720001 34.130001 34.419998 34167600 33.967737
20150504 34.41 34.709999 34.25 34.529999 21305000 34.076292
20150505 34.490002 34.580002 33.66 33.720001 31805000 33.276938
20150506 33.709999 33.790001 33.080002 33.380001 30701500 32.941405
20150507 33.25 33.560001 33.110001 33.369999 22643500 32.931534
20150508 33.720001 33.830002 33.59 33.689999 27681400 33.247329
20150511 33.650002 33.700001 33.380001 33.490002 21479700 33.04996
20150512 33.310001 33.939999 33.029999 33.66 41281600 33.217725
20150513 33.630001 34.139999 33.57 33.900002 34748800 33.454573
20150514 34.080002 34.200001 34.00 34.130001 23908700 33.68155
20150515 34.110001 34.389999 34.009998 34.330002 28264100 33.878923
20150518 34.279999 35.02 34.259998 34.869999 59611900 34.411825
20150519 34.790001 34.849998 34.169998 34.369999 38270700 33.918395
20150520 34.43 34.709999 34.290001 34.619999 27280100 34.16511
20150521 34.549999 35.220001 34.52 35.07 41576000 34.609198
20150522 34.889999 35.029999 34.619999 34.709999 26349200 34.253928
20150526 34.599998 34.759998 34.259998 34.669998 40655000 34.214452
20150527 34.75 35.099998 34.599998 34.950001 36633600 34.490776
20150528 34.959999 34.970001 34.639999 34.799999 19591700 34.342745
20150529 34.75 34.82 34.540001 34.540001 29885100 34.086163
20150601 34.529999 34.599998 34.240002 34.349998 28235700 33.898657
20150602 34.369999 34.529999 34.279999 34.360001 19508800 33.908528
20150603 34.450001 35.169998 34.360001 35.029999 39115900 34.569723
20150604 34.919998 35.48 34.779999 35.27 56219000 34.806571
20150605 35.16 35.169998 34.50 34.57 36713200 34.115768
20150608 34.50 34.720001 34.490002 34.59 25928800 34.135505
20150609 34.59 34.790001 34.50 34.509998 23986600 34.056555
20150610 34.59 34.759998 34.59 34.720001 31312300 34.263798
20150611 34.82 34.98 34.779999 34.880001 30440800 34.421696
20150612 34.75 34.959999 34.639999 34.650002 25869100 34.194718
20150615 34.540001 34.57 34.400002 34.41 24465500 33.95787
20150616 34.299999 34.75 34.259998 34.669998 29729800 34.214452
20150617 34.720001 34.849998 34.540001 34.799999 30455900 34.342745
20150618 34.799999 35.099998 34.759998 35.02 37333200 34.559856
20150619 34.919998 35.060001 34.880001 34.990002 35661000 34.530251
20150622 35.099998 35.150002 35.00 35.040001 23586500 34.579593
20150623 35.57 36.25 35.509998 35.91 69970900 35.438161
20150624 35.919998 35.950001 35.68 35.779999 33443200 35.309868
20150625 36.130001 36.450001 36.040001 36.18 47585200 35.704614
20150626 36.380001 36.400002 35.91 36.119999 30005900 35.645401
20150629 35.869999 36.23 35.75 35.77 28999200 35.300001
20150630 36.029999 36.150002 35.459999 35.52 31390100 35.053286
20150701 35.59 35.630001 35.27 35.57 36972200 35.102628
20150702 35.849998 35.93 35.639999 35.73 22254300 35.260526
20150706 35.599998 35.66 35.470001 35.610001 25640300 35.142103
20150707 35.790001 35.849998 35.369999 35.77 27143900 35.300001
20150708 35.279999 35.32 34.740002 34.790001 31591700 34.790001
20150709 35.02 35.040001 34.330002 34.389999 33071300 34.389999
20150710 34.619999 34.849998 34.549999 34.650002 30999200 34.650002
20150713 34.75 34.970001 34.669998 34.880001 26803200 34.880001
20150714 34.740002 35.130001 34.66 35.119999 24825900 35.119999
20150715 35.099998 35.130001 34.68 34.73 29016600 34.73
20150716 34.849998 35.189999 34.849998 35.16 18428700 35.16
20150717 35.099998 35.240002 34.900002 35.009998 20301700 35.009998
20150720 35.040001 35.060001 34.709999 34.900002 22212600 34.900002
20150721 34.669998 34.669998 34.389999 34.57 27142800 34.57
20150722 34.25 34.349998 34.02 34.27 51719500 34.27
20150723 34.279999 34.34 33.860001 33.93 34225400 33.93
20150724 34.66 35.09 34.290001 34.290001 86858600 34.290001
20150727 34.220001 34.66 34.02 34.32 50226300 34.32
20150728 34.57 34.580002 34.220001 34.330002 52260700 34.330002
20150729 34.470001 34.91 34.369999 34.689999 39801100 34.689999
20150730 34.860001 34.889999 34.68 34.799999 25951100 34.799999
20150731 34.939999 34.990002 34.720001 34.740002 29820600 34.740002
20150803 34.950001 35.02 34.50 34.66 29655200 34.66
20150804 34.790001 34.799999 34.50 34.580002 25945800 34.580002
20150805 34.790001 34.830002 34.509998 34.57 22777900 34.57
20150806 34.549999 34.59 33.950001 34.240002 32698200 34.240002
20150807 34.110001 34.259998 34.040001 34.209999 25612900 34.209999
20150810 34.299999 34.779999 34.200001 34.779999 29136400 34.779999
20150811 34.599998 34.959999 34.57 34.650002 35374400 34.650002
20150812 33.860001 34.07 33.450001 34.02 61974500 34.02
20150813 34.009998 34.169998 33.790001 33.810001 35169100 33.810001
20150814 33.91 34.049999 33.779999 34.049999 22725700 34.049999
20150817 33.959999 34.23 33.900002 34.23 20452700 34.23
20150818 34.16 34.43 34.119999 34.349998 20517900 34.349998
20150819 34.299999 34.50 34.07 34.360001 21046100 34.360001
20150820 34.169998 34.459999 33.950001 33.950001 38293700 33.950001
20150821 33.700001 33.950001 33.380001 33.380001 41507600 33.380001
20150824 32.18 32.689999 30.969999 32.369999 75966100 32.369999
20150825 33.110001 33.110001 31.77 31.799999 50232700 31.799999
20150826 32.360001 32.849998 32.009998 32.689999 46296100 32.689999
20150827 33.009998 33.490002 32.82 33.439999 41918300 33.439999
20150828 33.34 33.450001 33.099998 33.290001 24141300 33.290001
20150831 33.200001 33.279999 33.009998 33.200001 22215500 33.200001
20150901 32.599998 32.790001 32.16 32.32 32919400 32.32
20150902 32.970001 32.970001 32.50 32.82 23972900 32.82
20150903 32.970001 33.240002 32.919998 33.040001 22813500 33.040001
20150904 32.68 32.779999 32.349998 32.560001 29310900 32.560001
20150908 32.950001 33.189999 32.810001 33.139999 18657600 33.139999
20150909 33.400002 33.50 32.720001 32.779999 22417800 32.779999
20150910 32.77 32.84 32.549999 32.75 25551200 32.75
20150911 32.73 32.779999 32.560001 32.720001 17613900 32.720001
20150914 32.740002 32.779999 32.509998 32.549999 18260900 32.549999
20150915 32.68 32.93 32.540001 32.860001 22335100 32.860001
20150916 32.860001 33.099998 32.759998 32.939999 23475100 32.939999
20150917 32.73 33.139999 32.41 32.779999 37591600 32.779999
20150918 32.68 32.790001 32.41 32.549999 43688500 32.549999
20150921 32.549999 32.689999 32.450001 32.560001 19861600 32.560001
20150922 32.32 32.450001 32.130001 32.27 25464200 32.27
20150923 32.290001 32.34 32.040001 32.200001 15696000 32.200001
20150924 32.02 32.23 31.950001 32.110001 24334700 32.110001
20150925 32.27 32.700001 32.16 32.330002 27002100 32.330002
