20130102 73.089996 73.089996 72.50 72.860001 2886500 68.337788
20130103 72.800003 73.599998 72.519997 73.419998 2124800 68.863028
20130104 73.50 74.190002 73.360001 74.059998 2013300 69.463305
20130107 73.669998 73.889999 72.599998 73.059998 2207500 68.525372
20130108 72.980003 73.389999 72.849998 73.190002 1431200 68.647308
20130109 73.419998 74.129997 73.32 73.940002 1617100 69.350757
20130110 74.309998 74.470001 74.00 74.449997 2358200 69.829098
20130111 74.389999 74.870003 74.290001 74.849998 1266600 70.204272
20130114 74.870003 75.139999 74.580002 74.949997 859300 70.298064
20130115 74.690002 75.709999 74.510002 75.559998 1803100 70.870204
20130116 75.480003 75.919998 75.110001 75.550003 1238300 70.86083
20130117 75.620003 76.120003 75.290001 75.900002 1524200 71.189105
20130118 76.089996 76.669998 75.949997 76.309998 2672100 71.573653
20130122 79.50 80.00 77.760002 77.949997 4917500 73.111863
20130123 78.059998 78.099998 77.150002 77.639999 2496000 72.821106
20130124 77.779999 78.489998 77.620003 78.089996 1546700 73.243173
20130125 78.25 78.550003 77.82 78.349998 1524200 73.487037
20130128 78.199997 78.440002 77.330002 77.349998 1703600 72.549104
20130129 77.400002 78.00 77.279999 77.809998 1455500 72.980553
20130130 77.629997 77.870003 77.089996 77.580002 1728200 72.764832
20130131 77.589996 78.589996 77.489998 78.459999 3044600 73.59021
20130201 79.00 80.440002 78.959999 79.889999 3129600 74.931455
20130204 78.57 78.830002 77.790001 78.00 3545600 73.158762
20130205 78.199997 79.029999 78.00 78.650002 2661400 73.76842
20130206 78.150002 78.980003 78.029999 78.959999 2224200 74.059177
20130207 79.139999 79.160004 78.050003 79.120003 2285900 74.20925
20130208 79.120003 79.120003 78.43 78.860001 2422000 73.965385
20130211 78.75 79.32 78.529999 79.209999 1648800 74.29366
20130212 79.099998 80.18 79.099998 79.900002 1745600 74.940836
20130213 79.900002 80.309998 79.809998 79.989998 1457600 75.025247
20130214 79.639999 80.470001 79.529999 80.339996 1810600 75.353522
20130215 80.760002 80.849998 79.949997 80.389999 2257700 75.400421
20130219 80.50 81.07 80.269997 80.599998 2199800 75.597386
20130220 80.660004 80.959999 80.07 80.110001 2046900 75.137801
20130221 80.080002 80.400002 79.919998 80.379997 2422200 75.39104
20130222 80.68 81.150002 80.580002 81.010002 1773600 75.981942
20130225 80.989998 81.00 79.25 79.25 2491300 74.331178
20130226 79.419998 80.110001 79.279999 80.040001 2062300 75.072146
20130227 80.110001 80.839996 79.870003 80.779999 1385800 75.766214
20130228 80.610001 81.25 80.330002 80.419998 2160800 75.428558
20130301 80.160004 80.720001 79.349998 80.690002 1843700 75.681804
20130304 80.650002 80.650002 79.989998 80.519997 1501600 75.52235
20130305 80.790001 82.00 80.559998 81.459999 2079000 76.404009
20130306 81.610001 81.879997 80.900002 81.07 1277400 76.470036
20130307 81.110001 81.440002 80.900002 81.199997 1141600 76.592657
20130308 81.68 82.050003 81.239998 81.650002 1396400 77.017128
20130311 81.580002 81.800003 81.18 81.75 1311300 77.111453
20130312 81.559998 81.940002 81.470001 81.739998 1234700 77.102018
20130313 81.769997 82.269997 81.720001 82.120003 1424200 77.460461
20130314 82.239998 82.889999 81.980003 82.360001 2082500 77.686841
20130315 82.639999 83.150002 81.959999 82.279999 4755100 77.611379
20130318 81.860001 83.110001 81.860001 82.529999 1996200 77.847194
20130319 82.739998 83.410004 82.660004 83.190002 2018500 78.469748
20130320 83.599998 84.099998 83.370003 83.839996 1941500 79.082861
20130321 83.529999 84.089996 83.400002 83.75 1846300 78.997971
20130322 84.370003 84.370003 83.419998 83.690002 2379700 78.941378
20130325 84.029999 84.110001 82.940002 83.370003 2229700 78.639535
20130326 83.639999 84.059998 83.190002 83.360001 2034900 78.630101
20130327 83.099998 83.589996 82.57 83.370003 2005800 78.639535
20130328 83.43 84.279999 83.43 84.190002 1312700 79.413008
20130401 84.370003 84.720001 83.75 83.949997 1306000 79.18662
20130402 84.099998 84.620003 84.099998 84.410004 1200900 79.620526
20130403 84.639999 84.720001 83.669998 83.720001 1674700 78.969675
20130404 83.919998 84.610001 83.849998 84.339996 1366900 79.554491
20130405 83.779999 84.480003 83.339996 84.410004 1912300 79.620526
20130408 84.379997 84.790001 83.980003 84.730003 1121100 79.922369
20130409 84.970001 85.599998 84.650002 85.269997 1401700 80.431722
20130410 85.290001 85.610001 84.639999 84.809998 1626400 79.997824
20130411 84.989998 86.129997 84.989998 86.059998 2246700 81.176898
20130412 85.910004 86.410004 85.610001 86.260002 1180900 81.365554
20130415 86.199997 86.610001 84.709999 84.709999 2303100 79.903499
20130416 85.080002 86.599998 84.75 86.550003 2238100 81.6391
20130417 86.059998 86.150002 84.800003 85.07 2145800 80.243073
20130418 85.43 85.699997 83.730003 84.099998 1913800 79.328111
20130419 84.330002 84.940002 84.239998 84.809998 2164400 79.997824
20130422 84.800003 85.029999 83.949997 84.580002 2775200 79.780878
20130423 87.410004 89.00 85.760002 86.349998 3445200 81.450444
20130424 86.360001 86.639999 85.57 85.860001 2033600 80.988249
20130425 85.949997 86.00 85.07 85.269997 2137700 80.431722
20130426 85.220001 85.849998 85.129997 85.150002 1652200 80.318536
20130429 85.199997 85.599998 84.75 85.480003 2124300 80.629813
20130430 85.260002 85.639999 85.040001 85.410004 1675100 80.563785
20130501 85.459999 85.489998 83.980003 84.099998 1821700 79.328111
20130502 84.110001 84.510002 84.00 84.419998 1348000 79.629953
20130503 85.050003 85.709999 85.029999 85.410004 1659500 80.563785
20130506 85.370003 85.559998 84.910004 85.309998 1558300 80.469454
20130507 86.220001 86.230003 85.510002 86.019997 1181400 81.139167
20130508 86.120003 87.290001 86.019997 87.279999 2590300 82.327676
20130509 87.279999 87.400002 86.230003 86.459999 1651800 81.554203
20130510 86.559998 86.690002 86.00 86.489998 1134300 81.5825
20130513 86.309998 86.839996 86.190002 86.50 884600 81.591935
20130514 86.599998 87.900002 86.50 87.900002 1635300 82.912499
20130515 87.650002 87.910004 87.029999 87.779999 1688200 82.799305
20130516 87.589996 87.690002 86.620003 86.870003 1674900 81.940943
20130517 87.099998 87.349998 86.050003 86.50 2203700 81.591935
20130520 86.239998 86.669998 85.43 85.550003 1668200 80.695841
20130521 85.349998 85.660004 83.160004 83.629997 4430000 78.884778
20130522 83.559998 84.32 83.269997 83.769997 3411800 79.016833
20130523 83.139999 83.839996 82.760002 83.50 2011200 78.762156
20130524 82.910004 83.620003 82.589996 83.599998 1294900 78.856481
20130528 84.379997 84.459999 82.739998 83.220001 2388900 78.498045
20130529 82.889999 83.959999 82.629997 83.669998 2416300 78.922509
20130530 83.660004 84.779999 83.660004 84.559998 1721800 79.762009
20130531 84.389999 85.089996 83.720001 83.720001 2353600 78.969675
20130603 83.779999 84.080002 82.959999 83.760002 2294900 79.007406
20130604 83.900002 84.32 83.43 83.82 2491200 79.063999
20130605 83.50 83.900002 82.199997 82.239998 2958400 77.573648
20130606 81.860001 81.949997 80.629997 81.739998 2763500 77.573645
20130607 82.139999 83.720001 81.50 83.440002 2970800 79.186999
20130610 83.440002 83.620003 82.519997 83.300003 2206000 79.054136
20130611 82.550003 82.900002 81.879997 82.080002 2147200 77.896319
20130612 82.559998 82.839996 81.440002 81.449997 1439200 77.298426
20130613 81.519997 82.830002 80.910004 82.800003 1655100 78.579621
20130614 82.879997 83.080002 81.970001 82.150002 1268900 77.962751
20130617 82.480003 83.790001 82.480003 83.230003 2043600 78.987704
20130618 83.419998 84.269997 83.410004 84.089996 2021700 79.803863
20130619 83.889999 84.080002 82.279999 82.279999 1913800 78.086122
20130620 81.519997 81.709999 79.68 79.779999 2842600 75.713549
20130621 80.110001 80.309998 78.57 79.07 4046600 75.039739
20130624 78.139999 78.50 77.379997 77.849998 2833300 73.881922
20130625 78.300003 79.150002 78.199997 78.43 2287200 74.432361
20130626 78.93 80.019997 78.900002 79.790001 2367600 75.723041
20130627 80.050003 80.379997 79.809998 80.339996 1886400 76.245003
20130628 80.050003 80.639999 79.489998 79.919998 2662700 75.846413
20130701 80.440002 81.50 80.440002 81.110001 2291300 76.97576
20130702 81.010002 81.309998 79.519997 79.82 2281900 75.751511
20130703 79.540001 80.639999 79.349998 80.400002 789400 76.30195
20130705 80.93 81.349998 80.00 81.339996 1374000 77.194032
20130708 81.599998 82.309998 81.599998 81.760002 1551000 77.59263
20130709 82.330002 82.57 81.690002 82.050003 1915000 77.867849
20130710 82.019997 82.080002 81.089996 81.57 1451200 77.412312
20130711 82.620003 82.860001 82.139999 82.699997 1620200 78.484713
20130712 82.550003 84.239998 82.550003 84.18 2117500 79.889279
20130715 83.900002 84.18 83.050003 83.279999 2313000 79.035151
20130716 83.459999 83.760002 82.959999 83.230003 1348900 78.987704
20130717 83.68 84.129997 83.43 83.989998 1720100 79.708961
20130718 84.379997 84.699997 84.269997 84.529999 2359600 80.221438
20130719 84.559998 84.800003 84.190002 84.660004 1514600 80.344816
20130722 84.660004 85.529999 84.57 85.43 1717200 81.075565
20130723 84.760002 85.080002 82.099998 82.209999 5637300 78.01969
20130724 82.330002 82.830002 81.639999 82.18 2579100 77.991221
20130725 82.050003 82.949997 81.510002 82.849998 2656300 78.627068
20130726 82.550003 83.599998 82.120003 83.599998 2138000 79.33884
20130729 83.559998 83.599998 82.870003 83.410004 2011300 79.15853
20130730 83.599998 83.93 82.970001 83.389999 2282800 79.139545
20130731 83.510002 84.150002 83.25 83.550003 2481700 79.291393
20130801 84.25 84.769997 84.099998 84.360001 1809900 80.060105
20130802 84.379997 84.379997 83.510002 84.00 1525500 79.718453
20130805 83.870003 84.00 83.00 83.150002 1345600 78.91178
20130806 83.019997 83.239998 82.010002 82.360001 1921900 78.162046
20130807 82.099998 82.230003 81.470001 81.860001 1415700 77.687531
20130808 82.110001 82.709999 81.510002 82.029999 1908600 77.848865
20130809 82.089996 82.18 81.489998 82.099998 1366000 77.915296
20130812 81.550003 82.540001 81.470001 82.32 1788800 78.124084
20130813 82.349998 82.43 81.139999 81.940002 2018300 77.763456
20130814 81.550003 82.419998 81.550003 82.18 1925500 77.991221
20130815 81.519997 81.919998 80.830002 81.07 1887900 76.937798
20130816 81.129997 81.800003 81.019997 81.099998 1752800 76.966267
20130819 81.150002 81.190002 80.190002 80.230003 1542900 76.140616
20130820 80.25 80.709999 80.129997 80.269997 1578500 76.178571
20130821 80.099998 80.099998 79.129997 79.419998 2413800 75.371898
20130822 79.57 80.690002 79.379997 80.550003 1145800 76.444306
20130823 80.559998 80.599998 79.93 80.190002 1336200 76.102654
20130826 80.25 80.559998 79.889999 80.120003 1572800 76.036223
20130827 79.339996 79.989998 79.160004 79.739998 2241400 75.675587
20130828 79.669998 80.269997 79.379997 79.889999 1880800 75.817943
20130829 79.690002 80.75 79.50 80.25 1464900 76.159594
20130830 80.209999 80.25 79.410004 79.900002 1438200 75.827435
20130903 80.739998 81.300003 80.059998 80.57 1527100 76.463283
20130904 80.489998 81.32 80.260002 81.07 1500300 76.937798
20130905 80.940002 81.099998 80.589996 80.660004 1682100 76.548699
20130906 80.480003 81.050003 79.120003 80.489998 1923300 76.86383
20130909 80.739998 82.309998 80.540001 82.190002 2797100 78.487248
20130910 82.699997 82.849998 81.690002 82.540001 2552300 78.821478
20130911 82.559998 83.879997 82.419998 83.730003 2431100 79.95787
20130912 83.129997 83.599998 82.919998 83.120003 1988700 79.37535
20130913 83.410004 83.910004 83.230003 83.559998 1198600 79.795523
20130916 84.57 84.980003 84.25 84.57 2031200 80.760023
20130917 84.739998 85.120003 84.690002 84.870003 1711100 81.046511
20130918 84.099998 86.00 84.099998 85.910004 2155900 82.039659
20130919 86.459999 87.529999 86.050003 86.900002 2876600 82.985056
20130920 86.949997 87.419998 86.059998 86.059998 5257600 82.182895
20130923 86.620003 87.199997 86.339996 86.379997 2246000 82.488478
20130924 86.32 86.760002 85.769997 85.870003 2489000 82.00146
20130925 85.940002 86.449997 85.779999 85.980003 1341100 82.106505
20130926 85.919998 86.440002 85.559998 85.830002 1049400 81.963261
20130927 85.559998 85.650002 85.110001 85.410004 1143800 81.562184
20130930 84.889999 85.150002 84.360001 84.769997 1721400 80.95101
20131001 84.93 84.980003 84.379997 84.660004 1392500 80.845973
20131002 84.459999 84.480003 83.699997 84.480003 2441000 80.674081
20131003 84.32 84.349998 83.779999 84.059998 1998300 80.272997
20131004 84.080002 84.739998 83.940002 84.68 1452100 80.865068
20131007 84.050003 84.50 83.769997 84.089996 1271900 80.301645
20131008 84.00 84.169998 82.93 82.989998 1838900 79.251202
20131009 83.129997 83.199997 82.239998 82.349998 1675800 78.640036
20131010 83.019997 84.300003 83.019997 84.169998 2003300 80.378042
20131011 84.050003 84.779999 83.75 84.660004 1695700 80.845973
20131014 84.230003 85.279999 84.199997 85.199997 1377900 81.361638
20131015 84.93 85.080002 84.370003 84.480003 1753400 80.674081
20131016 85.160004 86.290001 85.050003 86.080002 2065900 82.201998
20131017 85.32 86.120003 84.870003 86.019997 1998000 82.144696
20131018 86.550003 86.760002 86.129997 86.580002 2027700 82.679473
20131021 86.690002 86.93 86.349998 86.760002 1768000 82.851364
20131022 88.050003 88.050003 86.260002 86.709999 3823600 82.803613
20131023 86.209999 86.449997 85.620003 86.279999 1945400 82.392985
20131024 86.279999 87.339996 86.169998 87.029999 1991600 83.109197
20131025 86.82 87.150002 86.529999 86.629997 1764100 82.727216
20131028 86.660004 87.459999 86.639999 87.110001 1625900 83.185594
20131029 87.260002 87.50 86.900002 87.279999 1562900 83.347934
20131030 87.279999 87.489998 86.529999 86.900002 1282200 82.985056
20131031 86.989998 87.089996 86.290001 86.300003 1821200 82.412088
20131101 86.580002 86.599998 86.019997 86.400002 1432000 82.507581
20131104 86.510002 87.099998 86.349998 86.599998 1095600 82.698568
20131105 86.470001 86.93 86.139999 86.459999 1445300 82.564876
20131106 86.540001 87.599998 86.459999 87.489998 1940600 83.548472
20131107 87.599998 88.029999 87.150002 87.220001 2139400 83.290639
20131108 87.150002 87.830002 87.010002 87.800003 1758400 83.844511
20131111 87.779999 88.309998 87.650002 87.970001 1367300 84.006851
20131112 87.50 87.860001 86.120003 86.440002 2496800 82.54578
20131113 86.239998 87.519997 86.080002 87.220001 2081900 83.290639
20131114 87.559998 88.279999 87.290001 88.25 1585900 84.274235
20131115 88.220001 88.870003 88.07 88.669998 1764700 84.675312
20131118 88.879997 88.93 88.07 88.18 1676800 84.207389
20131119 88.209999 88.440002 87.900002 88.089996 1274100 84.12144
20131120 88.059998 88.449997 87.690002 87.93 1755400 83.968652
20131121 88.18 89.419998 88.00 89.220001 1787700 85.200537
20131122 89.220001 90.589996 89.059998 90.519997 1885000 86.441966
20131125 90.550003 90.989998 90.529999 90.790001 2112200 86.699806
20131126 90.800003 91.230003 90.720001 90.790001 2454000 86.699806
20131127 90.989998 91.43 90.790001 90.989998 1902200 86.890793
20131129 91.209999 91.68 90.739998 90.739998 917100 86.652056
20131202 90.260002 90.400002 88.870003 89.00 3771100 84.990447
20131203 88.730003 89.589996 88.43 89.029999 2531800 85.019094
20131204 88.709999 89.459999 87.889999 88.610001 2349600 84.618018
20131205 88.370003 88.760002 87.839996 87.919998 2334300 83.9591
20131206 88.18 89.419998 88.18 89.010002 1831200 85.486154
20131209 89.050003 89.279999 88.330002 88.449997 2539400 84.948319
20131210 88.089996 88.830002 88.029999 88.440002 1931100 84.938721
20131211 88.419998 88.720001 87.040001 87.099998 2179900 83.651767
20131212 87.120003 87.370003 86.50 86.629997 1889300 83.200372
20131213 86.559998 86.790001 86.290001 86.489998 1568300 83.065915
20131216 86.989998 87.360001 86.650002 87.050003 2367800 83.60375
20131217 86.769997 87.00 86.260002 86.57 1852300 83.14275
20131218 86.959999 88.150002 86.620003 88.139999 2928000 84.650595
20131219 87.790001 88.93 87.790001 88.790001 2140300 85.274863
20131220 88.669998 89.639999 88.620003 89.18 3911300 85.649422
20131223 89.910004 89.910004 89.010002 89.160004 1277100 85.630217
20131224 89.110001 89.550003 89.010002 89.489998 512800 85.947147
20131226 89.889999 90.160004 89.379997 90.010002 938600 86.446565
20131227 90.010002 90.209999 89.449997 89.849998 758200 86.292896
20131230 90.040001 90.529999 89.860001 90.279999 1267900 86.705873
20131231 90.339996 90.739998 90.220001 90.540001 1107700 86.955582
20140102 90.510002 90.660004 88.970001 89.330002 1543900 85.793486
20140103 89.300003 89.669998 88.879997 89.160004 1448600 85.630217
20140106 89.720001 89.900002 88.769997 88.919998 1763600 85.399714
20140107 89.059998 89.169998 88.07 88.400002 1818300 84.900303
20140108 88.209999 88.400002 87.230003 87.580002 2627700 84.112767
20140109 87.760002 88.220001 87.169998 87.68 1687200 84.208806
20140110 88.099998 88.120003 87.080002 87.489998 1863000 84.026326
20140113 87.330002 87.550003 86.269997 86.339996 2215800 82.921852
20140114 86.800003 87.699997 86.800003 87.449997 2034200 83.987909
20140115 87.599998 88.00 87.32 87.879997 2063900 84.400886
20140116 87.550003 87.860001 86.910004 87.239998 1412100 83.786223
20140117 87.230003 87.300003 86.419998 86.470001 2931500 83.04671
20140121 86.25 86.269997 83.660004 85.00 6092100 81.634906
20140122 84.900002 85.07 84.349998 84.559998 3080900 81.212323
20140123 83.419998 84.370003 82.919998 83.07 4141800 79.781313
20140124 82.50 83.029999 81.610001 81.610001 3753600 78.379114
20140127 81.25 83.150002 81.220001 82.290001 4329300 79.032194
20140128 82.75 83.57 82.599998 83.099998 3158700 79.810124
20140129 82.309998 82.800003 82.010002 82.209999 3165200 78.955359
20140130 82.620003 82.720001 82.160004 82.360001 2754500 79.099422
20140131 81.389999 81.989998 80.879997 81.279999 5186100 78.062177
20140203 81.199997 81.279999 80.050003 80.260002 4116300 77.082561
20140204 80.57 80.629997 79.889999 80.349998 2628500 77.168995
20140205 80.07 80.93 80.019997 80.440002 2342400 77.255435
20140206 80.650002 80.730003 79.949997 80.690002 2642800 77.495538
20140207 81.190002 81.190002 80.230003 80.879997 2538100 77.678011
20140210 81.330002 82.440002 80.650002 82.349998 4305000 79.089816
20140211 82.400002 83.589996 82.209999 83.209999 3105600 79.91577
20140212 82.760002 83.099998 81.879997 82.260002 3732900 79.003382
20140213 81.870003 82.900002 81.559998 82.879997 2650700 79.598832
20140214 82.540001 84.07 82.540001 84.019997 2050800 80.6937
20140218 84.080002 84.790001 84.07 84.370003 2531500 81.02985
20140219 84.269997 85.18 83.980003 84.010002 3115900 80.684101
20140220 84.18 84.370003 83.370003 83.809998 2083500 80.492015
20140221 83.919998 84.110001 83.370003 83.790001 1895300 80.47281
20140224 83.830002 84.389999 83.400002 83.440002 2163200 80.136667
20140225 83.309998 83.440002 82.550003 83.339996 2681900 80.04062
20140226 83.400002 83.699997 83.010002 83.43 2157100 80.127061
20140227 83.279999 83.860001 83.099998 83.849998 1584900 80.530432
20140228 83.720001 84.199997 83.489998 83.839996 2286700 80.520826
20140303 83.449997 83.82 82.599998 83.18 1728600 79.886959
20140304 84.160004 84.489998 83.809998 84.110001 1864900 80.780141
20140305 84.050003 84.400002 83.620003 84.370003 2582700 81.02985
20140306 83.940002 84.529999 83.75 84.400002 1922100 81.541903
20140307 84.730003 84.860001 83.709999 83.93 2733700 81.087818
20140310 83.699997 83.889999 83.339996 83.779999 1954400 80.942896
20140311 84.139999 84.18 83.339996 83.580002 1859000 80.749672
20140312 83.150002 83.730003 83.00 83.43 1758500 80.60475
20140313 83.68 83.860001 82.510002 82.589996 2121000 79.793192
20140314 82.589996 82.839996 82.32 82.660004 2074400 79.860828
20140317 83.209999 83.779999 82.800003 83.540001 2758600 80.711025
20140318 83.690002 84.239998 83.360001 83.949997 2141100 81.107137
20140319 83.989998 84.239998 82.809998 83.199997 2526500 80.382535
20140320 82.900002 83.510002 82.510002 83.230003 2753400 80.411526
20140321 83.800003 84.059998 83.32 83.779999 6498300 80.942896
20140324 83.870003 84.260002 83.639999 83.860001 2795100 81.020189
20140325 84.32 84.669998 83.959999 84.029999 2021900 81.18443
20140326 84.43 84.489998 83.419998 83.43 2113300 80.60475
20140327 83.269997 83.830002 83.220001 83.489998 3563800 80.662716
20140328 83.860001 84.169998 83.440002 83.989998 2423300 81.145784
20140331 84.639999 85.129997 84.519997 85.099998 2106600 82.218196
20140401 85.169998 85.239998 84.160004 84.389999 2172800 81.53224
20140402 84.370003 85.269997 84.220001 84.650002 1997500 81.783437
20140403 84.830002 85.110001 84.449997 84.980003 1904600 82.102264
20140404 85.410004 86.059998 85.139999 85.199997 2333100 82.314808
20140407 85.190002 85.550003 84.93 85.00 2352500 82.121584
20140408 84.800003 84.910004 84.449997 84.730003 1750800 81.86073
20140409 84.830002 85.830002 84.669998 85.82 2098700 82.913815
20140410 85.699997 86.32 84.919998 84.989998 2138900 82.11192
20140411 84.910004 85.620003 84.860001 85.300003 2067000 82.411427
20140414 85.800003 85.949997 84.839996 85.50 3153000 82.604652
20140415 84.900002 85.959999 84.900002 85.889999 2164600 82.981444
20140416 86.519997 86.93 86.120003 86.779999 1826700 83.841305
20140417 87.150002 87.389999 86.400002 86.68 1888600 83.744693
20140421 86.709999 86.839996 86.059998 86.400002 2330000 83.474176
20140422 86.75 87.660004 86.010002 86.889999 3181900 83.94758
20140423 86.900002 88.57 86.730003 88.129997 2911100 85.145587
20140424 88.300003 88.989998 88.300003 88.589996 2239600 85.590009
20140425 88.699997 88.699997 87.989998 88.309998 2256200 85.319492
20140428 88.849998 90.279999 88.790001 89.639999 4086900 86.604455
20140429 90.00 90.940002 89.889999 90.900002 3649300 87.821789
20140430 90.699997 90.769997 90.029999 90.580002 2744500 87.512626
20140501 90.639999 90.919998 90.25 90.830002 2753600 87.75416
20140502 90.989998 91.68 90.839996 91.00 2100100 87.918401
20140505 90.82 90.919998 89.93 90.650002 1911400 87.580255
20140506 90.32 90.629997 89.809998 89.879997 2301000 86.836326
20140507 90.330002 91.510002 90.330002 91.07 3279200 87.98603
20140508 90.980003 91.529999 90.910004 91.239998 1775400 88.150272
20140509 91.07 91.360001 90.739998 91.300003 1640400 88.208245
20140512 92.120003 92.93 92.029999 92.040001 2072600 88.923184
20140513 92.370003 93.059998 92.220001 92.910004 2246800 89.763725
20140514 93.019997 93.040001 92.440002 92.650002 1330600 89.512528
20140515 92.449997 92.650002 91.910004 92.370003 2257200 89.242011
20140516 92.459999 92.620003 91.620003 92.580002 2331000 89.444898
20140519 92.480003 92.889999 92.139999 92.769997 1292200 89.628459
20140520 92.480003 92.980003 92.32 92.669998 1391800 89.531847
20140521 93.029999 93.339996 92.57 92.860001 1701900 89.715415
20140522 92.800003 93.099998 92.599998 93.010002 1364300 89.860337
20140523 93.010002 93.339996 92.410004 92.860001 1451200 89.715415
20140527 93.150002 93.650002 92.980003 93.489998 1590800 90.324078
20140528 93.43 93.809998 93.269997 93.459999 2048200 90.295096
20140529 93.400002 94.309998 93.400002 94.099998 1724200 90.913422
20140530 94.00 94.120003 93.370003 93.449997 2276700 90.285432
20140602 93.699997 94.010002 93.650002 93.709999 1454800 90.53663
20140603 93.080002 93.449997 92.870003 93.410004 2012100 90.246793
20140604 93.389999 94.75 93.129997 94.669998 2048300 91.46412
20140605 94.889999 95.00 94.239998 94.970001 1854800 91.753963
20140606 94.540001 94.970001 94.290001 94.360001 2157500 91.695654
20140609 94.709999 95.050003 94.550003 94.660004 1871000 91.987186
20140610 94.690002 95.160004 94.650002 95.099998 1730400 92.414758
20140611 94.809998 95.099998 94.599998 94.900002 1555600 92.220408
20140612 94.970001 95.190002 94.57 95.00 1840500 92.317583
20140613 94.949997 95.480003 94.82 95.410004 1446500 92.716009
20140616 95.209999 95.75 95.199997 95.459999 1306200 92.764593
20140617 94.93 95.690002 94.57 95.220001 2175700 92.531372
20140618 95.190002 95.57 94.910004 95.400002 2556600 92.70629
20140619 95.550003 95.660004 95.010002 95.599998 2115900 92.90064
20140620 95.82 96.18 94.559998 94.589996 4795700 91.919156
20140623 94.589996 95.239998 94.589996 94.949997 1930300 92.268991
20140624 94.809998 95.389999 94.529999 94.669998 1640200 91.996899
20140625 94.639999 95.040001 94.349998 94.860001 1298200 92.181536
20140626 94.879997 94.959999 93.610001 94.410004 1215500 91.744245
20140627 94.519997 94.900002 93.589996 93.919998 4143600 91.268076
20140630 94.080002 94.379997 93.650002 94.07 2153900 91.413842
20140701 94.879997 95.809998 94.739998 95.209999 1631100 92.521652
20140702 94.910004 95.25 94.43 94.620003 1114500 91.948315
20140703 94.639999 94.849998 94.349998 94.839996 828900 92.162097
20140707 94.50 94.769997 94.349998 94.550003 1319100 91.880292
20140708 94.419998 94.580002 93.849998 94.139999 2444700 91.481865
20140709 94.580002 94.769997 94.230003 94.699997 1512400 92.02605
20140710 93.730003 94.379997 93.550003 94.300003 1656100 91.637351
20140711 94.370003 94.739998 94.120003 94.68 1117000 92.006618
20140714 95.18 95.830002 95.18 95.559998 1416700 92.861768
20140715 95.529999 96.029999 95.470001 95.949997 1575800 93.240756
20140716 95.93 96.010002 95.459999 95.620003 1437800 92.920079
20140717 95.330002 95.739998 94.639999 94.699997 1202900 92.02605
20140718 94.93 95.440002 94.75 95.339996 1737200 92.647979
20140721 95.389999 95.580002 94.68 95.260002 1748800 92.570243
20140722 90.360001 92.099998 90.360001 91.629997 6323100 89.042735
20140723 91.519997 91.900002 91.279999 91.779999 2731700 89.188501
20140724 92.089996 93.089996 91.910004 92.879997 2410400 90.25744
20140725 92.910004 92.959999 91.790001 92.099998 1907800 89.499466
20140728 91.699997 92.099998 91.019997 91.879997 2490100 89.285676
20140729 92.089996 92.470001 91.089996 91.120003 2265100 88.547141
20140730 91.220001 91.589996 90.82 90.940002 2069400 88.372223
20140731 90.75 91.199997 89.550003 89.559998 2646900 87.031184
20140801 89.470001 90.029999 89.07 89.610001 2234100 87.079775
20140804 89.669998 90.019997 89.110001 89.900002 2167800 87.361588
20140805 89.669998 89.870003 88.82 89.120003 2218300 86.603613
20140806 88.93 89.919998 88.809998 89.699997 1400900 87.16723
20140807 89.839996 90.260002 89.660004 89.900002 1877200 87.361588
20140808 89.839996 90.629997 89.629997 90.480003 1803900 87.925213
20140811 90.589996 90.959999 90.510002 90.660004 1595700 88.10013
20140812 90.599998 91.220001 90.43 91.089996 1290100 88.517982
20140813 91.480003 91.580002 90.989998 91.269997 1405600 88.6929
20140814 91.370003 92.25 91.330002 92.220001 1076300 89.61608
20140815 92.339996 92.93 91.480003 92.129997 1343000 89.528617
20140818 92.419998 93.059998 92.379997 92.989998 1193900 90.364335
20140819 92.870003 93.059998 92.720001 92.910004 973000 90.286599
20140820 92.620003 93.160004 92.330002 93.110001 1023000 90.480949
20140821 93.010002 94.18 92.900002 93.940002 1348100 91.287515
20140822 93.879997 94.129997 93.50 93.75 1401300 91.102878
20140825 94.080002 94.519997 93.870003 94.290001 1335500 91.627631
20140826 94.519997 94.660004 94.110001 94.199997 1053300 91.540168
20140827 94.150002 94.769997 94.07 94.760002 1223000 92.084361
20140828 94.360001 94.769997 94.18 94.339996 1221400 91.676215
20140829 94.470001 94.760002 93.959999 94.709999 1376000 92.03577
20140902 94.919998 95.339996 94.349998 94.519997 2465700 91.851133
20140903 95.040001 95.32 94.370003 94.470001 1575700 91.802549
20140904 94.629997 94.989998 94.080002 94.260002 1491400 91.598479
20140905 94.239998 94.419998 93.480003 94.209999 1658700 91.549888
20140908 93.739998 94.019997 93.099998 93.269997 1408900 91.168672
20140909 93.400002 93.459999 92.580002 92.849998 2039700 90.758136
20140910 93.040001 93.540001 92.870003 93.169998 1456500 91.070926
20140911 92.849998 93.040001 92.550003 92.919998 1349700 90.826559
20140912 92.769997 93.00 92.32 92.419998 1539200 90.337823
20140915 92.580002 93.760002 92.349998 93.550003 1701900 91.44237
20140916 93.209999 94.059998 93.160004 93.639999 1167900 91.530339
20140917 93.559998 93.980003 93.43 93.650002 2029600 91.540115
20140918 93.940002 94.889999 93.690002 94.779999 1620000 92.644654
20140919 95.330002 95.379997 94.610001 94.610001 4375400 92.478486
20140922 94.559998 95.150002 94.470001 94.599998 1463800 92.468709
20140923 94.519997 94.550003 93.550003 93.550003 1418000 91.44237
20140924 93.480003 95.010002 93.449997 94.790001 1665900 92.654431
20140925 94.629997 94.790001 93.639999 93.699997 1998900 91.588984
20140926 93.790001 94.690002 93.360001 94.400002 1195900 92.273218
20140929 93.900002 94.07 93.389999 93.769997 1997400 91.657407
20140930 93.769997 94.400002 93.459999 93.940002 1802500 91.823583
20141001 94.120003 94.139999 92.989998 93.099998 2323400 91.002504
20141002 93.019997 93.529999 92.779999 93.07 2282400 90.973181
20141003 93.639999 94.660004 93.519997 94.459999 3226400 92.331864
20141006 95.040001 95.50 94.379997 94.699997 1724000 92.566455
20141007 94.099998 94.690002 93.660004 93.660004 2556100 91.549892
20141008 93.910004 94.57 93.620003 94.449997 3132300 92.322087
20141009 94.470001 95.440002 93.779999 93.889999 2543300 91.774706
20141010 94.269997 94.889999 93.860001 94.040001 2875000 91.921328
20141013 93.82 94.860001 93.459999 93.519997 2577600 91.413039
20141014 93.660004 94.379997 93.470001 93.68 3534200 91.569438
20141015 92.800003 93.080002 90.830002 91.989998 3475600 89.917511
20141016 91.010002 92.300003 90.949997 91.809998 2739500 89.741566
20141017 92.120003 93.400002 91.879997 93.239998 2948200 91.139349
20141020 93.379997 93.519997 92.849998 93.199997 2544600 91.100249
20141021 93.959999 94.540001 92.50 94.239998 3502800 92.116819
20141022 94.739998 96.290001 94.720001 95.580002 3762100 93.426634
20141023 96.379997 97.230003 96.18 96.769997 3707200 94.589819
20141024 96.589996 97.809998 96.459999 97.730003 2353300 95.528197
20141027 97.900002 99.029999 97.599998 98.870003 2580500 96.642513
20141028 99.290001 99.800003 99.080002 99.730003 2751900 97.483138
20141029 99.970001 100.169998 99.059998 99.419998 2049900 97.180117
20141030 99.099998 100.529999 99.07 100.00 2715900 97.747052
20141031 101.120003 101.190002 100.580002 100.800003 2349600 98.529031
20141103 100.809998 100.910004 99.940002 99.949997 3703500 97.698175
20141104 100.239998 101.43 99.82 101.129997 2920600 98.851591
20141105 101.580002 101.699997 100.82 101.489998 1767700 99.203481
20141106 101.889999 102.050003 101.279999 101.910004 1289900 99.614024
20141107 102.040001 102.470001 101.699997 102.370003 1434600 100.06366
20141110 102.110001 103.110001 102.110001 102.989998 2025300 100.669686
20141111 102.910004 103.599998 102.870003 102.940002 1595300 100.620817
20141112 102.690002 103.150002 102.139999 103.059998 1466300 100.738109
20141113 103.300003 103.519997 102.739998 103.230003 1420100 100.904285
20141114 103.139999 103.300003 102.089996 102.43 1704600 100.122305
20141117 102.209999 102.870003 102.040001 102.75 1643200 100.435096
20141118 102.57 103.300003 102.449997 102.849998 1787200 100.532841
20141119 102.610001 103.150002 102.379997 103.029999 1878300 100.708786
20141120 102.589996 103.720001 102.580002 103.459999 1596400 101.129099
20141121 104.389999 104.459999 103.550003 103.809998 1767100 101.471212
20141124 104.019997 104.239998 103.459999 103.790001 1463900 101.451666
20141125 104.089996 104.089996 103.110001 103.43 2251800 101.099776
20141126 103.410004 104.419998 103.410004 104.370003 1647900 102.018601
20141128 104.629997 105.07 104.220001 104.449997 834600 102.096793
20141201 104.379997 104.790001 104.019997 104.440002 1594800 102.087023
20141202 103.730003 104.589996 103.550003 104.400002 2102200 102.047923
20141203 104.239998 105.300003 104.00 105.190002 2384200 102.820126
20141204 105.190002 105.440002 104.809998 105.099998 3234800 102.73215
20141205 105.199997 105.910004 104.910004 105.199997 1730100 102.829895
20141208 104.93 106.129997 104.57 105.839996 2028700 103.999198
20141209 104.440002 105.639999 104.360001 105.019997 1975300 103.19346
20141210 104.550003 105.760002 104.220001 104.260002 2417000 102.446683
20141211 103.779999 105.730003 103.709999 104.57 2467600 102.751289
20141212 103.639999 104.769997 103.120003 103.160004 2247400 101.365816
20141215 103.639999 104.379997 102.139999 103.089996 1960500 101.297026
20141216 102.830002 104.43 102.57 103.080002 2196500 101.287206
20141217 103.279999 104.489998 102.93 104.410004 2386200 102.594076
20141218 105.410004 105.949997 104.699997 105.949997 2225300 104.107285
20141219 106.410004 106.699997 105.410004 105.75 3896900 103.910767
20141222 106.07 106.620003 105.629997 106.309998 1117200 104.461025
20141223 106.769997 107.290001 106.279999 106.949997 1290700 105.089893
20141224 107.400002 107.440002 106.620003 106.720001 540300 104.863897
20141226 107.230003 107.290001 106.690002 106.699997 779200 104.844241
20141229 106.690002 107.589996 106.510002 106.949997 824200 105.089893
20141230 106.949997 107.139999 106.400002 106.93 939300 105.070244
20141231 107.150002 107.940002 105.839996 105.849998 1064900 104.009026
20150102 106.290001 106.739998 104.940002 105.440002 1270800 103.606161
20150105 105.110001 105.239998 103.870003 104.169998 1728700 102.358245
20150106 104.07 104.690002 103.040001 103.239998 2350900 101.444419
20150107 104.379997 105.050003 103.650002 105.00 1558200 103.173811
20150108 105.849998 107.239998 105.660004 107.18 1941200 105.315896
20150109 107.260002 107.43 105.809998 105.830002 1415900 103.989377
20150112 106.059998 106.269997 104.949997 105.199997 1541600 103.370329
20150113 105.959999 107.230003 104.660004 105.360001 2086900 103.52755
20150114 103.639999 104.989998 102.989998 103.769997 2142900 101.9652
20150115 103.769997 104.620003 103.410004 104.209999 1547200 102.39755
20150116 104.440002 106.690002 104.169998 106.540001 2137100 104.687028
20150120 106.910004 107.269997 104.93 105.839996 2226800 103.999198
20150121 105.470001 106.040001 104.589996 105.010002 2517800 103.183639
20150122 106.50 108.239998 105.239998 108.169998 3486800 106.288676
20150123 107.989998 108.139999 106.93 107.00 1885300 105.139026
20150126 106.910004 107.239998 106.410004 107.07 1806400 105.207809
20150127 106.669998 106.730003 105.709999 106.050003 1681100 104.205552
20150128 106.50 106.980003 104.510002 104.580002 2262700 102.761117
20150129 104.889999 105.07 103.510002 104.540001 2797400 102.721812
20150130 102.75 104.110001 102.279999 102.82 3675400 101.031726
20150202 102.940002 104.620003 101.940002 104.580002 2060600 102.761117
20150203 104.82 106.089996 104.519997 106.040001 2478500 104.195724
20150204 105.660004 107.360001 105.580002 106.730003 2308200 104.873725
20150205 106.459999 107.480003 106.459999 107.410004 1705700 105.541899
20150206 107.410004 108.07 106.910004 107.199997 2464100 105.335545
20150209 105.43 106.160004 105.160004 105.769997 2206900 103.930415
20150210 106.139999 106.769997 105.989998 106.519997 2065500 104.667371
20150211 106.580002 107.919998 106.309998 107.769997 1865500 105.895631
20150212 107.779999 108.160004 107.559998 108.040001 2151900 106.160939
20150213 107.760002 108.400002 107.690002 108.00 2232200 106.121634
20150217 108.43 108.529999 107.949997 108.00 3307900 106.121634
20150218 107.480003 108.099998 107.360001 107.980003 1829800 106.101985
20150219 107.900002 108.290001 107.629997 107.989998 2155600 106.111806
20150220 107.589996 108.080002 106.75 107.82 2177200 105.944764
20150223 107.620003 107.629997 106.739998 107.080002 1817300 105.217637
20150224 106.959999 107.919998 106.959999 107.550003 1530200 105.679464
20150225 107.550003 107.75 106.879997 106.910004 2028900 105.050595
20150226 106.809998 108.040001 106.75 107.82 2673100 105.944764
20150227 107.669998 108.220001 107.309998 107.440002 3217100 105.571376
20150302 107.440002 107.959999 107.269997 107.900002 1344800 106.023375
20150303 107.449997 107.809998 106.900002 107.400002 1088600 105.532071
20150304 106.910004 107.290001 106.669998 106.879997 1640300 105.021111
20150305 106.879997 107.699997 106.68 107.599998 1418400 105.728589
20150306 106.480003 107.629997 105.709999 105.800003 2199700 104.494026
20150309 105.970001 106.989998 105.93 106.720001 1257000 105.402668
20150310 105.669998 105.75 104.720001 104.730003 1768000 103.437235
20150311 104.970001 106.050003 104.769997 105.669998 1837500 104.365626
20150312 106.370003 107.849998 106.309998 107.830002 1475100 106.498967
20150313 107.489998 107.669998 106.269997 106.720001 1719300 105.402668
20150316 107.50 109.080002 107.50 108.93 2020800 107.585388
20150317 108.150002 109.07 107.68 108.75 1663000 107.407609
20150318 108.779999 109.790001 107.709999 109.519997 2426400 108.168101
20150319 109.639999 109.760002 108.730003 109.110001 1448500 107.763166
20150320 109.580002 110.239998 109.18 109.730003 4366100 108.375516
20150323 109.589996 110.489998 109.459999 109.620003 1535500 108.266873
20150324 109.389999 109.849998 109.129997 109.230003 1217000 107.881687
20150325 109.239998 109.379997 107.550003 107.610001 1663600 106.281682
20150326 107.309998 107.379997 106.440002 106.830002 1489800 105.511311
20150327 106.639999 107.260002 106.379997 107.129997 1467800 105.807603
20150330 107.720001 109.68 107.699997 109.639999 2033200 108.286623
20150331 108.75 108.849998 107.919998 108.129997 1944800 106.79526
20150401 108.00 108.00 106.809998 107.110001 1860100 105.787854
20150402 107.129997 107.860001 106.970001 107.739998 1105600 106.410074
20150406 106.93 108.650002 106.82 108.129997 1052700 106.79526
20150407 108.129997 108.599998 107.339996 107.339996 1363300 106.01501
20150408 106.940002 107.690002 106.870003 107.339996 1544000 106.01501
20150409 107.339996 107.889999 106.769997 107.300003 1217800 105.975511
20150410 107.709999 107.790001 107.050003 107.650002 1699900 106.321189
20150413 107.360001 108.330002 107.300003 107.870003 1267300 106.538474
20150414 107.709999 108.599998 107.089996 107.790001 1307800 106.45946
20150415 108.160004 108.760002 108.00 108.080002 2055700 106.745881
20150416 107.779999 109.010002 107.459999 108.669998 1804300 107.328595
20150417 107.370003 107.580002 104.769997 105.400002 3553600 104.098962
20150420 106.139999 107.029999 105.839996 106.139999 2667700 104.829826
20150421 104.660004 105.25 101.559998 101.879997 5704600 100.622409
20150422 101.839996 102.190002 100.830002 102.019997 4271800 100.76068
20150423 101.349998 103.989998 101.349998 103.480003 3115100 102.202664
20150424 103.389999 104.230003 102.699997 103.949997 2222700 102.666856
20150427 105.129997 105.400002 103.040001 103.330002 2486900 102.054514
20150428 103.099998 104.309998 102.730003 103.68 2038700 102.400193
20150429 103.190002 103.580002 102.209999 102.849998 2177200 101.580436
20150430 102.669998 103.010002 100.760002 101.110001 3058100 99.861917
20150501 101.849998 102.209999 101.489998 102.120003 1803800 100.859451
20150504 102.18 102.68 102.120003 102.169998 1528900 100.90883
20150505 101.720001 102.779999 101.709999 102.050003 1720400 100.790316
20150506 102.139999 102.529999 100.959999 101.769997 1778800 100.513766
20150507 101.43 102.809998 101.25 102.580002 1744400 101.313772
20150508 103.400002 104.089996 103.269997 103.730003 1423400 102.449578
20150511 102.389999 103.080002 101.480003 102.220001 5003600 100.958216
20150512 101.529999 102.150002 101.129997 101.669998 2083100 100.415002
20150513 101.919998 102.470001 101.400002 101.970001 1699300 100.711301
20150514 102.709999 102.940002 102.400002 102.75 1641600 101.481672
20150515 102.709999 103.169998 102.50 102.68 1627500 101.412536
20150518 102.699997 103.410004 102.699997 103.169998 1382600 101.896486
20150519 103.599998 103.910004 103.309998 103.660004 1667400 102.380443
20150520 103.919998 104.120003 103.519997 103.699997 1824100 102.419942
20150521 103.620003 103.800003 103.040001 103.089996 1777100 101.817472
20150522 103.050003 103.370003 102.709999 102.730003 1565200 101.461922
20150526 102.459999 102.699997 101.459999 101.599998 1545600 100.345866
20150527 102.00 102.489998 101.400002 102.339996 1288500 101.076729
20150528 101.970001 102.220001 101.650002 102.150002 1215700 100.88908
20150529 102.269997 102.279999 101.029999 101.120003 2046200 99.871795
20150601 101.589996 101.870003 100.949997 101.010002 1350800 99.763152
20150602 100.769997 101.00 100.220001 100.330002 2445800 99.091546
20150603 100.809998 101.389999 100.290001 101.010002 1828500 99.763152
20150604 100.110001 101.230003 99.970001 100.209999 1637800 98.973025
20150605 100.559998 100.889999 99.279999 99.309998 1804100 98.084132
20150608 98.900002 99.089996 97.730003 97.760002 2447700 97.150002
20150609 98.010002 98.440002 97.540001 97.800003 1883500 97.189753
20150610 98.040001 99.919998 98.040001 99.18 1891500 98.56114
20150611 99.07 100.300003 99.010002 100.129997 1709200 99.505209
20150612 99.639999 99.910004 98.940002 99.470001 1426100 98.849331
20150615 98.769997 99.339996 98.220001 98.790001 1458000 98.173574
20150616 98.389999 99.769997 98.389999 99.489998 1436200 98.869203
20150617 99.839996 100.18 99.07 99.779999 1225900 99.157394
20150618 100.089996 101.699997 100.089996 101.470001 2196500 100.836852
20150619 101.160004 101.349998 99.269997 99.449997 3014900 98.829452
20150622 100.410004 100.540001 99.809998 100.040001 1263000 99.415774
20150623 100.339996 100.599998 99.470001 100.00 1105200 99.376023
20150624 99.790001 99.940002 98.779999 98.779999 1402500 98.163634
20150625 98.370003 98.809998 97.739998 97.809998 1403800 97.199685
20150626 98.18 98.559998 97.720001 97.919998 2061600 97.309
20150629 97.099998 97.470001 96.099998 96.139999 1818600 95.540108
20150630 96.690002 97.110001 95.860001 96.660004 2752000 96.056867
20150701 99.650002 100.440002 98.540001 99.300003 3447000 98.680394
20150702 99.489998 100.459999 99.080002 99.230003 1996200 98.610831
20150706 98.419998 99.120003 98.239998 98.940002 1756000 98.322639
20150707 98.989998 100.150002 98.300003 100.029999 2716300 99.405834
20150708 99.139999 99.470001 98.620003 98.760002 2352200 98.143762
20150709 100.379997 100.989998 99.870003 100.07 3101500 99.445586
20150710 101.309998 101.349998 100.68 101.00 1225300 100.369783
20150713 101.900002 102.43 101.830002 102.330002 2174900 101.691486
20150714 101.980003 102.589996 101.919998 102.379997 1211400 101.741169
20150715 101.989998 102.580002 101.989998 102.419998 1737800 101.780921
20150716 103.349998 103.709999 103.010002 103.290001 2020100 102.645495
20150717 103.169998 103.400002 102.699997 102.940002 1449000 102.29768
20150720 102.910004 103.080002 102.519997 102.610001 1756600 101.969738
20150721 103.970001 104.730003 102.120003 104.480003 3389500 103.828072
20150722 104.669998 105.860001 104.489998 105.300003 2119200 104.642955
20150723 105.389999 105.589996 104.879997 105.300003 1568700 104.642955
20150724 105.169998 105.550003 104.949997 105.269997 1605000 104.613136
20150727 104.160004 105.980003 104.050003 105.589996 2239500 104.931139
20150728 106.00 106.099998 105.18 105.940002 1903200 105.278961
20150729 105.959999 106.599998 105.709999 106.43 1805600 105.765901
20150730 106.199997 106.650002 105.919998 106.50 1103900 105.835464
20150731 106.830002 107.089996 106.019997 106.120003 1758500 105.457838
20150803 106.389999 106.940002 105.989998 106.940002 1497800 106.272721
20150804 106.510002 107.110001 106.25 106.629997 2118400 105.96465
20150805 107.110001 107.470001 105.830002 106.080002 2829200 105.418087
20150806 106.230003 106.300003 104.919998 105.459999 1497000 104.801953
20150807 105.260002 105.580002 104.760002 105.480003 1507300 104.821832
20150810 106.089996 106.610001 105.580002 105.82 1916300 105.159707
20150811 105.00 105.989998 104.989998 105.889999 1515100 105.22927
20150812 105.050003 105.629997 104.050003 105.43 1708800 104.772141
20150813 105.260002 107.699997 104.559998 106.949997 3227600 106.282653
20150814 106.919998 107.879997 106.75 107.709999 1488300 107.037913
20150817 107.129997 107.889999 106.489998 107.709999 1213200 107.037913
20150818 107.669998 107.980003 106.790001 107.82 889700 107.147227
20150819 107.279999 108.050003 106.470001 107.220001 1386900 106.550973
20150820 106.190002 106.629997 105.660004 105.699997 1556800 105.040453
20150821 106.190002 106.190002 102.860001 102.93 2293700 102.287741
20150824 97.989998 101.410004 95.209999 98.779999 5527100 98.163634
20150825 100.470001 100.82 97.639999 97.75 2932300 97.140062
20150826 100.07 100.290001 97.589996 100.00 2602300 99.376023
20150827 101.089996 101.720001 99.790001 101.400002 2711100 100.767289
20150828 101.00 101.220001 99.800003 100.43 1678300 99.80334
20150831 99.739998 100.25 99.32 99.550003 1931200 98.928834
20150901 97.709999 98.550003 97.209999 97.489998 2542000 96.881683
20150902 98.349998 98.93 97.879997 98.93 1642700 98.3127
20150903 99.169998 100.110001 99.010002 99.370003 2382800 98.749957
20150904 97.959999 98.599998 97.290001 97.760002 1923200 97.150002
20150908 98.940002 99.690002 98.50 99.650002 2099100 99.650002
20150909 100.25 100.470001 98.300003 98.480003 1584700 98.480003
20150910 98.160004 99.75 98.07 99.089996 1622100 99.089996
20150911 98.43 99.519997 98.18 99.489998 1369400 99.489998
20150914 99.57 99.839996 98.760002 99.279999 1595600 99.279999
20150915 99.519997 101.150002 99.18 100.860001 1692900 100.860001
20150916 100.760002 102.080002 100.50 101.910004 2034100 101.910004
20150917 101.940002 103.129997 101.25 101.660004 1759900 101.660004
20150918 99.830002 100.910004 99.440002 99.660004 4950100 99.660004
20150921 100.440002 101.43 100.120003 100.519997 2095200 100.519997
20150922 99.260002 99.650002 98.68 98.980003 2308700 98.980003
20150923 99.00 99.650002 98.480003 99.080002 1914200 99.080002
20150924 98.639999 99.230003 98.32 98.860001 2347400 98.860001
20150925 99.599998 100.610001 98.480003 99.910004 1933800 99.910004
