20130102 54.880001 55.00 54.009998 54.540001 5358100 52.191287
20130103 53.439999 53.52 51.849998 51.990002 14413200 49.751101
20130104 52.200001 52.73 52.060001 52.09 10458000 49.846793
20130107 51.880001 52.330002 51.549999 52.09 7804500 49.846793
20130108 52.00 52.240002 51.360001 51.400002 8196200 49.186509
20130109 51.59 52.50 51.50 52.369999 5154300 50.114734
20130110 52.52 53.189999 52.330002 53.110001 6506500 50.822868
20130111 53.400002 53.400002 52.330002 52.82 10182500 50.545356
20130114 52.869999 54.419998 52.599998 53.360001 7119900 51.062102
20130115 53.220001 53.849998 53.209999 53.619999 5802900 51.310904
20130116 53.639999 53.799999 53.34 53.66 6474500 51.349183
20130117 53.759998 54.529999 53.169998 54.400002 14438900 52.057317
20130118 54.400002 54.630001 54.220001 54.560001 7023900 52.210426
20130122 54.650002 56.09 54.560001 56.02 9330000 53.607552
20130123 56.110001 56.25 55.450001 55.91 6665700 53.502288
20130124 56.029999 56.439999 55.900002 56.220001 4221700 53.79894
20130125 56.360001 56.380001 55.720001 56.040001 5604700 53.626691
20130128 56.419998 56.529999 55.799999 55.810001 5736900 53.406596
20130129 55.75 56.689999 55.68 56.279999 7317600 53.856354
20130130 56.25 56.439999 55.919998 56.080002 6269200 53.664969
20130131 55.84 56.040001 55.209999 55.209999 6957500 52.832432
20130201 55.740002 55.84 55.369999 55.77 6369500 53.368318
20130204 55.32 56.369999 55.32 55.75 4795700 53.349179
20130205 57.07 57.830002 56.830002 57.77 8645500 55.28219
20130206 57.439999 57.540001 57.099998 57.380001 5266100 54.908985
20130207 57.360001 57.50 56.650002 57.049999 6050700 54.593195
20130208 57.16 58.259998 57.119999 57.740002 4554600 55.253483
20130211 57.560001 57.709999 57.049999 57.119999 4166800 54.66018
20130212 57.200001 57.380001 56.93 57.009998 4448600 54.554916
20130213 57.009998 57.369999 56.75 57.23 4261200 54.765444
20130214 57.009998 57.220001 56.75 57.049999 5173800 54.593195
20130215 57.060001 57.490002 57.040001 57.32 5750400 54.851568
20130219 54.200001 56.880001 54.040001 56.66 14566200 54.21999
20130220 56.509998 56.580002 55.189999 55.209999 7542900 52.832432
20130221 55.57 55.939999 54.880001 55.240002 6357300 52.861143
20130222 55.400002 55.41 54.25 54.470001 8400700 52.124302
20130225 54.689999 54.75 53.290001 53.299999 6807800 51.004685
20130226 53.509998 53.599998 52.509998 53.049999 6325100 50.765451
20130227 52.959999 54.009998 52.93 53.869999 5133800 51.550138
20130228 53.82 53.959999 53.389999 53.450001 5879800 51.148227
20130301 53.34 53.790001 52.880001 53.52 6972100 51.215212
20130304 53.310001 53.50 53.130001 53.32 4783000 51.023824
20130305 53.43 53.84 53.18 53.50 4911700 51.196073
20130306 53.560001 53.939999 53.349998 53.610001 5562600 51.301336
20130307 53.759998 54.18 53.689999 53.799999 4455700 51.483153
20130308 53.970001 54.25 53.52 53.810001 4584400 51.492724
20130311 53.830002 54.639999 53.75 54.209999 4008700 51.875497
20130312 54.169998 55.00 54.080002 54.830002 5466300 52.468799
20130313 54.68 54.880001 54.349998 54.48 4343000 52.336229
20130314 54.580002 54.810001 54.060001 54.73 5066800 52.576392
20130315 54.630001 54.900002 54.419998 54.73 7888300 52.576392
20130318 54.299999 55.470001 54.279999 55.00 5974200 52.835768
20130319 55.00 55.400002 54.919998 55.169998 5486600 52.999077
20130320 55.470001 55.529999 54.810001 54.880001 4528800 52.720491
20130321 54.689999 55.349998 54.630001 55.060001 4953700 52.893408
20130322 55.139999 55.299999 54.23 54.459999 5415900 52.317016
20130325 54.650002 55.119999 54.439999 54.860001 5142500 52.701277
20130326 55.139999 55.779999 55.09 55.650002 6059700 53.460192
20130327 55.549999 57.029999 55.439999 56.619999 8525800 54.39202
20130328 56.66 57.310001 56.490002 57.209999 5685400 54.958804
20130401 57.16 59.360001 57.009998 58.970001 9006100 56.649551
20130402 61.630001 63.950001 61.50 61.740002 22664600 59.310553
20130403 62.41 62.75 61.619999 61.669998 10140400 59.243304
20130404 61.75 62.50 61.490002 62.029999 7648400 59.589138
20130405 61.919998 62.560001 61.650002 62.099998 6841300 59.656384
20130408 62.07 62.369999 61.290001 61.889999 4545600 59.454648
20130409 62.09 62.57 61.950001 62.18 4405900 59.733237
20130410 62.32 62.599998 62.09 62.41 4400600 59.954187
20130411 62.389999 63.00 62.330002 62.98 4738900 60.501757
20130412 62.830002 63.279999 62.619999 63.029999 4162000 60.549789
20130415 62.720001 63.00 61.580002 61.59 4625600 59.166454
20130416 62.18 63.00 61.77 62.810001 4976400 60.338448
20130417 62.389999 63.150002 61.959999 62.029999 8429000 59.589138
20130418 59.389999 60.75 58.029999 59.689999 14015000 57.341217
20130419 59.939999 60.75 59.470001 60.040001 6524600 57.677446
20130422 59.990002 60.099998 58.639999 59.220001 6020900 56.889713
20130423 59.470001 59.66 58.119999 58.540001 6277700 56.236471
20130424 58.900002 59.25 58.720001 58.790001 5883000 56.476633
20130425 59.130001 59.41 58.610001 59.34 5669100 57.00499
20130426 59.259998 60.150002 59.130001 59.48 5798100 57.139481
20130429 59.950001 60.490002 59.810001 60.009998 4861600 57.648624
20130430 60.139999 60.380001 59.209999 59.93 5701800 57.571774
20130501 59.959999 60.439999 59.299999 59.720001 4897800 57.370039
20130502 59.709999 60.380001 59.389999 59.48 6072500 57.139481
20130503 59.790001 60.029999 58.869999 58.919998 5149500 56.601515
20130506 59.380001 60.73 59.32 60.200001 5609600 57.83115
20130507 60.080002 61.130001 59.93 60.50 4830700 58.119345
20130508 60.32 62.77 60.310001 62.509998 10032800 60.05025
20130509 62.25 62.560001 61.459999 62.009998 6416700 59.569925
20130510 62.040001 62.990002 61.810001 62.91 5015700 60.434512
20130513 62.669998 62.799999 62.259998 62.389999 3490400 59.934973
20130514 62.299999 62.48 61.549999 61.73 5390300 59.300944
20130515 61.52 62.279999 61.169998 61.610001 6808200 59.185667
20130516 61.299999 62.349998 61.200001 62.139999 6904800 59.694811
20130517 62.25 63.310001 62.220001 62.84 5840800 60.367267
20130520 62.73 62.919998 62.419998 62.560001 2688200 60.098286
20130521 62.57 63.029999 62.450001 62.869999 3248400 60.396085
20130522 62.00 63.27 61.529999 62.279999 6317500 59.829301
20130523 62.09 62.82 61.82 62.360001 4479100 59.906155
20130524 62.02 62.52 61.490002 62.060001 4697900 59.61796
20130528 62.490002 63.580002 62.400002 63.34 5341000 60.847592
20130529 63.32 63.549999 62.810001 63.349998 5009100 60.857197
20130530 63.43 64.900002 63.02 64.660004 5671300 62.115654
20130531 64.449997 64.849998 62.599998 62.630001 5888300 60.165531
20130603 62.889999 63.00 62.09 62.799999 3756200 60.32884
20130604 62.599998 62.990002 61.919998 62.360001 5151100 59.906155
20130605 63.009998 63.110001 61.650002 61.75 5380100 59.320158
20130606 61.75 61.919998 60.950001 61.919998 4711400 59.483466
20130607 62.27 62.93 61.700001 62.57 5214700 60.107891
20130610 62.580002 63.900002 62.57 63.68 5256600 61.174213
20130611 63.150002 64.559998 62.700001 63.93 6063400 61.414376
20130612 64.239998 64.510002 63.619999 63.830002 3891100 61.318312
20130613 63.700001 64.209999 63.150002 64.150002 4379500 61.89724
20130614 64.129997 64.449997 63.59 63.799999 3122600 61.559529
20130617 64.290001 65.239998 64.099998 64.370003 4975000 62.109516
20130618 64.900002 65.709999 64.459999 65.68 5183300 63.37351
20130619 65.699997 66.160004 65.230003 65.260002 6370200 62.968261
20130620 64.800003 64.82 63.650002 63.799999 5748300 61.559529
20130621 64.190002 64.830002 63.43 63.900002 7806500 61.656019
20130624 63.490002 65.040001 63.459999 64.650002 5717100 62.379682
20130625 65.029999 65.540001 63.66 63.73 4959100 61.491987
20130626 64.029999 65.059998 64.019997 64.779999 4851700 62.505114
20130627 65.059998 66.190002 64.959999 66.089996 4483600 63.769108
20130628 65.620003 66.129997 65.040001 65.480003 6867800 63.180536
20130701 65.889999 66.360001 65.519997 65.629997 3736500 63.325263
20130702 65.43 65.660004 65.050003 65.269997 4484800 62.977904
20130703 64.959999 65.839996 64.650002 65.540001 2271100 63.238427
20130705 65.959999 66.190002 65.269997 66.169998 2356500 63.8463
20130708 66.949997 67.580002 66.360001 67.559998 6192500 65.187487
20130709 68.019997 68.449997 67.290001 67.970001 4275700 65.583093
20130710 68.00 68.75 67.610001 67.690002 4383900 65.312927
20130711 68.269997 68.550003 67.650002 68.360001 6588900 65.959396
20130712 68.57 68.739998 67.690002 68.00 4645600 65.612038
20130715 68.129997 68.190002 67.459999 67.620003 3813600 65.245385
20130716 67.239998 67.349998 66.559998 66.910004 5459600 64.560319
20130717 67.010002 67.440002 65.919998 66.230003 8904300 63.904198
20130718 69.349998 70.849998 68.910004 70.550003 14082900 68.072492
20130719 70.610001 72.089996 70.160004 71.449997 7504900 68.940881
20130722 71.559998 72.540001 71.400002 72.18 5038000 69.645249
20130723 72.209999 72.739998 71.82 72.690002 3934300 70.137341
20130724 72.809998 73.150002 72.18 72.529999 6023300 69.982956
20130725 72.080002 72.620003 71.699997 72.620003 3840600 70.0698
20130726 72.129997 72.589996 71.57 72.209999 3826000 69.674194
20130729 72.110001 72.860001 71.959999 72.790001 3835300 70.233828
20130730 72.879997 73.220001 71.980003 72.269997 5375400 69.732085
20130731 72.470001 73.660004 72.470001 72.849998 5964700 70.291719
20130801 73.230003 73.519997 72.900002 73.160004 3254000 70.590837
20130802 73.029999 73.029999 71.93 72.260002 3622500 69.722441
20130805 72.360001 73.580002 72.300003 73.339996 2871000 70.764509
20130806 73.18 73.370003 72.529999 73.239998 3089500 70.668022
20130807 73.18 73.400002 72.620003 72.919998 2807300 70.35926
20130808 73.150002 73.669998 72.860001 73.18 2171600 70.610132
20130809 73.199997 73.589996 72.269997 72.93 2556900 70.368911
20130812 72.410004 72.589996 72.010002 72.389999 3043300 69.847873
20130813 72.43 73.389999 72.309998 73.349998 2627400 70.77416
20130814 73.190002 73.300003 72.309998 72.489998 3079000 69.94436
20130815 71.989998 72.620003 71.370003 71.400002 3402000 68.892641
20130816 71.150002 71.980003 71.00 71.43 3323600 68.921587
20130819 71.529999 72.199997 71.459999 71.709999 2794800 69.191753
20130820 71.849998 72.839996 71.610001 72.459999 3110000 69.915415
20130821 72.18 72.339996 71.470001 71.849998 3314200 69.326836
20130822 72.040001 72.739998 71.830002 71.970001 2959400 69.442624
20130823 72.010002 72.720001 71.910004 72.540001 3215600 69.992607
20130826 72.639999 72.919998 72.279999 72.379997 2797700 69.838222
20130827 71.949997 72.139999 71.32 71.519997 3626200 69.008423
20130828 71.400002 72.160004 71.349998 71.540001 3297700 69.027724
20130829 71.339996 72.830002 71.150002 72.440002 5243500 69.89612
20130830 72.459999 72.809998 71.489998 71.739998 4186200 69.220698
20130903 71.809998 72.769997 71.790001 72.559998 3801500 70.011902
20130904 72.459999 73.349998 72.199997 73.349998 3333600 70.77416
20130905 73.339996 74.230003 73.139999 74.040001 2861600 71.439932
20130906 74.239998 74.790001 72.550003 74.059998 3584100 71.459226
20130909 74.110001 74.550003 73.779999 74.25 2629600 71.642556
20130910 74.599998 74.639999 73.839996 74.629997 3925400 72.009209
20130911 74.580002 75.190002 74.330002 75.18 3819200 72.813082
20130912 75.32 75.50 74.699997 74.739998 2823800 72.386932
20130913 74.919998 75.25 74.120003 74.480003 3421000 72.135123
20130916 75.089996 75.879997 74.970001 75.120003 4224800 72.754973
20130917 75.110001 75.349998 73.93 74.309998 5138100 71.97047
20130918 74.150002 74.190002 72.440002 73.040001 7725600 70.740457
20130919 73.089996 73.120003 70.620003 70.839996 8322900 68.609716
20130920 70.550003 71.75 70.400002 70.57 9088700 68.34822
20130923 70.800003 71.940002 70.620003 71.82 4482500 69.558865
20130924 72.18 72.940002 71.629997 72.32 4855200 70.043124
20130925 72.300003 72.660004 71.860001 71.980003 4812900 69.713832
20130926 72.00 72.809998 71.919998 72.160004 2413200 69.888165
20130927 71.699997 72.110001 71.50 71.989998 3548000 69.723511
20130930 71.290001 71.669998 71.010002 71.610001 4183600 69.355478
20131001 71.739998 72.940002 71.650002 72.580002 4322300 70.29494
20131002 72.239998 72.629997 72.07 72.57 2705700 70.285253
20131003 72.50 72.980003 72.260002 72.519997 5038300 70.236824
20131004 72.50 73.139999 72.230003 72.989998 4297600 70.692028
20131007 72.589996 72.699997 72.160004 72.169998 4787000 69.897845
20131008 72.00 72.419998 71.43 71.480003 6049100 69.229573
20131009 71.709999 71.879997 71.18 71.379997 4464100 69.132716
20131010 72.129997 73.980003 71.839996 73.980003 4894300 71.650865
20131011 73.93 74.269997 73.50 74.269997 2935800 71.931728
20131014 73.860001 74.809998 73.519997 74.720001 2562200 72.367565
20131015 74.510002 74.93 73.760002 73.870003 2922900 71.544327
20131016 74.50 75.489998 74.379997 75.190002 4368600 72.822769
20131017 71.769997 72.879997 71.050003 71.370003 21810200 69.123036
20131018 71.260002 71.349998 67.540001 68.760002 21080600 66.595207
20131021 68.650002 68.769997 67.089996 68.199997 11496900 66.052832
20131022 68.220001 69.629997 68.220001 68.860001 7647300 66.692057
20131023 68.510002 68.610001 67.650002 68.010002 8227700 65.868819
20131024 68.010002 68.389999 67.18 67.610001 6352500 65.481411
20131025 67.510002 68.18 67.279999 67.620003 6892500 65.491098
20131028 67.550003 67.800003 66.720001 66.940002 6989300 64.832507
20131029 66.879997 68.150002 66.849998 68.080002 5860000 65.936615
20131030 68.120003 68.669998 67.769997 68.010002 4360500 65.868819
20131031 68.400002 68.709999 67.860001 68.260002 4216700 66.110948
20131101 68.269997 68.699997 67.949997 68.629997 4459000 66.469295
20131104 68.779999 69.260002 68.360001 68.949997 3698700 66.77922
20131105 68.50 68.940002 68.269997 68.720001 3328700 66.556465
20131106 68.870003 71.019997 68.800003 70.290001 5479400 68.077036
20131107 70.900002 70.980003 69.660004 69.760002 4497300 67.563723
20131108 69.699997 70.529999 69.639999 70.50 3741900 68.280424
20131111 70.730003 70.949997 70.290001 70.50 3082600 68.280424
20131112 70.470001 70.900002 69.870003 69.949997 3604800 67.747737
20131113 69.949997 71.129997 69.809998 71.010002 3879500 68.774369
20131114 71.339996 71.599998 70.940002 71.440002 3581200 69.190832
20131115 71.129997 71.959999 71.089996 71.870003 3872600 69.607294
20131118 71.970001 72.099998 71.50 71.68 3263700 69.423274
20131119 71.760002 71.910004 71.260002 71.610001 4260900 69.355478
20131120 71.879997 72.860001 71.660004 71.980003 5031300 69.713832
20131121 72.389999 73.68 72.370003 72.910004 4368000 70.614552
20131122 72.910004 73.75 72.800003 73.739998 3178400 71.418416
20131125 74.00 74.660004 73.790001 74.07 3773900 71.738028
20131126 74.209999 74.989998 74.050003 74.519997 4635400 72.173857
20131127 74.669998 74.93 74.080002 74.360001 3640600 72.018899
20131129 74.589996 74.93 74.230003 74.480003 2025600 72.135123
20131202 73.639999 74.449997 73.639999 74.160004 4276000 71.825198
20131203 74.139999 74.139999 72.919998 73.730003 5162400 71.408736
20131204 73.019997 74.410004 72.540001 73.650002 5548700 71.603175
20131205 73.32 73.68 72.540001 72.75 4104700 70.728186
20131206 73.230003 73.720001 72.839996 73.50 3886000 71.457342
20131209 73.50 74.309998 73.43 73.720001 3988600 71.671229
20131210 73.699997 74.410004 73.68 74.050003 3741100 71.99206
20131211 74.080002 74.099998 71.900002 72.139999 7304300 70.135138
20131212 72.190002 72.57 70.910004 71.010002 5815300 69.036545
20131213 71.199997 71.860001 70.459999 70.480003 4737000 68.521275
20131216 70.730003 71.379997 70.529999 71.059998 4369500 69.085151
20131217 71.220001 71.220001 70.199997 70.730003 4280100 68.764327
20131218 71.029999 72.470001 70.699997 72.379997 4975700 70.368466
20131219 72.169998 72.529999 71.669998 72.389999 4359200 70.37819
20131220 72.629997 73.730003 72.620003 73.349998 7511500 71.311509
20131223 73.839996 74.589996 73.709999 74.349998 3263100 72.283718
20131224 74.199997 74.419998 73.919998 74.129997 1253500 72.069831
20131226 74.440002 74.970001 74.279999 74.849998 2121000 72.769823
20131227 75.00 75.32 74.580002 74.690002 2859900 72.614273
20131230 74.849998 75.040001 74.309998 74.779999 1983800 72.701768
20131231 75.00 75.540001 74.629997 75.300003 2280000 73.207321
20140102 74.910004 75.290001 74.510002 74.57 3067000 72.497605
20140103 74.800003 75.760002 74.599998 75.099998 3206400 73.012875
20140106 75.419998 75.419998 74.120003 74.239998 3424500 72.176775
20140107 74.940002 77.330002 74.940002 76.510002 6542500 74.383693
20140108 76.330002 76.459999 75.480003 75.620003 6172200 73.518427
20140109 75.650002 76.239998 75.650002 76.080002 6291500 73.965643
20140110 76.199997 76.300003 74.550003 74.699997 6632200 72.62399
20140113 74.669998 75.00 73.68 73.940002 5248700 71.885116
20140114 74.050003 74.339996 73.690002 74.019997 5783900 71.962888
20140115 73.989998 74.860001 73.989998 74.839996 7043300 72.760098
20140116 74.129997 74.839996 72.150002 72.760002 8892800 70.73791
20140117 73.120003 73.120003 72.300003 72.519997 5551300 70.504574
20140121 72.720001 73.620003 72.410004 73.160004 6379300 71.126795
20140122 73.830002 73.93 73.239998 73.400002 4864700 71.360123
20140123 72.699997 73.690002 72.489998 73.199997 5050300 71.165677
20140124 72.830002 72.919998 71.379997 71.599998 5523600 69.610144
20140127 71.309998 72.199997 71.139999 71.650002 4233600 69.658758
20140128 71.650002 72.360001 71.470001 71.709999 2932700 69.717088
20140129 71.389999 72.959999 70.839996 71.260002 6005100 69.279597
20140130 71.699997 73.040001 71.529999 72.800003 4254000 70.776799
20140131 71.870003 72.349998 71.449997 72.279999 4291500 70.271246
20140203 72.139999 72.209999 70.639999 70.739998 4526100 68.774044
20140204 70.800003 71.00 69.800003 70.510002 4646100 68.55044
20140205 69.940002 71.199997 69.830002 70.82 4394300 68.851823
20140206 70.769997 71.059998 70.089996 70.870003 4765600 68.900436
20140207 70.50 71.650002 70.110001 71.360001 6902900 69.376816
20140210 70.910004 71.07 69.57 69.739998 7774000 67.801835
20140211 69.760002 70.870003 69.580002 70.620003 5543000 68.657384
20140212 70.910004 71.300003 69.980003 70.239998 4120600 68.28794
20140213 70.129997 71.480003 69.93 71.209999 3788000 69.230983
20140214 71.160004 73.839996 71.00 73.519997 6848800 71.476783
20140218 73.519997 74.620003 73.449997 73.830002 5538400 71.778173
20140219 73.550003 74.309998 73.419998 73.550003 3926500 71.505956
20140220 73.599998 74.110001 73.230003 73.480003 4134000 71.437901
20140221 73.43 74.099998 73.339996 73.809998 4552300 71.758725
20140224 74.139999 76.769997 74.00 76.010002 9559000 73.897588
20140225 75.980003 76.139999 75.129997 75.32 3761800 73.226762
20140226 75.330002 76.129997 74.779999 76.059998 5433200 73.946194
20140227 75.779999 76.410004 75.599998 76.019997 4227300 73.907305
20140228 76.040001 77.709999 75.800003 77.269997 6176600 75.122566
20140303 76.699997 77.459999 76.529999 77.099998 3673400 74.957292
20140304 77.739998 78.57 77.540001 78.129997 5164500 75.958666
20140305 78.260002 78.50 77.580002 77.989998 3917600 75.822557
20140306 78.150002 78.339996 77.550003 77.639999 4200500 75.482286
20140307 78.010002 78.07 77.040001 77.400002 3434700 75.248958
20140310 77.279999 77.900002 77.110001 77.879997 2986400 75.715614
20140311 77.910004 78.449997 77.519997 77.779999 3471200 75.618394
20140312 77.279999 77.699997 77.230003 77.599998 2875400 75.715967
20140313 77.760002 78.099998 76.959999 77.010002 3178600 75.140295
20140314 77.019997 77.019997 75.650002 75.699997 5128700 73.862095
20140317 76.139999 77.019997 76.089996 76.760002 3517900 74.896364
20140318 76.970001 78.050003 76.769997 78.00 3670800 76.106257
20140319 78.07 80.300003 77.940002 79.959999 9060100 78.018669
20140320 79.580002 81.589996 79.43 81.529999 7786500 79.550552
20140321 82.190002 83.32 81.300003 81.339996 11828100 79.365162
20140324 81.650002 81.720001 80.860001 81.279999 5306200 79.306621
20140325 81.589996 82.150002 80.980003 81.099998 4588800 79.130991
20140326 81.480003 82.300003 81.07 81.540001 6910000 79.560311
20140327 81.580002 81.900002 80.779999 81.019997 5453900 79.052932
20140328 81.400002 82.349998 81.260002 81.620003 4787400 79.63837
20140331 82.080002 82.269997 81.410004 81.989998 3513700 79.999382
20140401 82.349998 83.050003 81.580002 81.839996 4339800 79.853023
20140402 81.540001 81.739998 81.269997 81.610001 3832100 79.628611
20140403 81.650002 82.349998 81.599998 82.25 4214700 80.253072
20140404 82.690002 82.93 81.370003 81.529999 4788100 79.550552
20140407 81.50 81.980003 80.75 81.080002 5286700 79.11148
20140408 81.07 81.550003 80.110001 80.660004 4044900 78.701679
20140409 80.800003 81.559998 80.50 81.389999 3308900 79.413951
20140410 81.419998 81.989998 79.779999 79.989998 4850000 78.04794
20140411 79.769997 79.970001 78.82 78.949997 3418700 77.033189
20140414 79.440002 79.68 78.379997 79.18 4013700 77.257608
20140415 79.360001 79.720001 78.059998 79.510002 4719100 77.579598
20140416 79.489998 79.540001 77.470001 78.190002 8098100 76.291646
20140417 75.440002 76.650002 73.610001 75.779999 13427200 73.940154
20140421 75.699997 76.480003 74.790001 74.949997 6912500 73.130304
20140422 75.190002 76.190002 74.949997 75.760002 6199400 73.920643
20140423 75.809998 76.07 75.110001 75.330002 4645700 73.501083
20140424 76.150002 77.080002 75.910004 76.589996 4604900 74.730486
20140425 76.57 77.290001 75.230003 75.660004 5416200 73.823073
20140428 76.349998 76.580002 75.419998 75.739998 5346800 73.901125
20140429 75.949997 76.209999 74.889999 75.199997 4813200 73.374234
20140430 75.25 76.190002 74.919998 75.040001 6435900 73.218123
20140501 75.050003 75.400002 74.260002 74.949997 4598000 73.130304
20140502 74.68 75.330002 74.510002 75.029999 3794700 73.208363
20140505 74.830002 75.309998 74.300003 75.230003 4476100 73.403512
20140506 75.129997 75.599998 74.889999 75.260002 4728200 73.432783
20140507 75.589996 77.949997 75.080002 77.910004 6383500 76.018445
20140508 77.82 78.059998 76.739998 76.889999 4943100 75.023206
20140509 76.82 77.300003 76.620003 76.949997 3465600 75.081746
20140512 77.199997 78.019997 77.099998 77.739998 3110900 75.852567
20140513 77.860001 78.220001 77.529999 78.040001 3059000 76.145286
20140514 78.050003 78.050003 76.940002 77.169998 2635300 75.296406
20140515 77.160004 77.32 76.230003 76.480003 3075200 74.623164
20140516 76.349998 76.669998 76.010002 76.650002 2974600 74.789035
20140519 76.419998 77.230003 76.360001 77.199997 2149100 75.325677
20140520 77.190002 77.400002 76.360001 76.660004 2806500 74.798794
20140521 76.709999 77.879997 76.629997 77.720001 2401200 75.833056
20140522 77.709999 78.629997 77.629997 78.339996 3146900 76.437998
20140523 78.650002 79.00 78.360001 78.769997 2251500 76.857559
20140527 79.230003 79.330002 78.660004 79.110001 2645500 77.189308
20140528 78.970001 79.209999 78.300003 78.580002 2250900 76.672177
20140529 78.599998 79.43 78.080002 79.370003 3526800 77.442998
20140530 79.239998 79.739998 78.879997 79.629997 5139900 77.69668
20140602 79.769997 79.93 79.32 79.470001 1986400 77.540568
20140603 79.309998 80.18 79.279999 79.879997 2841100 77.94061
20140604 79.730003 80.57 79.480003 80.510002 3552900 78.555319
20140605 80.480003 80.75 79.68 79.800003 3453700 77.862558
20140606 79.989998 80.32 79.57 79.93 3286600 77.989399
20140609 80.050003 80.25 79.260002 79.760002 2801700 77.823528
20140610 79.599998 80.00 79.470001 79.809998 2459200 77.87231
20140611 79.760002 80.339996 79.419998 80.169998 2733500 78.22357
20140612 79.779999 80.00 79.099998 79.440002 2560000 77.875565
20140613 79.339996 79.370003 78.599998 79.18 2265200 77.620684
20140616 79.18 79.209999 77.809998 78.00 4542900 76.463921
20140617 77.900002 78.25 77.529999 78.169998 3430900 76.630572
20140618 78.169998 79.370003 77.779999 79.209999 4823000 77.650092
20140619 79.349998 80.790001 79.260002 80.510002 4538600 78.924493
20140620 80.830002 81.489998 80.459999 81.410004 7366500 79.806771
20140623 81.389999 81.650002 80.980003 81.489998 3066900 79.88519
20140624 81.43 82.389999 81.419998 81.739998 4685500 80.130266
20140625 81.349998 82.379997 80.809998 82.339996 3629200 80.718449
20140626 82.480003 82.480003 81.660004 82.290001 2915900 80.669438
20140627 81.690002 82.110001 81.309998 82.00 4755600 80.385148
20140630 82.279999 82.540001 81.599998 81.75 3916100 80.140071
20140701 81.739998 82.349998 81.650002 81.889999 5482400 80.277314
20140702 81.800003 82.519997 81.07 82.489998 3693500 80.865496
20140703 82.589996 83.440002 82.32 83.349998 2183400 81.708561
20140707 82.989998 83.099998 81.790001 82.220001 2558500 80.600817
20140708 82.019997 82.07 81.379997 81.93 2967300 80.316527
20140709 81.980003 82.75 81.889999 82.739998 3079500 81.110573
20140710 81.279999 82.510002 81.050003 82.080002 3829400 80.463574
20140711 81.919998 83.129997 81.730003 82.870003 2758400 81.238018
20140714 83.330002 84.690002 83.209999 84.269997 3794500 82.610441
20140715 84.040001 84.739998 83.730003 83.900002 4356300 82.247732
20140716 84.07 84.129997 83.220001 83.760002 3955200 82.11049
20140717 84.25 87.239998 83.43 85.110001 7117900 83.433903
20140718 85.470001 85.779999 84.43 85.519997 3892100 83.835824
20140721 85.220001 85.290001 84.029999 85.059998 4025100 83.384884
20140722 85.519997 86.760002 85.470001 86.050003 4366900 84.355393
20140723 86.309998 86.550003 85.769997 85.940002 2596300 84.247559
20140724 85.449997 86.330002 85.290001 85.68 4022400 83.992677
20140725 84.120003 85.010002 84.00 84.68 3362600 83.01237
20140728 85.029999 85.900002 84.599998 85.75 2206900 84.061298
20140729 84.959999 85.559998 83.989998 84.269997 4897800 82.610441
20140730 84.760002 84.870003 81.720001 82.949997 7171800 81.316437
20140731 81.769997 82.18 80.550003 81.050003 5345400 79.45386
20140801 81.139999 82.07 80.559998 81.489998 4625100 79.88519
20140804 81.589996 82.529999 81.160004 82.269997 3197700 80.649828
20140805 81.830002 82.529999 80.57 80.989998 4599500 79.395036
20140806 80.949997 82.120003 80.739998 81.50 3311300 79.894995
20140807 81.00 81.089996 79.160004 79.260002 5465400 77.69911
20140808 79.410004 80.190002 78.739998 80.120003 3713400 78.542174
20140811 80.389999 80.650002 79.760002 79.870003 3460000 78.297098
20140812 79.610001 80.389999 79.529999 80.220001 3206200 78.640203
20140813 80.620003 81.669998 80.389999 81.510002 3049900 79.9048
20140814 81.709999 82.07 80.160004 81.82 2241100 80.208693
20140815 82.209999 82.279999 80.809998 81.470001 2442700 79.865587
20140818 81.769997 82.480003 81.349998 82.339996 2795800 80.718449
20140819 82.489998 83.760002 82.050003 83.470001 3549300 81.8262
20140820 82.940002 83.75 82.360001 83.43 2579600 81.786987
20140821 83.610001 84.099998 83.589996 83.769997 2648500 82.120288
20140822 83.599998 84.00 83.459999 83.779999 2089300 82.130093
20140825 84.389999 84.75 83.949997 84.239998 1988100 82.581033
20140826 84.449997 85.339996 84.150002 85.120003 2267800 83.443708
20140827 85.18 86.970001 84.959999 86.379997 5800700 84.678889
20140828 86.00 87.00 85.519997 86.339996 2749700 84.639676
20140829 86.75 87.230003 86.349998 86.68 3297500 84.972984
20140902 87.120003 87.220001 85.760002 86.389999 3726100 84.688694
20140903 86.779999 87.349998 86.419998 86.790001 2824400 85.080818
20140904 86.760002 88.449997 86.709999 87.059998 3650100 85.345498
20140905 86.949997 87.800003 86.739998 87.75 3873500 86.021912
20140908 87.699997 88.00 87.419998 87.910004 2298000 86.178764
20140909 88.00 88.849998 87.489998 88.559998 4409400 86.815958
20140910 88.440002 88.50 86.690002 87.25 3355800 85.895476
20140911 86.760002 87.120003 86.199997 87.080002 3034500 85.728117
20140912 87.239998 87.239998 85.860001 86.18 2582400 84.842088
20140915 86.300003 86.82 85.830002 86.029999 2441800 84.694415
20140916 86.00 87.370003 85.849998 87.160004 2973700 85.806877
20140917 86.949997 87.559998 86.470001 86.989998 3302700 85.639511
20140918 87.419998 87.970001 87.190002 87.629997 2584000 86.269574
20140919 88.510002 88.720001 87.639999 87.800003 6486300 86.436941
20140922 87.800003 88.440002 87.480003 87.769997 2335400 86.4074
20140923 87.32 87.690002 86.379997 86.589996 2640200 85.245719
20140924 86.620003 88.459999 86.599998 88.209999 2661500 86.840572
20140925 87.790001 88.00 86.029999 86.18 3657100 84.842088
20140926 86.25 86.970001 85.910004 86.599998 2260500 85.255566
20140929 85.580002 86.949997 85.580002 86.510002 3114800 85.166967
20140930 86.68 87.080002 86.120003 86.25 2843200 84.911001
20141001 86.00 86.260002 84.610001 84.879997 4140200 83.562267
20141002 84.849998 85.269997 83.730003 84.900002 3047000 83.581961
20141003 85.370003 86.279999 85.07 86.019997 3108100 84.684568
20141006 86.650002 86.949997 84.949997 85.089996 2596100 83.769006
20141007 84.900002 85.129997 83.93 84.190002 3412900 82.882984
20141008 84.290001 86.839996 83.989998 86.620003 4787400 85.27526
20141009 86.349998 86.550003 84.629997 84.940002 4432800 83.621341
20141010 85.089996 86.82 85.050003 85.389999 4036800 84.064352
20141013 85.220001 85.949997 83.760002 83.949997 3672600 82.646705
20141014 84.339996 84.57 82.550003 82.82 5929500 81.53425
20141015 82.169998 82.980003 80.720001 82.160004 8308900 80.8845
20141016 84.760002 86.699997 84.099998 85.389999 10233000 84.064352
20141017 86.849998 88.809998 86.75 88.18 8532800 86.811039
20141020 88.239998 88.839996 88.00 88.540001 4890900 87.165451
20141021 89.160004 91.080002 88.849998 90.949997 5882100 89.538032
20141022 91.440002 91.440002 89.709999 89.769997 4290300 88.376351
20141023 90.940002 91.279999 90.419998 90.660004 3159200 89.252541
20141024 90.660004 91.699997 90.589996 91.639999 2977300 90.217323
20141027 91.43 92.279999 91.379997 92.129997 3948900 90.699714
20141028 91.050003 92.779999 90.360001 92.639999 4741300 91.201798
20141029 92.900002 93.68 92.690002 92.959999 4330400 91.51683
20141030 92.559998 94.150002 92.50 93.879997 2836400 92.422545
20141031 95.00 95.669998 94.309998 95.010002 5031500 93.535007
20141103 95.449997 95.669998 94.50 94.860001 4001200 93.387335
20141104 94.989998 95.599998 94.239998 94.980003 4437300 93.505474
20141105 95.57 96.010002 95.019997 95.800003 3454700 94.312744
20141106 96.040001 96.639999 95.900002 96.209999 3743200 94.716375
20141107 95.50 95.720001 93.010002 93.610001 6155400 92.15674
20141110 93.68 95.00 93.50 94.75 4087700 93.279042
20141111 95.050003 95.75 94.720001 95.690002 2291400 94.204451
20141112 95.230003 95.970001 94.519997 95.68 2897600 94.194604
20141113 95.639999 96.739998 95.400002 95.900002 2767700 94.41119
20141114 96.019997 96.120003 94.870003 95.110001 2709500 93.633453
20141117 95.199997 96.690002 94.839996 96.470001 3297600 94.972341
20141118 96.989998 98.610001 96.849998 98.190002 4320800 96.665639
20141119 97.730003 98.410004 96.790001 96.860001 3433800 95.356285
20141120 96.459999 96.849998 96.169998 96.849998 3316700 95.346438
20141121 97.400002 98.040001 96.589996 96.709999 4408600 95.208613
20141124 97.269997 97.290001 96.510002 96.900002 3998800 95.395665
20141125 97.00 98.139999 96.910004 97.900002 4066300 96.380141
20141126 97.989998 98.739998 97.82 98.110001 2765900 96.58688
20141128 98.699997 99.419998 98.43 98.629997 2177500 97.098803
20141201 98.75 99.830002 98.010002 99.059998 4892800 97.522128
20141202 99.00 100.00 98.199997 99.830002 4025700 98.280178
20141203 99.879997 101.330002 99.699997 100.800003 6689000 99.60929
20141204 100.839996 100.93 99.419998 99.669998 4065200 98.492634
20141205 99.809998 100.709999 99.68 100.330002 3104900 99.144841
20141208 100.32 100.900002 99.639999 99.919998 3085800 98.73968
20141209 99.040001 101.089996 98.75 101.019997 3792200 99.826685
20141210 100.769997 101.019997 99.010002 99.089996 3908700 97.919483
20141211 99.389999 100.669998 99.239998 99.730003 2940600 98.55193
20141212 99.580002 100.410004 98.690002 98.760002 3086500 97.593387
20141215 98.800003 99.75 97.410004 98.269997 3649300 97.10917
20141216 97.650002 98.779999 95.75 95.849998 4843800 94.717758
20141217 96.550003 99.75 96.169998 99.139999 6235000 97.968896
20141218 100.279999 102.260002 99.910004 102.239998 4681000 101.032275
20141219 102.00 104.00 102.00 102.489998 7986500 101.279322
20141222 102.580002 103.239998 102.470001 103.040001 2398100 101.822828
20141223 103.720001 103.93 102.440002 102.849998 3028600 101.63507
20141224 103.00 103.32 102.540001 102.68 950700 101.46708
20141226 102.589996 103.00 102.160004 102.550003 2019900 101.338618
20141229 102.379997 103.010002 101.830002 102.330002 1708100 101.121216
20141230 102.25 103.059998 102.25 102.849998 1767600 101.63507
20141231 103.120003 103.68 101.029999 101.089996 2313900 99.895858
20150102 101.50 102.620003 100.010002 100.779999 3060900 99.589522
20150105 100.300003 100.449997 98.75 99.120003 4679000 97.949135
20150106 99.830002 100.139999 98.459999 98.919998 3468300 97.751493
20150107 98.959999 100.300003 98.919998 99.93 3225800 98.749564
20150108 101.57 104.980003 100.720001 104.699997 5346100 103.463215
20150109 104.419998 104.629997 102.900002 103.720001 3397600 102.494796
20150112 103.830002 104.00 101.910004 102.550003 3051500 101.338618
20150113 103.940002 105.599998 101.839996 103.07 3856500 101.852472
20150114 101.610001 103.480003 101.18 103.330002 4725600 102.109403
20150115 103.559998 104.589996 103.129997 104.459999 5888900 103.226052
20150116 104.50 106.00 103.650002 105.769997 6045500 104.520575
20150120 106.199997 106.379997 104.50 105.620003 6526800 104.372353
20150121 106.519997 109.449997 105.620003 109.32 8293700 108.028643
20150122 109.75 114.120003 109.330002 113.849998 8055200 112.505131
20150123 113.639999 114.32 112.00 112.00 5256000 110.676986
20150126 112.00 112.00 110.760002 111.610001 4203400 110.291593
20150127 110.949997 111.25 109.919998 110.010002 4718300 108.710495
20150128 110.57 110.879997 108.449997 108.459999 6633500 107.178802
20150129 108.150002 109.580002 106.739998 109.389999 4912300 108.097816
20150130 108.620003 109.389999 106.139999 106.25 5397500 104.994908
20150202 106.730003 107.339996 105.07 107.290001 4657100 106.022624
20150203 107.349998 108.00 106.519997 107.809998 4192600 106.536478
20150204 106.830002 108.739998 106.75 107.919998 4768900 106.645179
20150205 108.32 109.809998 108.32 108.82 3297700 107.53455
20150206 108.589996 109.400002 107.190002 107.599998 3610200 106.32896
20150209 106.93 107.239998 106.279999 106.489998 3909700 105.232071
20150210 107.260002 109.459999 107.129997 108.970001 5437400 107.682779
20150211 108.730003 110.059998 108.379997 109.849998 3798500 108.552381
20150212 110.699997 110.779999 108.830002 109.839996 3378000 108.542497
20150213 109.690002 109.839996 108.68 109.440002 3727600 108.147228
20150217 109.339996 109.760002 108.519997 109.760002 3430600 108.463448
20150218 109.760002 110.220001 108.949997 109.769997 2958700 108.473325
20150219 109.540001 110.360001 109.440002 110.029999 2674800 108.730255
20150220 109.959999 112.82 109.440002 112.620003 4647100 111.289665
20150223 112.989998 116.489998 112.849998 116.400002 7060000 115.025012
20150224 116.260002 116.580002 115.32 115.43 3582800 114.066469
20150225 115.82 115.82 113.720001 114.050003 3845900 112.702773
20150226 114.410004 114.620003 113.370003 113.660004 3126800 112.31738
20150227 113.769997 114.25 113.410004 113.629997 4016400 112.287728
20150302 113.629997 114.849998 113.629997 114.400002 2952200 113.048637
20150303 113.949997 114.489998 112.360001 112.860001 3163700 111.526827
20150304 112.25 113.970001 111.650002 113.82 3180900 112.475486
20150305 114.07 115.720001 114.07 114.790001 2941400 113.434029
20150306 115.160004 115.160004 112.610001 112.879997 3196900 111.546588
20150309 112.970001 114.959999 112.870003 114.900002 3942000 113.542731
20150310 114.260002 114.410004 112.459999 112.459999 3957900 111.131551
20150311 112.900002 113.589996 112.639999 112.720001 2593700 111.761151
20150312 113.32 115.050003 113.150002 114.879997 3258600 113.902773
20150313 114.440002 115.389999 113.529999 115.25 3066800 114.269629
20150316 116.00 118.690002 115.82 118.519997 4692200 117.511809
20150317 118.080002 118.129997 116.919998 117.599998 3303500 116.599637
20150318 117.43 120.519997 116.730003 119.959999 5533500 118.939562
20150319 120.00 121.099998 119.82 120.760002 4032500 119.73276
20150320 121.349998 121.529999 119.00 119.139999 7195700 118.126538
20150323 119.480003 120.480003 118.589996 119.040001 4576500 118.02739
20150324 118.900002 119.639999 118.080002 118.120003 3054700 117.115218
20150325 118.849998 119.75 116.510002 116.540001 3385500 115.548656
20150326 116.07 117.209999 114.599998 116.25 2856400 115.261122
20150327 116.059998 118.220001 116.019997 118.010002 2608500 117.006153
20150330 122.32 123.760002 120.529999 121.00 5178500 119.970716
20150331 120.800003 120.93 118.220001 118.290001 4573100 117.28377
20150401 119.519997 119.519997 116.540001 117.449997 4826200 116.450911
20150402 117.599998 118.379997 116.870003 117.360001 2497100 116.36168
20150406 116.019997 118.519997 115.949997 117.699997 2544700 116.698785
20150407 119.449997 119.830002 117.269997 117.349998 2528500 116.351763
20150408 117.779999 118.830002 117.470001 118.190002 2627000 117.184622
20150409 117.830002 118.760002 117.599998 118.550003 2247200 117.54156
20150410 118.550003 119.099998 117.970001 119.00 2232600 117.987729
20150413 121.00 121.309998 119.129997 119.370003 3961000 118.354585
20150414 119.339996 120.18 118.519997 119.919998 3208800 118.899901
20150415 120.379997 120.739998 116.550003 117.32 7344000 116.32202
20150416 121.93 122.32 120.519997 121.599998 7068000 120.565611
20150417 121.00 121.050003 117.739998 118.709999 4390000 117.700195
20150420 119.849998 120.330002 118.07 118.580002 4650700 117.571304
20150421 119.00 119.629997 118.760002 119.279999 3379800 118.265346
20150422 119.540001 119.940002 117.169998 117.809998 3846700 116.80785
20150423 117.480003 118.580002 116.959999 118.260002 3244300 117.254026
20150424 118.279999 119.089996 118.019997 118.690002 3139200 117.680369
20150427 119.18 119.410004 116.07 116.239998 5174300 115.251205
20150428 116.889999 117.739998 114.279999 117.589996 4144800 116.58972
20150429 116.220001 117.32 112.040001 113.610001 7122600 112.64358
20150430 113.529999 114.330002 111.120003 111.400002 6705600 110.45238
20150501 112.290001 113.660004 111.739998 113.199997 5805100 112.237064
20150504 113.699997 114.93 113.449997 114.559998 3531500 113.585496
20150505 113.940002 114.279999 113.010002 113.370003 3960400 112.405623
20150506 114.00 114.489998 112.660004 113.489998 3369800 112.524598
20150507 113.150002 115.139999 113.110001 114.760002 3300200 113.783799
20150508 115.93 116.589996 115.050003 115.68 3066000 114.695971
20150511 115.610001 115.790001 114.720001 114.769997 3376400 113.793708
20150512 114.230003 115.080002 113.830002 114.639999 3844600 113.664817
20150513 114.620003 116.300003 114.620003 115.860001 3667700 114.87444
20150514 117.18 118.620003 116.209999 118.529999 4771400 117.521726
20150515 118.779999 119.349998 118.309998 119.330002 3083800 118.314924
20150518 119.220001 119.980003 118.839996 119.800003 2824700 118.780927
20150519 119.82 121.129997 119.690002 120.550003 3554900 119.524547
20150520 120.730003 121.849998 120.029999 121.239998 3379200 120.208673
20150521 120.760002 120.839996 120.050003 120.459999 2983500 119.435309
20150522 120.300003 120.779999 119.139999 119.589996 2945900 118.572707
20150526 119.220001 119.589996 117.699997 118.239998 3014500 117.234192
20150527 118.879997 119.849998 118.269997 119.449997 2887700 118.433898
20150528 119.309998 119.82 118.290001 119.620003 2873600 118.602458
20150529 120.059998 121.620003 117.739998 120.209999 6019900 119.187436
20150601 120.540001 120.559998 118.75 119.860001 3876400 118.840414
20150602 119.489998 119.68 117.410004 117.75 4219500 116.748362
20150603 118.00 118.989998 117.449997 118.349998 3438100 117.343257
20150604 117.919998 117.970001 116.029999 116.650002 3300300 115.657721
20150605 116.330002 116.75 115.360001 116.529999 2724500 115.538739
20150608 116.379997 117.669998 116.32 116.910004 3271300 115.915511
20150609 116.93 117.379997 115.790001 116.989998 3047300 115.994825
20150610 117.029999 118.879997 116.730003 118.550003 4006400 117.54156
20150611 118.410004 119.940002 118.220001 119.32 3815600 118.806085
20150612 118.839996 119.00 117.50 117.650002 3076600 117.143279
20150615 116.830002 120.879997 116.00 118.980003 6809500 118.467553
20150616 119.139999 122.18 119.00 121.550003 7229400 121.026483
20150617 121.900002 122.199997 119.169998 119.739998 4805900 119.224274
20150618 120.389999 121.379997 119.919998 120.889999 3478300 120.369322
20150619 120.650002 120.879997 119.900002 120.330002 4178700 119.811737
20150622 121.629997 122.230003 119.940002 120.25 4435600 119.732079
20150623 121.370003 122.769997 121.010002 122.739998 4991000 122.211353
20150624 122.800003 123.00 119.099998 119.169998 4650500 118.656729
20150625 119.57 123.410004 119.50 122.330002 6149500 121.803123
20150626 123.790001 124.110001 122.730003 123.25 16358200 122.719158
20150629 122.040001 123.029999 121.110001 121.190002 3604000 120.668033
20150630 122.419998 122.940002 121.00 122.00 4982600 121.474542
20150701 122.949997 123.650002 122.220001 123.379997 3269300 122.848596
20150702 123.82 123.879997 121.019997 121.809998 3682300 121.285358
20150706 119.599998 123.099998 119.260002 122.160004 6522800 121.633857
20150707 122.360001 122.800003 117.809998 120.699997 6476200 120.180138
20150708 119.050003 119.989998 118.400002 118.779999 4009800 118.26841
20150709 120.040001 120.559998 119.309998 119.339996 3315600 118.825995
20150710 120.989998 122.75 120.699997 122.150002 4033500 121.623898
20150713 123.099998 123.75 121.809998 122.449997 3766900 121.922601
20150714 122.18 125.199997 122.00 125.00 4192400 124.461621
20150715 124.949997 126.050003 123.809998 125.860001 5067300 125.317918
20150716 125.419998 125.50 122.099998 124.93 7216600 124.391923
20150717 124.699997 124.980003 123.699997 123.849998 3702700 123.316573
20150720 124.050003 124.230003 122.330002 122.650002 3199700 122.121744
20150721 122.57 122.720001 120.339996 120.860001 4239100 120.339453
20150722 120.970001 121.239998 120.080002 120.610001 3384700 120.09053
20150723 121.629997 121.68 118.760002 119.330002 4896100 118.816044
20150724 119.120003 119.720001 117.580002 117.940002 3840600 117.432031
20150727 117.879997 118.089996 116.660004 117.879997 3752300 117.372284
20150728 118.739998 121.57 118.50 121.519997 5216900 120.996606
20150729 121.82 122.110001 120.620003 121.519997 3924400 120.996606
20150730 121.139999 121.919998 119.550003 120.559998 3732400 120.040742
20150731 120.470001 122.720001 120.470001 121.400002 3593000 120.877128
20150803 121.610001 122.169998 120.139999 120.889999 2541300 120.369322
20150804 121.580002 121.629997 120.230003 120.839996 2058200 120.319535
20150805 121.760002 124.239998 121.760002 123.919998 3831900 123.386271
20150806 124.370003 124.639999 121.800003 122.040001 3014900 121.514371
20150807 121.709999 121.860001 120.260002 121.82 2276300 121.295317
20150810 122.50 123.339996 121.940002 122.480003 2480000 121.952478
20150811 121.269997 123.019997 121.269997 122.260002 2756000 121.733424
20150812 121.260002 121.779999 119.050003 121.199997 3005300 120.677985
20150813 121.330002 121.989998 120.290001 120.519997 3253400 120.000913
20150814 120.57 121.18 120.260002 121.019997 2040500 120.49876
20150817 120.400002 123.949997 120.300003 123.82 2951800 123.286703
20150818 123.879997 126.209999 123.82 125.50 4140200 124.959468
20150819 124.709999 124.989998 122.849998 123.220001 3411500 122.689289
20150820 122.239998 122.419998 119.790001 119.790001 3201600 119.274062
20150821 118.25 118.800003 116.010002 116.279999 5627800 115.779177
20150824 110.860001 112.43 95.00 110.43 8824900 109.954375
20150825 113.00 114.589996 109.800003 109.980003 8109900 109.506316
20150826 112.559998 113.830002 110.279999 113.459999 7503200 112.971323
20150827 115.25 117.830002 114.959999 117.769997 5783700 117.262758
20150828 117.389999 117.839996 116.00 117.279999 3333100 116.77487
20150831 117.209999 118.779999 115.160004 115.699997 4087000 115.201673
20150901 113.360001 114.220001 112.07 112.629997 4658100 112.144896
20150902 113.830002 114.599998 112.529999 114.230003 4522100 113.738011
20150903 114.739998 115.919998 113.459999 113.989998 3137100 113.499039
20150904 112.50 113.07 111.260002 112.360001 3394900 111.876063
20150908 114.129997 116.209999 113.669998 116.089996 3990600 115.589993
20150909 117.290001 117.720001 114.830002 115.080002 3724100 115.080002
20150910 114.849998 117.940002 114.730003 116.769997 4411800 116.769997
20150911 116.169998 118.870003 115.860001 118.699997 3730200 118.699997
20150914 119.029999 119.50 117.150002 117.800003 2679300 117.800003
20150915 118.610001 120.610001 117.43 120.029999 3011400 120.029999
20150916 120.269997 121.360001 119.550003 121.150002 3459500 121.150002
20150917 121.50 125.120003 120.900002 123.260002 5365600 123.260002
20150918 122.209999 123.769997 121.82 122.470001 7329100 122.470001
20150921 123.489998 124.269997 121.389999 123.940002 3445100 123.940002
20150922 121.440002 123.790001 121.440002 122.93 4426100 122.93
20150923 123.00 124.209999 122.040001 123.279999 3124500 123.279999
20150924 122.349998 122.629997 119.269997 121.089996 4656500 121.089996
20150925 122.18 122.410004 115.230003 116.370003 8003600 116.370003
