20130102 83.43 84.00 83.110001 84.00 4485200 79.048064
20130103 83.75 84.459999 83.410004 84.309998 3786600 79.339787
20130104 84.470001 84.989998 84.07 84.980003 3855900 79.970295
20130107 84.540001 84.989998 84.370003 84.57 3378500 79.584462
20130108 84.389999 84.709999 83.25 83.550003 4830600 78.624595
20130109 83.940002 85.309998 83.830002 84.550003 3770000 79.565644
20130110 85.00 85.019997 84.360001 84.970001 3541500 79.960882
20130111 84.870003 85.489998 84.650002 85.18 2983600 80.158502
20130114 85.25 85.970001 85.25 85.800003 3125400 80.741954
20130115 85.18 86.129997 84.910004 85.959999 2758800 80.892518
20130116 85.540001 85.809998 85.150002 85.57 2447300 80.52551
20130117 86.080002 86.599998 85.589996 86.400002 3430700 81.306582
20130118 86.709999 87.360001 86.239998 86.949997 4220000 81.824154
20130122 86.629997 87.50 86.339996 87.470001 4117700 82.313503
20130123 87.290001 88.379997 86.809998 88.07 3959900 82.878131
20130124 88.010002 88.959999 87.529999 88.919998 5352200 83.678021
20130125 88.860001 89.809998 88.860001 89.790001 4548500 84.496735
20130128 89.93 90.00 89.349998 89.800003 4447600 84.506148
20130129 89.809998 89.860001 89.110001 89.760002 4369600 84.468505
20130130 89.620003 89.720001 89.019997 89.099998 4479100 83.84741
20130131 88.589996 89.099998 87.57 87.57 5742000 82.407607
20130201 87.989998 90.110001 87.989998 89.839996 6773500 84.543783
20130204 90.43 90.75 89.18 89.540001 5894000 84.261473
20130205 90.260002 90.599998 89.050003 89.260002 5106400 83.997981
20130206 88.660004 89.529999 88.660004 89.370003 3344700 84.101497
20130207 89.540001 89.949997 88.610001 89.949997 3780700 84.647299
20130208 90.099998 90.889999 89.75 90.089996 3849300 84.779045
20130211 90.07 90.32 89.360001 89.610001 3079000 84.327346
20130212 89.800003 90.080002 89.550003 89.980003 3315100 84.675537
20130213 89.82 89.82 89.00 89.50 3574700 84.727599
20130214 89.230003 90.00 88.800003 89.690002 3629400 84.90747
20130215 90.050003 90.779999 89.849998 90.779999 4419900 85.939345
20130219 91.029999 91.510002 90.629997 91.019997 4422100 86.166545
20130220 91.019997 91.199997 90.110001 90.160004 3019800 85.35241
20130221 89.779999 89.809998 88.519997 89.410004 3785200 84.642402
20130222 89.889999 90.489998 89.669998 90.489998 3649200 85.664808
20130225 90.900002 90.949997 88.370003 88.370003 4001000 83.657857
20130226 89.010002 89.529999 88.669998 89.199997 2607100 84.443593
20130227 89.099998 90.760002 88.410004 90.57 3362100 85.740544
20130228 90.739998 91.32 90.230003 90.550003 3836600 85.721613
20130301 90.260002 90.75 89.279999 90.129997 2707800 85.324003
20130304 89.540001 89.709999 88.489998 89.129997 3145400 84.377326
20130305 89.690002 91.290001 89.510002 91.019997 3362800 86.166545
20130306 91.589996 91.860001 90.900002 91.07 2564700 86.213882
20130307 91.199997 91.889999 91.18 91.709999 2526400 86.819755
20130308 92.029999 92.910004 91.889999 92.07 3120800 87.160559
20130311 92.160004 93.099998 91.910004 92.910004 2568300 87.955772
20130312 92.860001 93.239998 92.25 93.139999 3027400 88.173503
20130313 93.190002 93.43 92.709999 93.080002 3825700 88.116705
20130314 93.379997 93.449997 92.970001 93.449997 3268900 88.466971
20130315 93.300003 93.50 93.00 93.279999 5577800 88.306038
20130318 92.970001 93.580002 92.620003 92.769997 2980200 87.82323
20130319 93.00 93.660004 92.480003 93.110001 3701100 88.145104
20130320 93.82 94.00 93.349998 93.449997 3012000 88.466971
20130321 93.010002 93.309998 92.279999 92.43 2222500 87.501364
20130322 92.790001 93.639999 92.599998 93.589996 3207800 88.599505
20130325 93.779999 94.00 92.330002 92.800003 2353700 87.851637
20130326 93.279999 93.480003 92.540001 92.650002 3004200 87.709634
20130327 92.339996 92.760002 91.290001 92.610001 2442700 87.671766
20130328 93.099998 93.730003 93.010002 93.43 4046700 88.448041
20130401 93.160004 93.410004 92.699997 92.919998 2543400 87.965233
20130402 93.150002 93.540001 92.849998 92.989998 2586400 88.0315
20130403 93.150002 93.970001 93.010002 93.199997 4407400 88.230302
20130404 93.370003 93.800003 92.959999 93.160004 3029500 88.192441
20130405 92.00 92.75 91.900002 92.639999 2564800 87.700165
20130408 92.839996 93.720001 92.419998 93.709999 2386000 88.713109
20130409 93.940002 94.580002 93.379997 94.449997 3181300 89.413648
20130410 94.720001 95.699997 94.639999 95.18 3780200 90.104726
20130411 95.519997 95.839996 95.169998 95.82 3908900 90.710598
20130412 95.629997 95.690002 95.169998 95.690002 2539600 90.587533
20130415 95.370003 95.480003 93.50 93.519997 3956200 88.533238
20130416 94.400002 94.82 93.720001 94.510002 2843400 89.470454
20130417 93.790001 93.889999 92.410004 92.849998 3531700 87.898966
20130418 92.910004 93.110001 91.25 91.550003 4387800 86.66829
20130419 91.720001 93.290001 91.720001 93.220001 3784200 88.249239
20130422 93.220001 94.059998 92.540001 93.629997 3133200 88.637373
20130423 93.300003 94.25 90.650002 92.889999 6504600 87.936834
20130424 92.730003 93.07 91.82 92.00 4228100 87.094292
20130425 92.400002 93.190002 92.00 92.110001 3592100 87.198427
20130426 92.029999 92.209999 91.129997 91.150002 2927400 86.289618
20130429 91.269997 91.790001 90.620003 91.620003 2993600 86.734557
20130430 92.099998 92.230003 91.040001 91.290001 4175200 86.422152
20130501 91.040001 91.650002 90.919998 91.050003 3981900 86.194952
20130502 91.290001 92.190002 91.290001 91.75 2724800 86.857623
20130503 92.730003 93.480003 92.43 93.110001 3088100 88.145104
20130506 92.949997 93.830002 92.800003 93.489998 2063300 88.504839
20130507 93.589996 93.900002 93.269997 93.870003 2527100 88.864581
20130508 93.75 94.379997 93.589996 94.379997 2606200 89.347381
20130509 94.510002 95.589996 94.32 94.760002 3633300 89.707123
20130510 94.910004 95.25 94.57 95.25 2529000 90.170993
20130513 95.029999 95.32 94.769997 94.949997 1963800 89.886987
20130514 94.970001 95.970001 94.970001 95.93 3565500 90.814733
20130515 95.470001 95.879997 94.790001 95.809998 3042600 91.209806
20130516 95.510002 95.830002 95.050003 95.169998 2938900 90.600536
20130517 95.279999 97.410004 94.870003 97.349998 4206600 92.675866
20130520 97.040001 97.720001 96.940002 97.230003 2625300 92.561632
20130521 97.559998 98.150002 97.220001 97.550003 2791600 92.866268
20130522 97.599998 98.18 96.110001 96.25 4320500 91.628683
20130523 95.379997 95.970001 94.93 95.489998 3270700 90.905171
20130524 95.00 95.269997 94.190002 95.040001 2615400 90.47678
20130528 95.940002 96.620003 95.50 95.970001 3431100 91.362128
20130529 95.389999 95.629997 94.809998 95.120003 3171500 90.552941
20130530 95.440002 96.510002 95.199997 95.959999 3701400 91.352606
20130531 95.629997 96.610001 94.900002 94.900002 4232000 90.343503
20130603 95.160004 95.75 94.010002 95.230003 4368800 90.65766
20130604 94.919998 95.419998 93.639999 94.279999 3433700 89.753268
20130605 93.940002 94.029999 92.870003 93.010002 3793800 88.544249
20130606 92.910004 93.139999 91.839996 92.75 4648400 88.296731
20130607 93.720001 94.620003 91.779999 94.50 4810000 89.962707
20130610 94.589996 94.82 93.949997 94.139999 3479500 89.619991
20130611 93.32 94.629997 92.879997 93.68 2627600 89.182078
20130612 94.599998 94.839996 92.470001 92.68 2545900 88.230092
20130613 92.82 94.459999 92.190002 94.290001 4092200 89.76279
20130614 94.339996 94.849998 93.650002 94.019997 2235400 89.50575
20130617 94.970001 95.839996 94.68 94.980003 3006200 90.419663
20130618 94.949997 96.419998 94.949997 96.169998 3084100 91.552522
20130619 96.050003 96.400002 94.18 94.18 3406400 89.658071
20130620 93.239998 93.470001 92.199997 92.349998 3757000 87.915935
20130621 92.919998 93.050003 91.360001 92.18 5729400 87.754099
20130624 91.269997 92.470001 90.300003 91.489998 3856300 87.097226
20130625 92.129997 92.440002 91.330002 91.779999 3184000 87.373303
20130626 92.629997 93.379997 92.139999 92.980003 2546700 88.515691
20130627 93.370003 93.589996 92.709999 93.510002 4417000 89.020242
20130628 93.220001 93.839996 92.419998 92.940002 4581600 88.47761
20130701 93.309998 95.230003 93.309998 94.739998 3889500 90.191181
20130702 94.709999 95.110001 93.489998 93.800003 3696000 89.296319
20130703 93.550003 95.110001 93.120003 94.730003 1737000 90.181667
20130705 95.50 96.629997 95.419998 96.529999 2655900 91.895238
20130708 97.050003 97.769997 96.800003 96.980003 2893000 92.323636
20130709 97.769997 98.529999 97.559998 98.019997 3379400 93.313695
20130710 98.010002 98.099998 97.379997 97.790001 3142800 93.094742
20130711 98.93 99.779999 98.82 99.690002 3736500 94.903518
20130712 99.610001 100.699997 99.019997 99.830002 4728300 95.036795
20130715 100.080002 100.50 99.720001 100.239998 2893300 95.427106
20130716 100.110001 100.660004 99.849998 99.989998 2303900 95.189109
20130717 100.82 101.00 100.410004 100.860001 2515900 96.01734
20130718 100.940002 101.480003 100.739998 101.339996 2703000 96.474289
20130719 101.419998 102.50 101.199997 102.480003 3271500 97.559561
20130722 103.529999 103.529999 102.019997 102.110001 3025100 97.207323
20130723 103.300003 105.660004 103.029999 105.120003 5389300 100.072804
20130724 105.470001 105.50 103.760002 104.989998 4182100 99.949041
20130725 105.080002 105.089996 103.889999 104.790001 3339500 99.758647
20130726 104.379997 105.059998 103.980003 104.970001 2644100 99.930004
20130729 104.419998 105.209999 104.330002 105.07 2318800 100.025202
20130730 105.50 106.010002 104.970001 105.57 2960500 100.501195
20130731 105.769997 106.550003 105.330002 105.57 3157100 100.501195
20130801 106.419998 107.849998 106.419998 107.18 3014000 102.033893
20130802 107.059998 107.860001 106.589996 107.769997 3284800 102.595562
20130805 107.339996 107.379997 106.589996 106.639999 3004400 101.51982
20130806 106.449997 106.449997 104.769997 105.199997 3323500 100.148957
20130807 104.900002 106.209999 104.699997 106.029999 2369000 100.939108
20130808 106.57 107.160004 105.610001 106.260002 2100400 101.158068
20130809 106.059998 106.489998 104.980003 105.620003 1907200 100.548797
20130812 105.129997 105.720001 104.910004 105.540001 2246600 100.472636
20130813 105.82 107.389999 105.349998 106.800003 2625500 101.672141
20130814 106.279999 106.650002 104.93 105.059998 2146900 100.519212
20130815 103.959999 104.169998 102.68 102.989998 2747300 98.53868
20130816 102.959999 103.720001 102.720001 103.080002 3318500 98.624794
20130819 102.830002 103.43 102.529999 102.629997 2222900 98.194239
20130820 102.629997 102.940002 101.900002 102.400002 2961800 97.974184
20130821 102.199997 102.480003 101.209999 101.699997 3075000 97.304434
20130822 102.089996 104.00 101.650002 102.959999 2703400 98.509978
20130823 103.00 103.75 102.650002 102.800003 2606900 98.356897
20130826 102.900002 103.480003 102.300003 102.300003 1657200 97.878507
20130827 101.209999 101.82 99.699997 99.940002 3082700 95.620508
20130828 99.790001 100.379997 99.709999 99.980003 2397200 95.65878
20130829 99.730003 100.889999 99.50 100.459999 2323500 96.11803
20130830 100.730003 100.790001 99.730003 100.099998 2492500 95.773589
20130903 101.099998 103.129997 101.089996 102.660004 4633500 98.222948
20130904 102.440002 103.410004 102.059998 103.360001 2567900 98.892691
20130905 103.230003 104.129997 102.839996 103.68 1672700 99.19886
20130906 104.120003 104.400002 102.18 103.230003 2444100 98.768312
20130909 103.540001 104.800003 103.540001 104.480003 2194400 99.964286
20130910 105.25 106.410004 105.00 106.260002 2881100 101.667352
20130911 106.769997 107.830002 106.419998 107.830002 3121300 103.169495
20130912 107.800003 109.129997 107.650002 107.830002 3514000 103.169495
20130913 108.010002 108.389999 107.400002 108.389999 2219100 103.705288
20130916 109.529999 110.00 109.050003 109.699997 2819500 104.958667
20130917 109.599998 111.470001 109.489998 110.389999 3361400 105.618847
20130918 110.099998 111.089996 108.910004 111.010002 3718700 106.212052
20130919 111.519997 112.459999 111.339996 112.00 3094700 107.159262
20130920 112.00 112.190002 109.580002 109.580002 5758400 104.843858
20130923 109.68 110.839996 109.099998 109.419998 3095900 104.69077
20130924 109.550003 110.599998 109.099998 110.00 2520000 105.245703
20130925 109.860001 110.889999 109.230003 109.260002 2458000 104.537689
20130926 109.669998 110.379997 109.110001 109.660004 2577300 104.920402
20130927 108.989998 109.57 108.300003 109.360001 1846800 104.633365
20130930 108.860001 109.010002 107.50 107.82 3333000 103.159925
20131001 108.080002 108.480003 106.349998 107.379997 4995300 102.73894
20131002 106.739998 106.760002 104.550003 104.980003 5604500 100.442675
20131003 104.830002 104.980003 102.730003 103.690002 4264800 99.20843
20131004 103.769997 104.620003 103.300003 104.269997 2111500 99.763356
20131007 103.440002 104.75 103.00 104.029999 2164100 99.533731
20131008 104.010002 104.480003 102.730003 102.760002 2200500 98.318625
20131009 103.00 103.389999 102.209999 102.839996 3548600 98.395161
20131010 104.370003 105.919998 103.980003 105.919998 3419500 101.342043
20131011 105.68 107.029999 105.370003 107.010002 3201600 102.384936
20131014 106.029999 107.07 105.68 106.900002 2435300 102.27969
20131015 106.82 106.910004 105.769997 105.800003 2710200 101.227234
20131016 106.510002 107.139999 105.970001 106.43 3246200 101.830002
20131017 105.980003 108.160004 105.980003 108.019997 2069500 103.351278
20131018 108.080002 108.440002 107.059998 107.739998 2708200 103.083381
20131021 107.900002 107.940002 106.949997 107.620003 2958000 102.968572
20131022 107.620003 108.559998 105.07 106.129997 5832200 101.542966
20131023 106.199997 106.919998 105.660004 106.389999 3399000 101.79173
20131024 107.349998 107.489998 106.209999 107.059998 2654700 102.432771
20131025 106.910004 107.529999 106.529999 107.519997 2732500 102.872888
20131028 107.089996 107.239998 105.910004 105.989998 3284200 101.409017
20131029 106.019997 106.449997 105.760002 106.419998 2246500 101.820432
20131030 106.589996 107.230003 105.68 105.949997 2031400 101.370745
20131031 105.900002 107.239998 105.730003 106.25 2963800 101.657782
20131101 106.449997 107.730003 106.410004 107.510002 2511000 102.863325
20131104 108.309998 108.440002 107.480003 107.980003 2293700 103.313013
20131105 107.589996 108.260002 106.709999 107.68 2289600 103.025976
20131106 108.230003 108.980003 108.099998 108.669998 3150300 103.973185
20131107 108.779999 109.269997 107.089996 107.269997 2536000 102.633693
20131108 107.010002 108.589996 106.790001 108.550003 2950900 103.858377
20131111 108.540001 108.599998 107.779999 108.080002 2409700 103.408689
20131112 107.889999 107.970001 107.150002 107.449997 3004400 102.805914
20131113 106.550003 107.540001 106.019997 107.459999 2797600 103.383156
20131114 108.50 108.970001 107.480003 108.690002 2561000 104.566495
20131115 108.82 109.00 108.190002 108.589996 2974400 104.470283
20131118 108.599998 109.910004 108.599998 109.129997 2415200 104.989798
20131119 108.919998 109.489998 108.800003 109.099998 1877700 104.960937
20131120 109.300003 109.669998 108.599998 108.830002 2239900 104.701183
20131121 109.120003 109.849998 108.989998 109.769997 1964100 105.605516
20131122 109.739998 110.330002 109.230003 110.199997 2467300 106.019203
20131125 110.949997 110.989998 110.089996 110.309998 2155100 106.125031
20131126 110.410004 111.50 110.25 110.940002 2825900 106.731134
20131127 111.230003 111.900002 111.080002 111.510002 1770500 107.279509
20131129 111.300003 111.610001 110.699997 110.860001 1301000 106.654168
20131202 111.169998 111.400002 110.110001 110.309998 2091300 106.125031
20131203 109.919998 110.529999 109.260002 109.690002 3294200 105.528557
20131204 109.339996 109.559998 107.989998 108.940002 2511000 104.807011
20131205 108.089996 109.580002 108.089996 109.050003 2024000 104.912838
20131206 110.239998 111.199997 110.07 111.120003 2456500 106.904306
20131209 111.050003 111.550003 110.709999 111.18 2803000 106.962027
20131210 110.669998 111.610001 110.089996 110.980003 2809600 106.769618
20131211 111.080002 111.199997 108.650002 108.660004 3455900 104.537635
20131212 108.50 108.93 107.360001 108.089996 3652100 103.989252
20131213 106.160004 107.889999 105.900002 107.349998 4519600 103.277329
20131216 107.809998 109.120003 107.50 108.529999 3276700 104.412562
20131217 108.989998 109.129997 107.379997 107.620003 3451700 103.53709
20131218 108.00 109.849998 106.949997 109.809998 3715800 105.644
20131219 109.629997 109.989998 109.190002 109.50 2927400 105.345763
20131220 109.220001 111.129997 109.07 110.660004 4618000 106.461758
20131223 111.419998 111.470001 110.57 110.82 1967500 106.615684
20131224 110.800003 111.599998 110.68 111.470001 747900 107.241026
20131226 111.610001 112.760002 111.559998 112.690002 2449400 108.414742
20131227 112.849998 113.040001 112.440002 112.800003 1593900 108.52057
20131230 112.900002 112.900002 112.099998 112.730003 1614900 108.453226
20131231 113.160004 113.940002 113.080002 113.800003 2103200 109.482632
20140102 112.900002 113.209999 112.309998 112.489998 2649500 108.222326
20140103 112.949997 113.510002 112.730003 112.900002 2314900 108.616774
20140106 113.379997 113.839996 112.160004 112.790001 2956800 108.510947
20140107 113.120003 113.970001 112.900002 113.510002 2500300 109.203633
20140108 112.940002 113.940002 112.559998 113.650002 3141400 109.338321
20140109 114.07 114.230003 113.050003 113.709999 2123200 109.396042
20140110 114.25 114.709999 113.00 113.830002 2248200 109.511492
20140113 113.260002 114.349998 112.620003 112.800003 3259500 108.52057
20140114 112.669998 113.410004 112.120003 112.629997 3430500 108.357014
20140115 112.57 114.279999 112.550003 114.07 2271800 109.742385
20140116 113.879997 114.389999 113.589996 114.220001 2653100 109.886696
20140117 113.690002 114.470001 113.650002 114.209999 4284300 109.877073
20140121 114.839996 115.980003 114.459999 114.989998 4737200 110.62748
20140122 117.489998 118.199997 115.449997 116.120003 5042800 111.714615
20140123 115.080002 115.919998 114.489998 114.839996 4086400 110.483169
20140124 114.019997 114.349998 111.769997 111.800003 5119800 107.558508
20140127 111.879997 114.809998 111.57 113.790001 7665000 109.473009
20140128 113.589996 113.93 112.989998 113.860001 3662100 109.540353
20140129 113.059998 114.050003 112.43 113.269997 3881200 108.972733
20140130 113.980003 115.269997 113.650002 114.68 3210800 110.329243
20140131 112.980003 114.93 112.370003 114.019997 3482000 109.694279
20140203 114.110001 114.739998 110.110001 110.160004 5262200 105.980727
20140204 108.370003 110.019997 107.50 109.099998 9759600 104.960937
20140205 108.300003 108.889999 107.00 107.910004 6864500 103.816088
20140206 108.099998 109.50 108.099998 109.449997 3717700 105.297657
20140207 110.029999 111.169998 109.989998 110.730003 3982500 106.529102
20140210 110.589996 111.68 110.330002 111.599998 4094000 107.366091
20140211 111.75 113.199997 111.389999 112.959999 3364000 108.674496
20140212 112.529999 112.860001 111.970001 112.779999 3006300 109.071012
20140213 112.18 113.580002 111.690002 113.300003 2520900 109.573915
20140214 113.260002 114.139999 112.370003 113.870003 3466600 110.125169
20140218 114.00 114.110001 112.959999 113.739998 2392800 109.999439
20140219 113.440002 115.279999 113.410004 114.040001 4196200 110.289576
20140220 114.360001 115.400002 113.470001 115.050003 3096800 111.266363
20140221 115.290001 116.080002 114.720001 115.379997 3660000 111.585504
20140224 115.769997 117.580002 115.300003 116.489998 3331500 112.659
20140225 116.050003 116.669998 115.559998 115.889999 2569500 112.078734
20140226 115.889999 116.790001 115.610001 116.110001 2951600 112.2915
20140227 116.129997 116.629997 115.650002 116.610001 2147100 112.775057
20140228 116.919998 117.910004 116.199997 117.019997 3272200 113.171569
20140303 115.599998 117.099998 115.449997 116.760002 3125600 112.920125
20140304 117.800003 118.169998 117.150002 117.589996 3217100 113.722823
20140305 118.160004 118.419998 117.330002 117.410004 2487400 113.54875
20140306 118.080002 118.199997 117.260002 117.760002 1786900 113.887238
20140307 118.239998 118.400002 117.599998 118.309998 2912900 114.419146
20140310 118.199997 118.400002 116.900002 117.769997 2474300 113.896904
20140311 117.790001 117.82 115.50 115.639999 3350400 111.836956
20140312 115.410004 115.830002 114.510002 115.809998 3184200 112.001363
20140313 116.019997 116.50 112.32 112.889999 5926400 109.177395
20140314 113.040001 114.360001 112.419998 112.599998 4213800 108.896931
20140317 113.169998 114.879997 113.050003 114.410004 3993600 110.647411
20140318 114.709999 115.290001 114.339996 114.68 2554900 110.908528
20140319 114.639999 115.099998 112.839996 114.010002 2972400 110.260564
20140320 114.029999 114.50 113.00 113.769997 2895500 110.028452
20140321 116.519997 117.599998 114.410004 114.57 10342400 110.802145
20140324 114.970001 115.199997 112.93 113.75 3124900 110.009113
20140325 114.370003 115.239998 113.790001 115.199997 3453300 111.411424
20140326 115.849998 116.290001 114.580002 114.580002 3462600 110.811818
20140327 114.290001 114.699997 113.300003 113.800003 2403200 110.057471
20140328 114.199997 115.440002 114.120003 114.809998 2457100 111.03425
20140331 115.480003 116.959999 115.279999 116.839996 3605400 112.997488
20140401 117.089996 118.00 116.779999 117.919998 3304000 114.041972
20140402 119.610001 120.129997 118.75 119.870003 7473200 115.927847
20140403 119.989998 120.00 119.120003 119.769997 3775300 115.83113
20140404 120.239998 120.489998 117.980003 118.18 3700000 114.293424
20140407 117.199997 118.660004 116.110001 116.18 3493800 112.359198
20140408 115.82 116.349998 114.940002 115.769997 2442900 111.962678
20140409 116.07 117.07 115.599998 117.040001 2552300 113.190915
20140410 117.010002 117.410004 114.489998 114.559998 3075600 110.792472
20140411 114.150002 115.209999 113.540001 113.93 3111900 110.183193
20140414 114.720001 115.300003 113.949997 114.940002 2280700 111.15998
20140415 115.300003 116.080002 113.93 115.839996 2794000 112.030375
20140416 117.00 118.089996 115.910004 118.07 2926400 114.187041
20140417 118.50 119.290001 118.099998 118.57 3314100 114.670597
20140421 118.68 119.059998 118.190002 118.300003 2685000 114.40948
20140422 119.279999 120.660004 119.00 119.190002 4189300 115.27021
20140423 119.080002 119.940002 118.940002 119.650002 2683300 115.715081
20140424 120.080002 120.080002 118.550003 118.980003 2150300 115.067117
20140425 118.459999 118.849998 116.889999 117.209999 3439400 113.355323
20140428 117.82 118.379997 116.389999 117.699997 3378100 113.829206
20140429 117.919998 118.349998 117.059998 117.559998 2983400 113.693811
20140430 117.610001 118.830002 117.470001 118.330002 2841100 114.438492
20140501 118.029999 118.519997 116.610001 116.800003 4122100 112.95881
20140502 116.029999 117.419998 115.849998 116.519997 5802400 112.688013
20140505 116.029999 117.150002 115.510002 116.82 2825300 112.978149
20140506 116.330002 116.620003 115.910004 116.010002 1958000 112.19479
20140507 116.269997 117.07 115.629997 116.910004 2605300 113.065193
20140508 116.870003 118.089996 116.779999 117.019997 2520200 113.171569
20140509 116.82 117.279999 116.150002 116.989998 2185000 113.142557
20140512 117.440002 118.75 117.389999 118.629997 2795300 114.728622
20140513 119.019997 119.190002 118.68 118.739998 2077100 114.835005
20140514 118.559998 118.57 117.160004 117.32 1767800 114.028292
20140515 117.050003 117.25 115.339996 115.699997 2864200 112.453742
20140516 115.870003 116.220001 114.480003 114.580002 4486300 111.365172
20140519 114.07 115.57 113.919998 115.019997 3205300 111.792821
20140520 114.830002 115.129997 112.599998 113.099998 3751200 109.926694
20140521 113.599998 114.959999 113.599998 114.839996 3330100 111.617871
20140522 114.470001 115.510002 114.279999 115.040001 2176400 111.812264
20140523 115.059998 115.660004 114.93 115.540001 1505100 112.298236
20140527 116.089996 116.330002 115.650002 115.849998 1988300 112.599535
20140528 115.93 116.550003 115.830002 115.949997 1977400 112.696728
20140529 116.230003 116.650002 115.790001 116.349998 2279200 113.085507
20140530 116.290001 116.790001 115.779999 116.220001 3661800 112.959157
20140602 116.410004 117.550003 116.199997 117.400002 2690700 114.106049
20140603 118.00 118.220001 117.559998 117.82 5362600 114.514263
20140604 117.900002 117.980003 116.82 117.139999 2778400 113.853342
20140605 117.279999 118.400002 116.93 118.169998 2803300 114.854442
20140606 118.43 118.900002 118.279999 118.900002 1958000 115.563963
20140609 119.00 120.190002 118.480003 120.089996 3177100 116.720569
20140610 119.690002 119.839996 118.559998 119.129997 2620100 115.787505
20140611 118.599998 118.690002 117.860001 118.300003 2167200 114.980799
20140612 117.849998 118.239998 116.559998 116.849998 2537500 113.571478
20140613 116.919998 117.269997 116.300003 116.790001 1919700 113.513164
20140616 116.529999 117.209999 116.199997 116.870003 1809700 113.590921
20140617 116.370003 117.360001 116.199997 117.010002 2244000 113.726992
20140618 117.089996 117.470001 115.93 117.230003 2896300 113.940821
20140619 117.470001 117.739998 116.660004 117.580002 2256900 114.280999
20140620 118.110001 118.279999 117.440002 117.989998 5249700 114.679492
20140623 117.779999 117.93 116.709999 117.129997 2101000 113.843621
20140624 116.690002 116.989998 115.650002 115.68 2770300 112.434307
20140625 115.639999 116.339996 115.360001 116.120003 2467300 112.861964
20140626 116.059998 116.220001 115.059998 115.75 2914100 112.502343
20140627 115.730003 116.580002 115.480003 116.580002 9124000 113.309057
20140630 116.389999 116.389999 115.199997 115.449997 3377200 112.210757
20140701 115.970001 116.470001 115.50 115.93 3245300 112.677293
20140702 115.980003 115.980003 114.699997 115.139999 3821500 111.909457
20140703 115.519997 116.00 115.389999 115.529999 1746000 112.288514
20140707 115.610001 115.800003 114.709999 115.099998 3779200 111.870578
20140708 114.75 115.099998 113.949997 114.07 2861900 110.869479
20140709 114.349998 114.50 113.379997 113.839996 3358400 110.645929
20140710 112.790001 113.919998 112.440002 113.510002 3654800 110.325193
20140711 113.800003 114.550003 113.540001 114.129997 3697600 110.927793
20140714 114.980003 115.349998 114.669998 114.879997 3017400 111.65675
20140715 115.160004 116.25 114.639999 114.839996 4488700 111.617871
20140716 115.269997 115.269997 114.230003 114.360001 3503700 111.151343
20140717 113.93 114.110001 112.720001 112.769997 4875600 109.605951
20140718 113.010002 113.660004 112.790001 113.57 4244900 110.383508
20140721 113.419998 113.50 112.57 112.980003 5187800 109.810065
20140722 113.860001 114.00 109.110001 110.860001 10527200 107.749544
20140723 110.650002 110.910004 109.550003 109.730003 6990800 106.651252
20140724 110.00 110.190002 108.790001 108.949997 6811900 105.893131
20140725 108.639999 109.199997 108.43 108.879997 4348900 105.825095
20140728 109.010002 109.169998 108.080002 108.989998 5391400 105.932009
20140729 108.809998 109.25 107.209999 107.330002 5480700 104.318589
20140730 107.809998 108.150002 106.07 106.379997 5977500 103.395239
20140731 105.699997 106.57 105.099998 105.150002 6528500 102.199754
20140801 104.919998 105.809998 104.25 104.75 4731300 101.810975
20140804 105.040001 105.339996 104.400002 105.050003 3982700 102.102561
20140805 104.82 105.720001 104.480003 105.019997 5579300 102.073396
20140806 104.25 104.550003 103.139999 103.790001 5408700 100.877911
20140807 104.389999 104.57 103.739998 104.220001 4155700 101.295847
20140808 104.669998 105.980003 104.120003 105.959999 4479800 102.987025
20140811 106.57 106.849998 105.68 105.720001 3262600 102.753761
20140812 105.349998 105.800003 104.769997 104.910004 4352900 101.96649
20140813 104.779999 105.769997 104.779999 105.559998 3487700 103.178507
20140814 105.550003 106.050003 105.50 105.769997 2327200 103.383769
20140815 106.309998 106.360001 104.940002 105.629997 3106700 103.246928
20140818 106.660004 108.120003 106.480003 108.089996 5036900 105.651428
20140819 108.18 108.580002 107.690002 108.559998 3961600 106.110826
20140820 108.599998 109.870003 108.559998 109.709999 4502200 107.234883
20140821 110.00 110.220001 109.50 110.059998 2847600 107.576985
20140822 109.790001 109.940002 109.239998 109.389999 2364900 106.922102
20140825 109.68 110.150002 109.68 109.82 1732800 107.342402
20140826 109.900002 110.169998 109.639999 109.68 2022500 107.205561
20140827 110.199997 110.339996 108.870003 109.089996 2548100 106.628867
20140828 108.800003 109.230003 108.279999 109.110001 2124200 106.64842
20140829 109.110001 109.349998 107.709999 107.980003 4717300 105.543917
20140902 108.260002 109.07 107.720001 109.040001 4142800 106.58
20140903 109.989998 110.00 108.82 109.199997 2629700 106.736386
20140904 109.489998 109.650002 109.059998 109.220001 2856600 106.755939
20140905 109.510002 109.510002 108.379997 108.699997 2793100 106.247667
20140908 108.900002 108.940002 108.480003 108.599998 3785400 106.149924
20140909 108.760002 108.980003 108.410004 108.669998 2114600 106.218345
20140910 108.669998 109.220001 108.089996 108.50 2364600 106.052182
20140911 108.279999 108.730003 108.050003 108.510002 2270600 106.061958
20140912 108.209999 108.639999 107.949997 108.349998 2920400 105.905564
20140915 108.279999 108.470001 107.75 108.32 2515000 105.876242
20140916 107.830002 108.860001 107.290001 108.540001 3089800 106.09128
20140917 108.660004 108.949997 107.620003 108.029999 4109000 105.592784
20140918 107.410004 108.660004 107.410004 108.519997 3439700 106.071727
20140919 109.099998 109.199997 108.160004 108.449997 5947500 106.003307
20140922 108.029999 108.459999 106.370003 106.470001 4142300 104.067981
20140923 106.480003 106.480003 105.040001 105.419998 3839100 103.041666
20140924 105.629997 106.25 105.139999 106.07 3826800 103.677004
20140925 106.00 106.059998 104.300003 104.489998 3936200 102.132647
20140926 104.25 105.379997 104.25 105.239998 4076400 102.865727
20140929 104.400002 105.489998 104.269997 105.080002 2896800 102.709341
20140930 105.540001 106.209999 105.07 105.599998 5014100 103.217606
20141001 105.199997 105.25 103.440002 103.839996 5864700 101.49731
20141002 103.709999 103.970001 102.449997 103.239998 4034300 100.910848
20141003 103.910004 104.580002 103.599998 104.419998 3044800 102.064227
20141006 105.059998 105.540001 103.75 104.220001 2981900 101.868742
20141007 103.839996 103.989998 101.379997 101.419998 5991500 99.131909
20141008 101.699997 102.699997 100.690002 102.629997 6249400 100.314609
20141009 102.25 102.709999 99.830002 99.940002 6739600 97.685302
20141010 99.989998 100.769997 99.25 99.940002 6678100 97.685302
20141013 100.050003 100.959999 99.220001 99.309998 5111200 97.069511
20141014 99.709999 101.110001 99.580002 100.120003 4573000 97.861242
20141015 99.059998 99.589996 97.300003 99.169998 7105000 96.93267
20141016 98.160004 100.089996 97.949997 99.230003 6099100 96.991321
20141017 100.300003 101.980003 100.239998 101.529999 7282000 99.239427
20141020 101.419998 101.769997 100.970001 101.480003 6394300 99.19056
20141021 104.120003 104.150002 100.68 101.980003 12554100 99.67928
20141022 103.110001 103.110001 101.059998 101.18 6181400 98.897325
20141023 102.870003 103.940002 102.459999 103.18 5691500 100.852204
20141024 103.160004 103.870003 102.800003 103.82 3657900 101.477765
20141027 103.790001 104.300003 103.489998 104.190002 2957500 101.83942
20141028 104.959999 106.519997 104.860001 106.269997 4173500 103.872488
20141029 106.720001 107.269997 105.419998 105.849998 4060700 103.461966
20141030 105.209999 106.589996 104.699997 106.339996 2890400 103.940909
20141031 107.830002 107.949997 106.980003 107.00 4461100 104.586023
20141103 107.419998 107.50 106.029999 106.300003 4587600 103.901818
20141104 107.00 107.290001 106.330002 106.879997 3992400 104.468727
20141105 107.550003 108.440002 107.080002 107.93 6698900 105.495042
20141106 107.900002 108.830002 107.779999 108.580002 3581300 106.130379
20141107 108.489998 109.080002 107.949997 109.080002 3253500 106.619098
20141110 109.050003 109.230003 108.669998 109.00 3523700 106.540901
20141111 109.00 109.150002 108.029999 108.260002 2949500 105.817598
20141112 107.669998 108.260002 107.360001 108.139999 3182500 106.279515
20141113 108.32 108.970001 107.970001 108.139999 4211200 106.279515
20141114 107.919998 108.419998 107.389999 107.449997 2935500 105.601384
20141117 107.209999 107.730003 107.150002 107.370003 2394500 105.522766
20141118 107.699997 109.089996 107.290001 108.800003 2679300 106.928164
20141119 108.550003 108.82 108.209999 108.660004 2271200 106.790573
20141120 108.00 108.860001 107.870003 108.82 2195700 106.947816
20141121 110.169998 110.610001 109.970001 110.300003 3572100 108.402357
20141124 108.959999 111.699997 108.410004 108.790001 9706400 106.918334
20141125 110.089996 112.260002 109.699997 111.709999 8103100 109.788095
20141126 111.790001 111.989998 109.839996 110.160004 5268800 108.264766
20141128 110.639999 110.800003 109.919998 110.080002 2121500 108.186141
20141201 109.059998 110.279999 108.699997 109.690002 3458800 107.802851
20141202 109.830002 110.730003 109.489998 109.68 2747000 107.793021
20141203 109.900002 111.419998 109.580002 110.989998 3411400 109.080481
20141204 110.470001 111.220001 109.949997 111.209999 4602600 109.296697
20141205 111.480003 111.650002 110.440002 111.290001 3021700 109.375323
20141208 112.25 114.550003 111.519997 113.050003 6350200 111.105045
20141209 112.230003 115.00 111.559998 114.989998 5888700 113.011663
20141210 114.50 115.029999 113.349998 113.50 7863500 111.5473
20141211 114.099998 114.860001 113.260002 114.040001 5286100 112.078011
20141212 110.540001 113.660004 110.099998 112.150002 5867300 110.220528
20141215 112.660004 113.449997 111.620003 111.910004 4597400 109.984659
20141216 112.230003 114.699997 111.330002 113.230003 5139300 111.281949
20141217 113.510002 114.339996 111.82 113.900002 5023600 111.94042
20141218 115.150002 116.959999 114.50 116.959999 4740000 114.947772
20141219 116.279999 117.190002 115.379997 115.589996 7871600 113.601339
20141222 115.279999 117.199997 115.279999 117.139999 3058100 115.124676
20141223 117.50 118.019997 116.919998 117.209999 2715900 115.193471
20141224 117.660004 117.93 116.870003 116.910004 1017900 114.898637
20141226 117.519997 117.800003 117.099998 117.239998 1596700 115.222954
20141229 116.349998 117.339996 116.349998 116.860001 2490700 114.849494
20141230 116.889999 116.889999 115.93 116.199997 2178000 114.200845
20141231 116.599998 116.900002 114.959999 115.00 2363500 113.021494
20150102 115.139999 115.639999 113.800003 115.040001 3140100 113.060806
20150105 114.550003 115.459999 112.839996 113.120003 4765300 111.173841
20150106 112.269997 113.040001 110.230003 111.519997 5772300 109.601362
20150107 112.349998 113.339996 112.019997 112.730003 3102200 110.790551
20150108 113.919998 115.00 113.300003 114.650002 3899900 112.677517
20150109 114.93 115.129997 113.379997 114.019997 3816100 112.058351
20150112 114.459999 114.75 113.019997 114.449997 5016200 112.480953
20150113 115.529999 116.839996 113.50 114.339996 4196400 112.372845
20150114 113.169998 114.169998 112.620003 113.519997 3508800 111.566953
20150115 113.519997 114.690002 113.059998 113.519997 3170600 111.566953
20150116 113.190002 116.339996 113.160004 116.150002 5773200 114.15171
20150120 116.580002 117.730003 115.900002 117.529999 5466000 115.507965
20150121 117.360001 119.300003 117.199997 119.029999 7177600 116.982159
20150122 119.760002 120.68 118.760002 120.449997 6562900 118.377727
20150123 120.370003 120.949997 119.93 119.980003 4298400 117.915819
20150126 119.830002 119.919998 118.279999 118.75 5693900 116.706977
20150127 116.50 120.360001 115.010002 119.160004 7328100 117.109927
20150128 119.379997 119.379997 116.790001 116.919998 4341100 114.908459
20150129 116.879997 117.029999 114.470001 116.449997 6328600 114.446544
20150130 115.019997 116.230003 114.629997 114.779999 4623100 112.805277
20150202 115.169998 116.699997 114.050003 116.580002 3516900 114.574312
20150203 117.580002 119.519997 116.419998 118.889999 4491500 116.844568
20150204 118.75 119.00 117.449997 117.790001 3208400 115.763494
20150205 118.260002 120.360001 117.919998 120.110001 4687300 118.04358
20150206 120.00 121.019997 119.379997 119.809998 2795900 117.748738
20150209 119.440002 119.940002 118.910004 119.32 2560700 117.26717
20150210 119.889999 120.220001 118.919998 119.400002 2560000 117.345796
20150211 118.510002 119.059998 117.970001 118.690002 2707600 117.276628
20150212 119.169998 119.959999 118.82 119.589996 2897000 118.165905
20150213 119.339996 121.379997 119.339996 121.25 3802100 119.806141
20150217 121.00 121.900002 120.57 121.32 3241200 119.875307
20150218 121.32 122.660004 121.010002 121.989998 3475200 120.537327
20150219 121.580002 123.00 121.580002 122.910004 3407000 121.446377
20150220 122.989998 124.449997 122.00 124.110001 4062200 122.632085
20150223 123.629997 124.160004 123.07 123.720001 2737300 122.246729
20150224 123.419998 124.139999 122.989998 123.790001 2455400 122.315895
20150225 123.849998 124.330002 122.949997 123.370003 2872900 121.900899
20150226 123.32 123.550003 122.150002 122.669998 2498200 121.20923
20150227 122.550003 122.849998 121.790001 121.910004 3085300 120.458285
20150302 121.910004 123.50 121.550003 123.190002 2325900 121.723042
20150303 121.980003 122.889999 121.110001 121.699997 3187500 120.25078
20150304 121.25 121.389999 120.519997 121.040001 2123200 119.598643
20150305 121.290001 121.489998 120.349998 120.790001 1928300 119.35162
20150306 119.400002 120.360001 118.879997 119.43 3663100 118.007814
20150309 119.290001 122.190002 119.290001 121.75 4127100 120.300187
20150310 120.550003 120.980003 117.339996 117.400002 5583800 116.001989
20150311 117.779999 118.910004 117.370003 118.339996 3747900 116.93079
20150312 120.349998 121.470001 120.279999 121.239998 4907800 119.796258
20150313 120.760002 121.599998 117.699997 118.739998 7361500 117.326028
20150316 119.25 120.160004 119.029999 120.07 4674700 118.640192
20150317 119.519997 120.129997 118.75 119.860001 3822800 118.432694
20150318 119.279999 120.599998 117.25 120.309998 5280200 118.877332
20150319 120.040001 120.309998 119.040001 119.379997 2880800 117.958407
20150320 119.809998 120.400002 119.459999 119.459999 8207000 118.037456
20150323 119.459999 119.690002 118.190002 118.68 4542800 117.266745
20150324 119.040001 120.18 118.25 118.919998 4033800 117.503885
20150325 119.199997 119.339996 116.389999 116.459999 4456500 115.07318
20150326 115.959999 116.620003 115.019997 116.040001 4389700 114.658183
20150327 116.139999 117.199997 116.050003 116.900002 2804000 115.507943
20150330 117.68 119.230003 117.400002 118.830002 3000800 117.414961
20150331 117.669998 118.150002 117.150002 117.199997 3525400 115.804366
20150401 117.370003 117.480003 115.360001 115.919998 3426200 114.53961
20150402 116.589996 117.68 115.989998 117.129997 4227300 115.7352
20150406 115.93 118.709999 115.93 117.860001 2857300 116.45651
20150407 117.760002 118.550003 117.449997 117.489998 2269100 116.090914
20150408 117.709999 118.650002 117.059998 117.839996 2484100 116.436744
20150409 117.699997 118.739998 117.18 117.879997 2088400 116.476269
20150410 118.139999 118.940002 117.43 118.459999 2254700 117.049364
20150413 117.970001 118.620003 117.239998 117.410004 3030400 116.011872
20150414 117.050003 118.110001 116.580002 117.690002 2606400 116.288536
20150415 118.080002 118.779999 117.519997 117.870003 2774300 116.466393
20150416 117.349998 118.309998 116.919998 117.480003 2905100 116.081038
20150417 116.309998 116.519997 114.860001 115.110001 4318500 113.739258
20150420 116.019997 117.169998 115.889999 116.510002 4007500 115.122588
20150421 118.730003 119.00 116.110001 116.949997 4585000 115.557343
20150422 116.989998 117.43 115.730003 116.959999 2792900 115.567226
20150423 116.419998 117.910004 116.029999 117.260002 2632800 115.863657
20150424 117.440002 117.699997 116.059998 116.160004 3523100 114.776757
20150427 116.660004 116.870003 115.699997 115.739998 3920300 114.361753
20150428 115.199997 116.239998 114.949997 116.080002 2746700 114.697708
20150429 115.580002 116.230003 115.169998 115.379997 2893800 114.006039
20150430 114.93 115.629997 113.290001 113.75 3899200 112.395452
20150501 114.589996 115.720001 114.510002 115.440002 2781700 114.06533
20150504 115.779999 117.139999 115.699997 116.449997 3925300 115.063297
20150505 116.010002 116.879997 114.709999 115.07 3028200 113.699733
20150506 116.559998 116.559998 114.269997 115.080002 3690300 113.709616
20150507 115.129997 116.559998 114.589996 116.040001 3155700 114.658183
20150508 117.709999 118.849998 117.309998 118.43 3707800 117.019722
20150511 117.440002 118.489998 117.440002 117.699997 3023800 116.298412
20150512 117.050003 117.830002 116.019997 117.360001 2804100 115.962464
20150513 116.970001 118.00 116.860001 117.370003 3038700 116.608244
20150514 117.82 119.370003 117.82 119.139999 2728800 118.366753
20150515 119.080002 119.389999 117.919998 118.489998 2964700 117.72097
20150518 118.529999 119.120003 118.400002 118.510002 2435100 117.740845
20150519 118.599998 119.449997 118.510002 119.07 2808400 118.297208
20150520 119.660004 119.660004 118.599998 118.870003 2431600 118.098509
20150521 118.809998 119.660004 118.699997 119.120003 2121200 118.346886
20150522 119.00 119.660004 118.550003 118.620003 2389600 117.850132
20150526 118.550003 118.620003 116.410004 116.870003 3434600 116.111489
20150527 117.400002 117.879997 116.68 117.639999 3365100 116.876489
20150528 117.269997 118.00 117.269997 117.690002 2903600 116.926167
20150529 117.510002 117.610001 116.43 117.169998 5061400 116.409538
20150601 117.230003 117.629997 116.459999 117.00 2341600 116.240643
20150602 116.730003 118.050003 116.239998 117.339996 3503300 116.578433
20150603 118.029999 119.120003 117.400002 118.510002 3129900 117.740845
20150604 117.830002 118.419998 116.790001 117.139999 3581600 116.379734
20150605 116.589996 117.379997 116.18 117.00 2667400 116.240643
20150608 116.540001 117.360001 116.110001 116.18 3237100 115.425965
20150609 116.510002 117.25 116.019997 116.300003 2499500 115.545189
20150610 117.50 118.00 116.910004 117.50 3145800 116.737398
20150611 117.989998 118.400002 117.43 118.32 2707500 117.552076
20150612 117.459999 118.029999 117.019997 117.599998 2345300 116.836747
20150615 115.209999 115.529999 114.400002 114.610001 5972900 113.866155
20150616 114.510002 115.379997 114.32 114.940002 4936200 114.194015
20150617 115.279999 115.480003 113.980003 115.07 3799400 114.323169
20150618 114.290001 116.559998 114.290001 115.900002 3753600 115.147784
20150619 115.599998 116.150002 114.889999 114.889999 4210200 114.144337
20150622 115.400002 115.779999 114.959999 115.279999 2971100 114.531805
20150623 115.169998 115.519997 114.919998 115.230003 3632800 114.482134
20150624 114.699997 114.830002 113.82 113.970001 4271200 113.23031
20150625 114.239998 114.650002 113.300003 113.300003 3786200 112.56466
20150626 113.470001 113.989998 113.050003 113.519997 3667700 112.783226
20150629 112.739998 113.029999 111.449997 111.529999 4160400 110.806143
20150630 112.239998 112.480003 110.620003 110.93 5909800 110.210039
20150701 112.029999 112.169998 110.139999 110.82 4126800 110.100752
20150702 111.330002 111.589996 109.220001 109.559998 5159500 108.848928
20150706 108.360001 109.809998 107.949997 109.360001 4195100 108.650229
20150707 109.540001 110.220001 108.050003 110.089996 4732100 109.375487
20150708 108.760002 109.720001 108.260002 108.669998 3806300 107.964705
20150709 110.00 110.440002 108.919998 108.919998 2555000 108.213082
20150710 110.379997 111.279999 109.510002 110.18 4309600 109.464907
20150713 111.190002 111.980003 110.75 111.580002 3892900 110.855822
20150714 111.50 111.639999 111.019997 111.510002 2987500 110.786277
20150715 111.50 111.830002 110.809998 111.25 2844500 110.527962
20150716 112.32 112.360001 111.040001 111.260002 3063800 110.537899
20150717 111.260002 111.470001 110.599998 110.739998 3465100 110.02127
20150720 110.970001 111.010002 109.510002 110.480003 7487000 109.762963
20150721 104.349998 104.949997 101.779999 102.709999 19540100 102.043388
20150722 102.260002 102.50 100.889999 101.550003 9433700 100.89092
20150723 102.18 102.190002 100.739998 101.139999 5925700 100.483577
20150724 101.00 101.190002 99.260002 99.309998 6588000 98.665453
20150727 98.779999 99.540001 98.379997 98.870003 7560400 98.228314
20150728 99.029999 99.279999 98.019997 98.970001 5583000 98.327663
20150729 99.089996 99.580002 97.589996 99.360001 11935800 98.715131
20150730 99.379997 101.290001 99.00 100.730003 6739100 100.076242
20150731 100.919998 101.489998 100.25 100.309998 7217200 99.658963
20150803 100.309998 100.309998 98.18 99.419998 7123700 98.774739
20150804 100.029999 100.120003 98.910004 99.029999 5557600 98.387271
20150805 99.970001 100.129997 98.730003 98.870003 3895600 98.228314
20150806 98.989998 99.209999 98.360001 98.980003 4198400 98.3376
20150807 98.720001 98.989998 98.00 98.290001 2897100 97.652076
20150810 98.849998 99.790001 98.849998 99.550003 6068400 98.903901
20150811 98.68 98.889999 98.00 98.610001 7671400 97.969999
20150812 97.25 98.839996 96.650002 98.690002 4618800 98.690002
20150813 98.540001 99.00 98.059998 98.379997 4689900 98.379997
20150814 98.110001 98.879997 97.989998 98.699997 4413300 98.699997
20150817 98.129997 99.43 97.610001 99.360001 4227100 99.360001
20150818 98.959999 100.019997 98.959999 99.410004 4579300 99.410004
20150819 98.699997 99.370003 97.870003 98.209999 3616300 98.209999
20150820 97.50 98.150002 95.82 95.82 6078700 95.82
20150821 94.959999 95.220001 92.919998 93.010002 7612800 93.010002
20150824 88.669998 93.190002 87.169998 90.870003 10711700 90.870003
20150825 93.360001 93.75 88.690002 88.800003 8259800 88.800003
20150826 90.690002 91.690002 88.809998 91.559998 7367100 91.559998
20150827 92.519997 93.480003 91.550003 93.269997 7452100 93.269997
20150828 92.849998 93.550003 92.669998 93.239998 5230200 93.239998
20150831 91.209999 92.620003 90.540001 91.610001 7004500 91.610001
20150901 89.489998 90.68 89.279999 89.720001 6778500 89.720001
20150902 90.940002 91.260002 89.970001 91.239998 5636400 91.239998
20150903 92.00 92.580002 91.639999 91.910004 4490400 91.910004
20150904 90.82 91.150002 90.360001 90.68 4562800 90.68
20150908 92.150002 92.959999 91.949997 92.82 4800100 92.82
20150909 93.650002 93.839996 91.739998 91.849998 4760700 91.849998
20150910 92.040001 92.089996 90.889999 91.400002 6117200 91.400002
20150911 91.199997 92.339996 91.00 92.330002 4446900 92.330002
20150914 92.300003 92.440002 91.389999 91.830002 3286000 91.830002
20150915 92.620003 93.110001 92.080002 92.68 4104000 92.68
20150916 92.720001 94.110001 92.68 93.940002 3504200 93.940002
20150917 93.889999 94.919998 93.139999 93.309998 5163400 93.309998
20150918 92.410004 92.599998 90.529999 91.07 10335600 91.07
20150921 91.330002 92.169998 91.00 91.550003 2961600 91.550003
20150922 88.980003 89.699997 87.660004 88.199997 7396300 88.199997
20150923 88.150002 88.379997 85.900002 86.959999 7238200 86.959999
20150924 85.75 86.989998 85.50 86.82 7077400 86.82
20150925 87.629997 88.169998 86.730003 87.300003 7434800 87.300003
