20130102 44.490002 44.509998 43.84 44.27 16483900 39.192603
20130103 44.360001 44.419998 43.790001 44.060001 11227700 39.006689
20130104 44.040001 44.360001 43.75 44.299999 14930400 39.219161
20130107 44.25 44.869999 44.009998 44.689999 20891300 39.564431
20130108 44.029999 44.259998 43.040001 43.099998 21394400 38.601629
20130109 42.84 43.189999 42.759998 43.00 13346700 38.512067
20130110 43.220001 43.59 42.970001 43.59 11214800 39.040489
20130111 43.73 43.740002 43.040001 43.299999 11624000 38.780755
20130114 42.919998 43.09 42.490002 42.59 15075300 38.144859
20130115 42.459999 42.560001 41.959999 41.970001 15099600 37.58957
20130116 41.91 42.049999 41.50 41.509998 17451400 37.177578
20130117 41.66 42.369999 41.509998 42.130001 14209800 37.73287
20130118 42.200001 42.540001 42.07 42.540001 14149500 38.100078
20130122 43.00 43.419998 42.490002 42.939999 30231800 38.458328
20130123 43.040001 43.07 42.490002 42.790001 16208000 38.323986
20130124 42.84 43.080002 42.57 42.59 11716000 38.144859
20130125 42.709999 42.810001 42.34 42.669998 13779300 38.216508
20130128 42.77 42.889999 42.459999 42.77 13577000 38.306073
20130129 42.82 43.599998 42.720001 43.50 16429900 38.959882
20130130 43.380001 43.959999 43.34 43.610001 16039900 39.058402
20130131 43.50 43.869999 43.470001 43.610001 12880500 39.058402
20130201 44.200001 44.84 44.110001 44.560001 17699900 39.90925
20130204 44.25 44.75 44.02 44.52 14188500 39.873424
20130205 44.709999 44.880001 44.540001 44.560001 9294200 39.90925
20130206 44.290001 44.880001 44.25 44.75 15116100 40.079419
20130207 44.639999 44.75 44.119999 44.459999 8837200 39.819685
20130208 44.509998 44.610001 44.169998 44.349998 8161600 39.721165
20130211 44.299999 44.439999 44.119999 44.32 5750100 39.694298
20130212 44.369999 44.580002 44.209999 44.439999 6329800 39.801772
20130213 44.540001 44.700001 44.279999 44.52 7731800 39.873424
20130214 44.549999 44.779999 44.110001 44.330002 14665900 39.703256
20130215 44.389999 44.619999 44.16 44.400002 11986200 39.76595
20130219 44.259998 44.709999 44.259998 44.50 9638000 39.855511
20130220 44.349998 45.209999 44.34 44.919998 23275400 40.231674
20130221 44.73 45.279999 44.400002 45.119999 15118000 40.410801
20130222 45.23 45.439999 44.720001 45.400002 18829500 40.661579
20130225 45.50 45.990002 45.43 45.720001 19945900 40.94818
20130226 45.919998 46.209999 45.810001 46.119999 18641800 41.30643
20130227 46.130001 46.419998 45.849998 46.349998 14803400 41.512424
20130228 46.349998 46.93 46.299999 46.529999 17154700 41.673638
20130301 46.220001 46.759998 46.110001 46.720001 12749700 41.84381
20130304 46.700001 47.110001 46.59 47.110001 9936900 42.193105
20130305 47.400002 47.880001 47.139999 47.689999 16390000 42.712568
20130306 47.799999 47.860001 47.139999 47.279999 12203800 42.34536
20130307 47.400002 47.57 47.209999 47.48 10584700 42.524487
20130308 47.720001 47.98 47.669998 47.959999 9991800 42.954388
20130311 47.860001 47.970001 47.549999 47.810001 9540100 42.820046
20130312 47.709999 48.549999 47.59 48.360001 12637300 43.312642
20130313 48.369999 48.57 47.790001 47.939999 13040900 42.936475
20130314 48.169998 48.66 48.049999 48.48 10588000 43.420116
20130315 48.189999 48.380001 47.639999 48.02 16834000 43.008127
20130318 47.959999 49.150002 47.959999 48.75 14772500 43.661936
20130319 48.900002 49.09 48.560001 48.950001 13781300 43.841063
20130320 49.060001 49.169998 48.529999 48.599998 15013900 43.527591
20130321 48.330002 48.880001 48.279999 48.799999 12547800 43.706717
20130322 48.93 49.150002 48.720001 49.02 9484700 43.903757
20130325 49.189999 49.439999 48.970001 49.16 12634400 44.029144
20130326 49.380001 49.59 49.16 49.48 11663200 44.315746
20130327 49.310001 49.400002 48.75 48.939999 12927500 43.832105
20130328 48.990002 49.189999 48.900002 49.150002 13567000 44.02019
20130401 49.060001 49.380001 49.009998 49.220001 6926600 44.082883
20130402 49.529999 49.860001 49.259998 49.50 12082000 44.333659
20130403 49.43 49.580002 48.66 48.990002 14373500 43.876889
20130404 49.00 49.310001 48.73 49.299999 37100800 44.154532
20130405 49.049999 49.580002 48.950001 49.560001 39951100 44.387398
20130408 48.990002 49.43 48.77 49.43 11467000 44.735834
20130409 49.52 49.630001 49.16 49.360001 8307600 44.672482
20130410 49.470001 49.860001 49.299999 49.860001 7868300 45.124999
20130411 49.810001 50.639999 49.810001 50.509998 13298600 45.713269
20130412 50.490002 50.860001 50.439999 50.860001 9150300 46.030033
20130415 50.66 51.060001 50.259998 50.639999 14449400 45.830925
20130416 50.799999 51.150002 50.330002 50.459999 14919100 45.668018
20130417 50.209999 50.349998 49.490002 49.540001 15233000 44.835388
20130418 51.049999 51.669998 50.77 50.91 18136400 46.075284
20130419 51.310001 52.349998 51.259998 52.25 14594900 47.28803
20130422 52.200001 52.290001 51.889999 52.189999 11212700 47.233727
20130423 52.349998 52.490002 51.540001 52.32 10363400 47.351382
20130424 52.00 52.119999 51.169998 51.799999 14437000 46.880764
20130425 52.48 53.330002 52.360001 53.220001 19142700 48.165914
20130426 53.25 53.709999 53.200001 53.630001 14320100 48.536978
20130429 53.650002 53.720001 53.259998 53.459999 10124400 48.38312
20130430 53.509998 54.310001 53.450001 53.91 16111500 48.790386
20130501 53.77 53.970001 52.09 52.400002 23874700 47.423786
20130502 52.490002 52.82 52.130001 52.529999 12878400 47.541438
20130503 52.919998 53.049999 52.52 52.68 9577900 47.677195
20130506 52.57 52.650002 51.939999 52.049999 7315600 47.107022
20130507 52.220001 52.919998 52.099998 52.919998 9629800 47.894401
20130508 52.830002 53.150002 52.669998 53.110001 7373300 48.06636
20130509 53.02 53.029999 52.540001 52.709999 7379300 47.704345
20130510 52.790001 52.950001 52.540001 52.889999 6242100 47.867251
20130513 52.830002 52.889999 52.41 52.549999 5347700 47.559539
20130514 52.50 53.18 52.41 53.169998 7397700 48.12066
20130515 53.150002 53.669998 52.799999 53.599998 9204900 48.509825
20130516 53.540001 53.540001 53.130001 53.200001 7685600 48.147813
20130517 53.470001 53.560001 53.060001 53.349998 9296800 48.283566
20130520 53.290001 53.400002 52.599998 52.740002 8045300 47.731498
20130521 52.68 52.779999 51.950001 52.07 11217900 47.125124
20130522 51.900002 52.43 51.169998 51.470001 14026500 46.582104
20130523 51.07 52.060001 51.040001 51.889999 10342500 46.962217
20130524 51.59 51.709999 51.189999 51.389999 6583800 46.5097
20130528 51.77 51.98 50.450001 50.82 10039500 45.993831
20130529 50.27 50.369999 49.139999 49.57 18588400 44.862538
20130530 49.48 50.060001 49.080002 49.080002 12459800 44.419074
20130531 48.900002 49.939999 48.470001 48.48 19667500 43.876051
20130603 48.43 48.709999 47.77 48.66 17573200 44.038957
20130604 48.66 49.459999 48.389999 48.84 19897100 44.201864
20130605 48.91 48.93 48.23 48.299999 11309100 43.713145
20130606 48.299999 50.09 48.150002 49.970001 17669600 45.224553
20130607 50.169998 50.310001 49.77 50.240002 12000100 45.468913
20130610 50.869999 50.869999 50.119999 50.529999 9617400 45.73137
20130611 50.220001 50.790001 49.93 50.18 9913100 45.41461
20130612 50.470001 50.560001 49.740002 49.900002 8216000 45.161201
20130613 49.889999 50.709999 49.799999 50.639999 7147000 45.830925
20130614 50.59 51.27 50.549999 51.07 12020500 46.220089
20130617 51.450001 51.630001 50.349998 50.709999 9886600 45.894277
20130618 50.830002 51.689999 50.759998 51.549999 11104200 46.654505
20130619 51.310001 51.450001 50.040001 50.049999 11188400 45.296954
20130620 49.689999 49.860001 48.860001 48.959999 14661600 44.310467
20130621 49.43 49.779999 49.099998 49.52 35016000 44.817287
20130624 49.049999 49.41 48.810001 49.119999 29396300 44.455272
20130625 49.43 50.68 49.43 50.439999 31408000 45.649917
20130626 50.799999 50.84 50.240002 50.66 9200100 45.849026
20130627 50.959999 51.50 50.93 51.00 8633500 46.156737
20130628 50.93 51.23 50.330002 50.34 11162600 45.559415
20130701 50.290001 50.650002 50.18 50.360001 9746200 45.577516
20130702 50.360001 51.040001 50.189999 50.630001 9660800 45.821876
20130703 50.560001 51.290001 50.450001 51.009998 5965700 46.165786
20130705 51.299999 51.299999 50.34 51.299999 8024400 46.428247
20130708 51.099998 51.41 50.799999 51.169998 7234600 46.780217
20130709 51.50 51.580002 50.869999 50.959999 6737900 46.588233
20130710 50.939999 51.09 50.419998 50.540001 8373800 46.204266
20130711 51.00 51.290001 50.77 51.209999 10229300 46.816786
20130712 51.25 51.299999 50.209999 50.41 12701400 46.085417
20130715 50.200001 50.220001 49.400002 49.959999 10592900 45.674021
20130716 49.75 50.450001 49.709999 50.279999 8841400 45.966569
20130717 50.619999 51.27 50.57 50.740002 8543900 46.387109
20130718 50.00 50.330002 49.189999 49.970001 12949700 45.683165
20130719 50.049999 50.27 49.709999 49.950001 12332200 45.664881
20130722 49.84 50.310001 49.630001 50.27 8792400 45.957428
20130723 50.330002 50.459999 50.029999 50.360001 6755700 46.039707
20130724 50.16 50.529999 49.939999 50.380001 8468400 46.057992
20130725 50.290001 50.799999 50.099998 50.709999 6486600 46.35968
20130726 50.740002 51.080002 50.509998 51.02 7090300 46.643087
20130729 51.029999 51.740002 50.919998 51.490002 8444900 47.072768
20130730 51.939999 51.939999 50.299999 50.419998 11576500 46.094558
20130731 50.27 50.459999 49.450001 49.48 14428200 45.2352
20130801 50.049999 50.189999 49.630001 50.009998 9001000 45.719731
20130802 49.830002 50.439999 49.810001 50.25 6883300 45.939143
20130805 50.110001 50.349998 49.950001 50.209999 4533000 45.902574
20130806 50.189999 50.220001 49.810001 50.09 5225500 45.79287
20130807 49.93 50.25 49.84 49.93 5366300 45.646596
20130808 50.060001 50.07 49.459999 49.619999 8155000 45.363189
20130809 49.700001 49.799999 49.02 49.32 8583300 45.088926
20130812 49.279999 49.759998 49.169998 49.650002 5507700 45.390618
20130813 49.639999 49.68 49.029999 49.150002 7881400 44.933512
20130814 49.099998 49.27 48.720001 48.889999 7391900 44.695815
20130815 48.66 48.98 48.419998 48.540001 6610600 44.375842
20130816 48.290001 48.529999 47.330002 47.709999 15381800 43.617045
20130819 47.549999 48.09 47.450001 47.50 7869000 43.425061
20130820 47.540001 48.18 47.50 47.91 7263000 43.799888
20130821 47.790001 47.790001 47.23 47.27 8432300 43.214793
20130822 47.450001 47.450001 46.740002 47.02 9861100 42.98624
20130823 47.02 47.700001 46.950001 47.610001 6779300 43.525625
20130826 47.529999 47.529999 46.939999 46.939999 6943000 42.913101
20130827 46.580002 47.00 46.25 46.950001 9654300 42.922245
20130828 46.880001 46.919998 46.540001 46.560001 6798000 42.565703
20130829 48.619999 48.66 47.57 47.82 36425300 43.717608
20130830 47.830002 47.970001 47.099998 47.380001 13416200 43.315357
20130903 45.52 46.450001 45.080002 46.009998 47084100 42.062884
20130904 45.709999 47.07 45.700001 46.779999 26556600 42.766827
20130905 47.110001 47.580002 46.330002 46.639999 17784300 42.638838
20130906 47.009998 47.040001 46.040001 46.34 13434300 42.364575
20130909 46.349998 46.400002 45.82 45.91 12732600 41.971464
20130910 45.959999 46.59 45.470001 46.470001 19005500 42.483424
20130911 46.490002 46.900002 46.32 46.52 16048000 42.529134
20130912 46.599998 47.52 46.439999 47.349998 18127800 43.287928
20130913 47.799999 48.360001 47.560001 47.759998 16631800 43.662754
20130916 48.310001 48.50 48.060001 48.299999 15342700 44.15643
20130917 48.470001 48.700001 48.27 48.57 10265600 44.403267
20130918 48.509998 48.830002 47.869999 48.720001 10933800 44.5404
20130919 48.619999 48.889999 48.220001 48.509998 11498400 44.348413
20130920 48.59 48.59 47.540001 47.779999 15178200 43.681039
20130923 47.709999 48.00 47.369999 47.98 9088700 43.863882
20130924 47.689999 47.700001 46.880001 47.27 16939100 43.214793
20130925 47.299999 47.349998 46.759998 46.950001 13291600 42.922245
20130926 47.049999 47.709999 47.049999 47.669998 10233200 43.580475
20130927 47.419998 47.450001 46.689999 47.00 10311600 42.967955
20130930 46.57 46.91 46.32 46.669998 12315600 42.666263
20131001 46.619999 47.00 46.529999 46.990002 10054900 42.958814
20131002 46.84 46.98 46.330002 46.790001 11939100 42.775971
20131003 46.68 47.18 46.52 47.009998 14961500 42.977096
20131004 47.049999 47.119999 46.650002 47.099998 47164000 43.059375
20131007 46.880001 47.650002 46.759998 47.290001 45152600 43.233077
20131008 46.720001 46.73 46.029999 46.049999 15794300 42.576627
20131009 46.209999 46.779999 46.060001 46.200001 13270800 42.715315
20131010 46.650002 46.860001 46.200001 46.860001 11555100 43.325533
20131011 46.810001 47.09 46.66 47.09 11131200 43.538185
20131014 46.790001 47.099998 46.68 46.810001 10940400 43.279305
20131015 46.799999 46.939999 46.27 46.32 12571300 42.826263
20131016 46.599998 47.439999 46.400002 47.25 18900300 43.686117
20131017 48.57 49.240002 48.119999 48.900002 29363600 45.211665
20131018 49.360001 50.060001 49.169998 50.009998 22190700 46.237939
20131021 50.009998 50.610001 50.00 50.580002 14398500 46.764949
20131022 50.560001 51.299999 50.150002 51.139999 15220100 47.282709
20131023 51.029999 51.380001 50.77 50.82 11362000 46.986845
20131024 51.040001 51.189999 50.32 50.419998 10354600 46.617014
20131025 50.330002 50.779999 50.110001 50.709999 9184600 46.885142
20131028 50.689999 50.720001 50.279999 50.57 12444600 46.755702
20131029 50.619999 51.490002 50.580002 51.09 14668300 47.236481
20131030 51.389999 51.400002 50.389999 50.529999 12593900 46.718718
20131031 50.490002 50.91 50.049999 50.509998 10922600 46.700226
20131101 50.790001 51.459999 50.34 50.490002 11448800 46.681738
20131104 50.919998 51.09 50.529999 51.080002 8296500 47.227236
20131105 50.810001 50.869999 50.080002 50.099998 11824600 46.321151
20131106 50.380001 50.860001 50.349998 50.610001 9305600 46.792686
20131107 50.549999 51.00 50.049999 50.169998 10806500 46.385871
20131108 50.060001 50.240002 49.52 50.200001 16392100 46.41361
20131111 50.119999 50.25 49.77 49.959999 5166900 46.191711
20131112 50.009998 50.470001 49.779999 50.16 9595800 46.376627
20131113 49.880001 50.00 49.360001 49.990002 10915600 46.219451
20131114 50.09 50.43 50.09 50.27 8874000 46.47833
20131115 50.16 50.419998 49.869999 50.310001 9101200 46.515314
20131118 50.349998 50.810001 50.34 50.759998 10224600 46.93137
20131119 50.830002 51.049999 50.50 50.779999 7936800 46.949861
20131120 50.790001 51.25 50.310001 50.400002 9634100 46.598526
20131121 50.599998 50.799999 50.349998 50.380001 6608000 46.580034
20131122 50.299999 50.400002 50.009998 50.220001 9849600 46.432102
20131125 50.290001 50.34 49.919998 50.009998 5947500 46.237939
20131126 50.080002 50.360001 49.91 50.049999 8631600 46.274923
20131127 50.139999 50.200001 49.639999 49.93 7320300 46.163975
20131129 50.040001 50.049999 49.540001 49.619999 4908600 45.877356
20131202 49.66 49.700001 49.139999 49.259998 10657800 45.544509
20131203 49.27 49.599998 49.130001 49.599998 10224900 45.858864
20131204 49.32 49.790001 49.099998 49.369999 10725900 45.646212
20131205 49.18 49.18 48.43 48.91 14821100 45.220909
20131206 49.25 49.599998 48.950001 49.48 11177200 45.747916
20131209 49.07 49.630001 48.790001 49.57 11946000 45.831128
20131210 49.490002 49.50 48.849998 49.049999 13270800 45.350349
20131211 49.00 49.00 48.040001 48.490002 16154300 44.83259
20131212 48.490002 48.529999 47.869999 48.130001 12161700 44.499743
20131213 48.110001 48.169998 47.52 47.84 11903800 44.231615
20131216 48.34 49.41 48.200001 48.259998 16042700 44.619935
20131217 48.07 48.07 47.450001 47.560001 13276700 43.972736
20131218 47.830002 48.529999 47.470001 48.470001 16094000 44.814098
20131219 48.18 48.650002 48.02 48.43 10188500 44.777114
20131220 48.509998 48.75 48.080002 48.080002 17676700 44.453515
20131223 48.380001 48.740002 48.369999 48.580002 11735800 44.915802
20131224 48.610001 49.080002 48.610001 48.98 5052400 45.285629
20131226 49.02 49.34 48.93 49.18 5101200 45.470545
20131227 49.290001 49.349998 48.990002 49.169998 5372600 45.461297
20131230 49.049999 49.279999 48.990002 49.150002 5460000 45.442809
20131231 49.00 49.220001 48.779999 49.139999 7557100 45.433561
20140102 49.080002 49.23 48.950001 49.00 9270200 45.304121
20140103 49.330002 49.330002 48.220001 48.419998 12022200 44.767866
20140106 48.77 49.07 48.200001 48.689999 16054800 45.017502
20140107 49.119999 49.400002 48.580002 49.299999 17594600 45.581492
20140108 48.689999 49.07 48.360001 48.50 13110700 45.329146
20140109 48.43 48.509998 47.490002 47.50 14567000 44.394525
20140110 47.84 48.09 47.43 47.75 11445900 44.62818
20140113 47.650002 47.75 46.950001 47.029999 18784000 43.955251
20140114 47.040001 47.23 46.580002 47.080002 19270700 44.001985
20140115 47.349998 48.380001 47.279999 48.27 21722300 45.114184
20140116 48.259998 48.66 47.950001 48.529999 14193200 45.357184
20140117 48.66 48.689999 48.00 48.349998 15988600 45.188952
20140121 48.84 48.900002 46.759998 47.700001 33165500 44.58145
20140122 47.439999 47.52 47.09 47.330002 17975700 44.235641
20140123 47.060001 47.860001 46.939999 47.860001 22638200 44.730989
20140124 47.610001 48.509998 47.509998 47.630001 25665600 44.516026
20140127 47.709999 48.360001 47.41 47.689999 21418600 44.572102
20140128 47.669998 47.869999 47.330002 47.360001 16345400 44.263678
20140129 47.00 47.98 46.689999 47.689999 24965700 44.572102
20140130 47.77 48.09 47.549999 47.630001 14441900 44.516026
20140131 47.099998 48.50 47.02 48.02 18536600 44.880528
20140203 48.02 48.02 46.220001 46.41 36115400 43.375787
20140204 46.290001 46.830002 46.110001 46.82 22706300 43.758982
20140205 46.73 46.900002 46.310001 46.689999 19731700 43.63748
20140206 46.619999 46.880001 46.380001 46.68 17564000 43.628135
20140207 46.889999 46.98 46.580002 46.810001 13375500 43.749637
20140210 46.810001 46.950001 46.18 46.91 12412500 43.843098
20140211 47.040001 47.369999 46.91 47.209999 16222300 44.123484
20140212 47.439999 47.439999 47.060001 47.369999 23453500 44.273023
20140213 47.240002 47.459999 47.00 47.310001 18833600 44.216948
20140214 47.139999 47.139999 46.419998 46.509998 26251600 43.469248
20140218 46.470001 46.50 45.450001 45.98 34912800 42.973899
20140219 45.740002 46.84 45.560001 46.529999 34094900 43.487941
20140220 46.810001 48.34 46.75 48.119999 48975300 44.973989
20140221 47.549999 48.25 47.18 47.27 60808800 44.179562
20140224 47.02 47.200001 46.23 46.23 616620500 43.207555
20140225 46.419998 46.759998 46.189999 46.290001 145797400 43.263633
20140226 46.09 46.50 45.889999 46.349998 102687200 43.319708
20140227 46.34 47.779999 46.279999 47.50 139433900 44.394525
20140228 47.450001 47.759998 47.209999 47.580002 62309000 44.469296
20140303 47.299999 47.68 46.82 47.310001 60287600 44.216948
20140304 47.540001 48.389999 47.470001 47.900002 52231200 44.768375
20140305 47.82 47.869999 47.34 47.380001 40016400 44.282371
20140306 47.459999 47.529999 47.25 47.459999 30857100 44.357139
20140307 47.41 47.43 46.860001 47.150002 41073000 44.067409
20140310 46.790001 47.060001 46.50 47.029999 32384500 43.955251
20140311 46.73 46.790001 46.360001 46.700001 42625900 43.646828
20140312 46.57 46.610001 46.130001 46.360001 45522100 43.329057
20140313 46.349998 46.560001 45.959999 46.029999 35184200 43.02063
20140314 45.84 46.27 45.830002 46.080002 27874500 43.067364
20140317 46.220001 46.52 46.099998 46.310001 26394300 43.282326
20140318 46.32 46.75 46.200001 46.700001 26373700 43.646828
20140319 46.630001 46.990002 46.189999 46.360001 35065200 43.329057
20140320 46.41 47.25 46.259998 47.209999 31613400 44.123484
20140321 47.299999 47.41 46.700001 46.91 38716800 43.843098
20140324 46.810001 47.099998 46.380001 47.009998 34926100 43.936559
20140325 47.02 47.360001 46.77 47.220001 23581800 44.132832
20140326 47.400002 47.66 47.009998 47.009998 24376600 43.936559
20140327 46.98 47.700001 46.970001 47.689999 32560000 44.572102
20140328 47.630001 47.93 47.150002 47.419998 25700300 44.319753
20140331 47.66 47.830002 47.50 47.57 20744100 44.459948
20140401 47.540001 47.779999 47.200001 47.75 19712800 44.62818
20140402 47.66 48.18 47.630001 47.82 25156000 44.693603
20140403 47.939999 48.169998 47.610001 48.119999 19320900 44.973989
20140404 48.259998 48.349998 47.959999 48.040001 20772000 44.899221
20140407 47.700001 48.330002 47.689999 48.119999 30356400 44.973989
20140408 47.669998 48.23 47.529999 48.209999 36508200 45.559909
20140409 48.169998 48.18 47.52 47.98 30318500 45.342552
20140410 47.709999 48.459999 47.419998 47.470001 33518300 44.860588
20140411 47.349998 47.439999 47.02 47.07 25822600 44.482575
20140414 47.259998 47.330002 46.830002 47.27 19034000 44.671581
20140415 47.259998 47.310001 46.77 46.919998 20923000 44.340819
20140416 47.029999 47.16 46.700001 47.099998 18851000 44.510924
20140417 46.869999 47.700001 46.869999 47.599998 23242100 44.98344
20140421 47.77 48.00 47.75 47.98 13280800 45.342552
20140422 47.990002 48.369999 47.75 47.919998 20829900 45.285849
20140423 47.299999 47.669998 46.75 47.43 38239700 44.822786
20140424 47.400002 47.490002 46.07 46.279999 41610900 43.736
20140425 46.080002 46.25 45.849998 45.939999 24429400 43.414689
20140428 46.220001 46.689999 46.150002 46.599998 22320800 44.038409
20140429 46.669998 46.900002 46.310001 46.77 15552100 44.199066
20140430 46.700001 46.860001 46.599998 46.73 16280300 44.161264
20140501 46.630001 47.23 46.599998 47.220001 22778800 44.624331
20140502 46.959999 47.41 46.810001 47.119999 18140200 44.529825
20140505 47.139999 47.43 47.029999 47.389999 12612600 44.784984
20140506 47.360001 47.48 47.259998 47.470001 14031400 44.860588
20140507 47.52 48.43 47.450001 48.099998 23606200 45.455955
20140508 48.07 48.630001 48.07 48.490002 17359200 45.824519
20140509 48.360001 48.68 48.25 48.48 14518100 45.815067
20140512 48.59 48.630001 48.02 48.16 13579300 45.512658
20140513 48.32 48.34 47.639999 47.849998 18017000 45.219697
20140514 48.00 48.32 47.799999 48.009998 13874600 45.370902
20140515 47.849998 48.240002 47.84 47.959999 13115400 45.323651
20140516 48.709999 49.299999 48.540001 49.07 29384000 46.372635
20140519 49.130001 49.50 49.060001 49.150002 19062600 46.448239
20140520 49.360001 49.380001 48.619999 48.650002 14022500 45.975724
20140521 48.900002 49.360001 48.82 49.169998 13949800 46.467137
20140522 49.299999 49.509998 49.25 49.450001 13753400 46.731748
20140523 49.470001 49.740002 49.380001 49.740002 12049800 47.005807
20140527 49.970001 50.009998 49.43 49.619999 12228000 46.892401
20140528 49.490002 49.900002 49.470001 49.740002 11587400 47.005807
20140529 49.799999 49.900002 49.490002 49.720001 10309300 46.986906
20140530 49.549999 50.00 49.549999 49.959999 12409700 47.213712
20140602 50.02 50.330002 49.959999 50.049999 14364600 47.298764
20140603 49.75 49.82 49.189999 49.290001 19683700 46.580543
20140604 49.32 49.369999 49.07 49.150002 12696000 46.448239
20140605 49.209999 49.560001 49.02 49.279999 9855300 46.571091
20140606 49.450001 49.48 48.849998 49.419998 13917800 46.703394
20140609 49.23 49.639999 49.23 49.57 10144900 46.84515
20140610 49.450001 49.549999 49.290001 49.52 11034700 46.7979
20140611 49.349998 49.57 49.32 49.369999 10039700 46.656144
20140612 49.27 49.349998 48.75 49.040001 11516700 46.344285
20140613 48.93 49.310001 48.810001 49.18 11121200 46.476589
20140616 49.23 49.419998 49.049999 49.310001 9172200 46.599444
20140617 49.189999 49.360001 48.950001 49.209999 11085700 46.504939
20140618 49.009998 49.419998 48.799999 49.419998 11917000 46.703394
20140619 49.419998 49.77 49.290001 49.470001 11275200 46.750649
20140620 49.75 49.75 49.200001 49.389999 18210600 46.675045
20140623 49.360001 49.759998 49.119999 49.73 11850700 46.996355
20140624 49.740002 49.790001 49.189999 49.279999 13541700 46.571091
20140625 49.139999 49.490002 49.110001 49.41 11334200 46.693946
20140626 49.41 49.41 48.869999 49.209999 9332600 46.504939
20140627 49.169998 49.34 48.880001 49.32 12388400 46.608893
20140630 49.27 49.450001 48.810001 48.93 16818500 46.240331
20140701 48.880001 49.549999 48.82 49.369999 14298500 46.656144
20140702 49.52 49.73 49.32 49.66 11576100 46.930203
20140703 49.900002 49.939999 49.349998 49.709999 8238600 46.977454
20140707 49.610001 49.880001 49.549999 49.75 13930000 47.015256
20140708 49.009998 49.07 48.759998 48.759998 12848400 46.575859
20140709 48.990002 49.110001 48.720001 48.900002 14431900 46.709591
20140710 48.59 49.77 48.540001 49.639999 18423500 47.416442
20140711 49.849998 50.43 49.669998 50.32 17741200 48.065982
20140714 50.439999 50.599998 50.150002 50.529999 13023900 48.266575
20140715 50.57 50.82 50.369999 50.709999 14235400 48.438512
20140716 50.889999 51.02 50.669998 50.959999 12798600 48.677314
20140717 50.790001 50.98 50.240002 50.32 11485100 48.065982
20140718 50.619999 50.849998 50.450001 50.75 10129500 48.476721
20140721 50.82 51.00 50.540001 50.700001 11333900 48.428962
20140722 50.98 51.139999 50.41 50.98 15037300 48.696419
20140723 50.98 51.200001 50.779999 50.91 11912400 48.629554
20140724 50.959999 51.450001 50.709999 51.049999 17616200 48.763283
20140725 51.07 51.48 51.07 51.279999 11063100 48.98298
20140728 51.259998 51.580002 51.18 51.580002 9600900 49.269544
20140729 53.189999 53.66 51.880001 51.970001 32965500 49.642074
20140730 51.939999 52.150002 51.419998 51.759998 12769100 49.441478
20140731 51.259998 51.380001 50.349998 50.419998 21255000 48.161502
20140801 50.52 50.52 49.830002 49.830002 18254100 47.597933
20140804 50.040001 50.299999 49.639999 50.209999 11693900 47.960909
20140805 50.150002 50.200001 49.50 49.66 11565100 47.435546
20140806 49.400002 49.450001 48.360001 49.130001 18995100 46.929288
20140807 49.16 49.32 48.450001 48.650002 12143700 46.47079
20140808 48.73 49.099998 48.200001 48.700001 15395200 46.518549
20140811 48.889999 49.040001 48.610001 48.669998 11839200 46.489891
20140812 48.799999 48.950001 48.560001 48.84 12325600 46.652278
20140813 49.00 49.02 48.759998 48.919998 10897800 46.728692
20140814 49.02 49.02 48.810001 49.00 11539300 46.80511
20140815 48.900002 49.049999 48.50 48.799999 16378200 46.614068
20140818 49.049999 49.139999 48.639999 48.779999 12682100 46.594964
20140819 49.029999 49.040001 48.27 48.700001 17348700 46.518549
20140820 48.82 48.970001 48.599998 48.82 10685300 46.633173
20140821 48.860001 49.150002 48.73 48.869999 10188900 46.680933
20140822 48.830002 48.98 48.52 48.639999 9991400 46.461236
20140825 48.68 49.16 48.68 49.150002 9913500 46.948393
20140826 49.209999 49.290001 49.02 49.25 10363400 47.043912
20140827 49.290001 49.459999 49.209999 49.43 11500800 47.215849
20140828 49.380001 49.50 49.200001 49.41 8018800 47.196745
20140829 49.43 49.82 49.400002 49.82 11259700 47.588379
20140902 49.82 50.00 49.50 49.77 8724400 47.54062
20140903 49.939999 50.00 49.689999 49.880001 9100900 47.645693
20140904 49.93 49.939999 49.509998 49.720001 9472900 47.49286
20140905 49.73 50.029999 49.560001 49.939999 11920900 47.703003
20140908 49.869999 49.880001 49.349998 49.529999 9005900 47.311369
20140909 49.419998 49.52 48.799999 48.900002 14611400 46.709591
20140910 49.029999 49.07 48.369999 48.75 14370300 46.566309
20140911 48.650002 49.080002 48.330002 49.009998 13193800 46.814661
20140912 49.00 49.00 48.259998 48.400002 15362300 46.231988
20140915 48.490002 48.599998 48.299999 48.560001 12452200 46.384821
20140916 48.540001 49.139999 48.52 48.959999 13801000 46.766901
20140917 49.049999 49.48 48.950001 49.209999 16319500 47.005703
20140918 49.48 49.720001 49.369999 49.689999 12460300 47.464201
20140919 50.040001 50.380001 49.830002 50.349998 30872000 48.094637
20140922 50.110001 50.32 49.830002 50.18 14728500 47.932254
20140923 50.09 50.150002 49.779999 49.91 10614500 47.674348
20140924 49.98 50.150002 49.82 50.07 11488600 47.827181
20140925 50.099998 50.200001 49.43 49.610001 13665800 47.387787
20140926 49.57 49.91 49.310001 49.77 9036200 47.54062
20140929 49.619999 49.790001 49.209999 49.75 9218300 47.521515
20140930 49.669998 50.240002 49.599998 49.990002 13059000 47.750766
20141001 49.73 49.950001 49.400002 49.43 16816100 47.215849
20141002 49.700001 49.73 49.200001 49.290001 14421000 47.082121
20141003 49.700001 49.830002 49.50 49.709999 12066500 47.483306
20141006 49.950001 50.259998 49.919998 50.080002 11034400 47.836735
20141007 49.990002 50.029999 49.669998 49.68 17252100 47.454651
20141008 49.150002 49.869999 48.950001 49.869999 15516100 48.169414
20141009 49.779999 49.889999 48.84 48.93 14907200 47.26147
20141010 49.00 49.50 48.939999 48.939999 19405900 47.271127
20141013 49.049999 49.459999 48.360001 48.369999 19600500 46.720565
20141014 48.48 48.68 48.099998 48.220001 18526500 46.575682
20141015 47.740002 48.07 46.889999 47.919998 27894700 46.285909
20141016 47.41 48.040001 47.029999 47.669998 19074500 46.044434
20141017 47.799999 48.189999 47.610001 48.07 18086300 46.430796
20141020 48.060001 48.549999 47.810001 48.48 13047400 46.826814
20141021 48.09 48.849998 47.950001 48.689999 22562700 47.029652
20141022 48.689999 48.84 48.259998 48.310001 13316000 46.662613
20141023 48.580002 48.599998 47.849998 48.220001 15039200 46.575682
20141024 48.220001 49.110001 48.099998 48.77 13549500 47.106926
20141027 48.779999 49.540001 48.73 49.419998 13089800 47.734759
20141028 49.700001 50.029999 49.610001 49.959999 13245900 48.256345
20141029 50.049999 50.25 49.549999 49.830002 11724200 48.130781
20141030 49.630001 50.279999 49.50 49.900002 11978900 48.198394
20141031 50.419998 50.50 50.07 50.25 17777600 48.536457
20141103 50.490002 50.650002 50.049999 50.389999 11574000 48.671683
20141104 50.41 50.919998 50.130001 50.330002 14042000 48.613731
20141105 50.689999 50.98 49.93 50.34 11064100 48.623388
20141106 50.369999 50.380001 49.669998 50.279999 13293200 48.565433
20141107 50.330002 50.869999 50.119999 50.860001 14008700 49.125657
20141110 50.720001 51.049999 50.150002 50.720001 17367600 48.990431
20141111 50.939999 50.950001 50.330002 50.610001 9159700 48.884182
20141112 50.349998 51.02 50.299999 50.82 9888700 49.08702
20141113 50.66 51.290001 50.639999 51.200001 11267100 49.454063
20141114 51.259998 51.73 51.18 51.50 12741700 49.743832
20141117 51.41 51.48 51.139999 51.400002 6887100 49.647243
20141118 51.419998 51.419998 51.060001 51.220001 8994700 49.473381
20141119 51.00 51.029999 50.290001 50.490002 15773100 48.768275
20141120 50.41 50.52 49.959999 50.189999 9855400 48.478502
20141121 50.529999 50.540001 49.700001 50.209999 19978900 48.49782
20141124 49.549999 49.889999 48.860001 49.50 17756200 47.812032
20141125 49.34 49.52 48.91 49.34 13836200 47.657489
20141126 49.369999 50.169998 49.32 50.040001 11960700 48.333619
20141128 50.200001 50.799999 50.200001 50.59 9524600 48.864863
20141201 50.68 50.84 50.00 50.029999 11949100 48.323958
20141202 49.799999 50.02 49.049999 49.110001 18049900 47.435332
20141203 49.02 49.02 48.279999 48.790001 22429200 47.126245
20141204 48.73 48.900002 48.41 48.779999 14606900 47.116584
20141205 48.68 48.75 48.43 48.610001 15512200 46.952382
20141208 48.77 49.34 48.560001 48.900002 14386300 47.232494
20141209 47.50 47.560001 46.200001 46.919998 49742000 45.32001
20141210 46.950001 46.98 45.669998 46.18 33700700 44.605246
20141211 46.419998 46.810001 46.189999 46.360001 18376500 44.779108
20141212 46.009998 46.09 45.32 45.580002 23769100 44.025708
20141215 46.060001 46.060001 45.09 45.419998 21712200 43.87116
20141216 45.25 46.639999 45.200001 45.529999 22157800 43.97741
20141217 45.400002 46.689999 45.299999 46.439999 23696700 44.856378
20141218 47.349998 47.349998 46.509998 47.049999 22898400 45.445578
20141219 46.970001 47.330002 46.599998 47.02 31316800 45.416602
20141222 47.09 47.509998 46.889999 47.509998 15302100 45.889891
20141223 47.720001 47.889999 47.439999 47.669998 12254400 46.044434
20141224 47.669998 47.869999 47.380001 47.669998 7840600 46.044434
20141226 47.900002 47.950001 47.73 47.860001 7038500 46.227958
20141229 47.619999 47.790001 47.299999 47.549999 8878400 45.928527
20141230 47.52 47.59 47.150002 47.330002 9989800 45.716032
20141231 47.080002 47.400002 46.700001 46.779999 14029500 45.184784
20150102 47.00 47.23 46.91 46.959999 11421200 45.358647
20150105 47.080002 47.16 46.560001 46.57 18964500 44.981946
20150106 46.790001 47.380001 46.470001 47.040001 22950100 45.43592
20150107 46.919998 47.040001 46.049999 46.189999 20793600 45.142721
20150108 46.419998 47.240002 46.130001 47.18 17617500 46.110276
20150109 47.23 47.310001 46.619999 46.759998 13037600 45.699797
20150112 47.00 47.27 46.669998 47.080002 12730300 46.012545
20150113 47.48 47.799999 46.93 47.18 13072800 46.110276
20150114 46.880001 47.34 46.57 46.970001 14795900 45.905039
20150115 46.970001 47.540001 46.799999 47.099998 12475800 46.032088
20150116 47.130001 48.029999 47.119999 47.990002 18050200 46.901912
20150120 48.139999 48.25 47.709999 48.18 16460300 47.087603
20150121 47.889999 48.400002 47.610001 48.25 24880200 47.156016
20150122 48.119999 48.48 46.91 47.799999 38451100 46.716218
20150123 47.849998 47.93 46.98 47.150002 24317800 46.080958
20150126 46.98 47.099998 46.490002 46.959999 15064400 45.895263
20150127 46.66 46.849998 46.330002 46.349998 17008900 45.299093
20150128 46.830002 47.029999 46.029999 46.049999 19575800 45.005896
20150129 46.00 46.279999 45.369999 46.110001 19161600 45.064537
20150130 45.830002 46.509998 45.560001 45.709999 22768000 44.673605
20150202 46.200001 47.150002 45.759998 46.98 23172300 45.91481
20150203 47.25 47.970001 47.209999 47.830002 21481800 46.74554
20150204 47.669998 48.310001 47.66 47.799999 19937400 46.716218
20150205 48.049999 48.130001 47.540001 47.860001 18762300 46.774859
20150206 48.25 49.759998 48.00 49.330002 47250700 48.21153
20150209 49.049999 49.470001 48.98 49.09 21052900 47.97697
20150210 49.25 49.560001 49.009998 49.509998 15100800 48.387446
20150211 49.389999 49.880001 49.16 49.810001 19402900 48.680647
20150212 49.860001 49.990002 49.25 49.52 20447300 48.397221
20150213 49.43 49.599998 49.029999 49.310001 14619600 48.191983
20150217 48.950001 49.32 48.889999 49.18 15363700 48.06493
20150218 49.220001 49.310001 48.68 48.939999 13513400 47.83037
20150219 48.740002 49.139999 48.740002 48.91 11609800 47.801051
20150220 48.84 48.98 48.419998 48.970001 13481500 47.859692
20150223 48.939999 49.00 48.540001 48.77 12255700 47.664226
20150224 48.669998 49.41 48.310001 49.220001 16307000 48.104024
20150225 49.32 49.400002 49.029999 49.200001 11398900 48.084477
20150226 49.060001 49.459999 48.919998 49.369999 13581400 48.250621
20150227 49.220001 49.66 49.049999 49.450001 17571200 48.328809
20150302 49.119999 49.509998 49.02 49.470001 10914400 48.348356
20150303 49.490002 49.689999 49.279999 49.549999 11381400 48.42654
20150304 49.560001 49.560001 48.919998 49.07 13870600 47.957423
20150305 49.18 49.220001 48.810001 48.919998 9653500 47.810823
20150306 48.490002 48.630001 48.23 48.290001 15644900 47.19511
20150309 48.259998 48.619999 48.18 48.23 13119000 47.136469
20150310 48.110001 48.330002 47.459999 47.509998 18764700 46.432792
20150311 47.57 48.029999 47.360001 47.68 14392800 46.59894
20150312 47.939999 48.759998 47.799999 48.73 15806000 47.625132
20150313 48.50 48.93 48.470001 48.84 20717400 47.732639
20150316 48.959999 49.400002 48.630001 49.27 16111200 48.152889
20150317 49.009998 49.299999 48.869999 48.950001 15679200 47.840145
20150318 48.75 49.689999 48.48 49.540001 17978300 48.416768
20150319 49.23 49.50 49.00 49.299999 13625000 48.182208
20150320 49.34 49.900002 49.189999 49.560001 26280800 48.436315
20150323 49.779999 49.849998 49.450001 49.639999 13131700 48.514499
20150324 49.540001 49.900002 49.389999 49.41 11419600 48.289715
20150325 49.380001 49.41 48.720001 48.73 14915500 47.625132
20150326 48.619999 48.950001 48.400002 48.419998 17919400 47.322159
20150327 48.48 48.720001 48.34 48.560001 11716500 47.458988
20150330 48.73 49.299999 48.709999 49.119999 11157600 48.006289
20150331 49.09 49.150002 48.580002 48.630001 12785700 47.527401
20150401 48.450001 49.27 48.43 48.919998 13573600 47.810823
20150402 48.889999 49.599998 48.860001 49.470001 13344200 48.348356
20150406 49.540001 49.82 49.400002 49.630001 14130000 48.504728
20150407 49.810001 49.810001 49.25 49.27 11498700 48.152889
20150408 48.75 49.279999 48.689999 49.130001 15498600 48.558118
20150409 48.91 49.18 48.669998 49.009998 10810900 48.439513
20150410 49.040001 49.25 48.939999 49.220001 9241900 48.647071
20150413 49.27 49.509998 49.040001 49.040001 12235700 48.469166
20150414 49.200001 49.360001 48.93 49.18 11956500 48.607536
20150415 49.150002 49.50 49.049999 49.389999 11055800 48.81509
20150416 49.259998 49.57 49.09 49.27 11724100 48.696488
20150417 48.98 49.119999 48.700001 48.900002 18105100 48.330796
20150420 49.150002 49.48 49.049999 49.380001 17062500 48.805208
20150421 48.970001 49.400002 48.459999 49.169998 33469100 48.59765
20150422 49.459999 49.689999 49.32 49.57 18687000 48.992995
20150423 49.619999 50.200001 49.450001 50.049999 22580200 49.467408
20150424 49.939999 50.259998 49.82 50.029999 17184200 49.44764
20150427 50.00 50.330002 50.00 50.080002 16562300 49.497061
20150428 50.34 50.639999 50.07 50.549999 16342000 49.961588
20150429 50.450001 50.610001 50.139999 50.470001 13683200 49.882521
20150430 50.470001 50.650002 50.23 50.439999 15604900 49.852867
20150501 50.75 50.77 50.049999 50.41 13872800 49.823218
20150504 50.419998 50.860001 50.290001 50.52 12594800 49.931938
20150505 50.689999 50.689999 50.060001 50.09 12646200 49.506943
20150506 50.07 50.169998 49.360001 49.639999 15513300 49.06218
20150507 49.599998 49.849998 49.32 49.73 10832400 49.151133
20150508 50.189999 50.369999 49.950001 50.139999 13264100 49.55636
20150511 50.139999 50.279999 49.790001 49.799999 9900500 49.220318
20150512 49.400002 49.810001 48.970001 49.619999 20448900 49.042413
20150513 49.639999 49.98 49.50 49.73 16200400 49.151133
20150514 49.900002 50.150002 49.82 49.970001 12094600 49.388341
20150515 50.009998 50.09 49.650002 49.790001 14083300 49.210436
20150518 49.779999 49.799999 49.549999 49.599998 15040800 49.022645
20150519 49.529999 49.580002 49.32 49.549999 15675100 48.973228
20150520 49.57 49.959999 49.560001 49.689999 13583600 49.111598
20150521 49.68 50.099998 49.669998 49.900002 15667600 49.319156
20150522 49.759998 49.889999 49.580002 49.610001 12324400 49.032531
20150526 49.580002 49.75 49.209999 49.419998 17460100 48.84474
20150527 49.450001 49.68 49.27 49.57 14517400 48.992995
20150528 49.470001 49.650002 49.380001 49.540001 8432800 48.963346
20150529 49.50 49.639999 49.369999 49.439999 14778400 48.864508
20150601 49.439999 49.540001 49.139999 49.220001 11968000 48.647071
20150602 49.220001 49.310001 48.98 49.139999 11094100 48.568
20150603 49.150002 49.439999 48.869999 49.080002 17697800 48.508701
20150604 47.880001 48.540001 47.880001 48.099998 38418900 47.540105
20150605 47.959999 47.970001 47.110001 47.23 23574500 46.680233
20150608 47.25 47.779999 47.049999 47.439999 16598600 46.887788
20150609 47.470001 47.619999 47.169998 47.34 12295100 46.788954
20150610 47.560001 47.68 47.360001 47.470001 13007300 46.917441
20150611 47.610001 47.880001 47.52 47.759998 10029700 47.204063
20150612 47.75 47.75 47.209999 47.25 10619100 46.700001
20150615 47.139999 47.220001 46.93 47.00 10875800 46.452911
20150616 46.990002 47.490002 46.91 47.419998 10862000 46.86802
20150617 47.50 47.509998 46.900002 47.27 18216400 46.719769
20150618 47.419998 47.919998 47.389999 47.77 14527300 47.213949
20150619 47.650002 47.709999 47.369999 47.459999 26861700 46.907556
20150622 47.630001 47.779999 47.41 47.529999 9191900 46.976741
20150623 47.860001 48.110001 47.709999 47.77 14411400 47.213949
20150624 47.599998 47.790001 47.290001 47.290001 17742300 46.739536
20150625 47.630001 47.919998 47.43 47.439999 14445400 46.887788
20150626 47.59 48.490002 47.380001 47.619999 18492800 47.065693
20150629 47.279999 47.720001 46.75 46.77 15032400 46.225589
20150630 47.139999 47.25 46.599998 46.610001 15044100 46.067451
20150701 46.639999 47.110001 46.57 47.00 12545900 46.452911
20150702 47.23 47.380001 47.110001 47.200001 9872400 46.650584
20150706 47.060001 47.139999 46.799999 47.040001 12051700 46.492446
20150707 47.220001 47.450001 46.830002 47.25 18025800 46.700001
20150708 46.580002 46.830002 46.299999 46.580002 17859600 46.580002
20150709 47.009998 47.16 46.23 46.259998 16304500 46.259998
20150710 46.84 47.330002 46.720001 47.00 14727100 47.00
20150713 47.380001 47.419998 46.950001 47.200001 10184400 47.200001
20150714 47.189999 47.439999 47.049999 47.41 9927800 47.41
20150715 47.48 47.50 47.040001 47.330002 9604500 47.330002
20150716 47.48 47.860001 47.450001 47.830002 10851500 47.830002
20150717 47.779999 47.950001 47.50 47.59 9906400 47.59
20150720 47.630001 48.259998 47.419998 48.099998 17213100 48.099998
20150721 46.98 47.349998 46.57 46.970001 31255400 46.970001
20150722 46.790001 46.84 46.110001 46.450001 20947800 46.450001
20150723 46.459999 46.619999 46.169998 46.349998 13647300 46.349998
20150724 46.439999 46.48 45.959999 46.040001 19493800 46.040001
20150727 45.939999 46.25 45.709999 45.830002 15521100 45.830002
20150728 45.990002 46.040001 45.66 45.889999 15930800 45.889999
20150729 46.00 46.900002 45.970001 46.560001 15855700 46.560001
20150730 46.66 46.799999 46.41 46.669998 9537300 46.669998
20150731 46.849998 47.169998 46.709999 46.790001 12323900 46.790001
20150803 47.18 47.200001 46.599998 46.970001 10184900 46.970001
20150804 47.02 47.080002 46.560001 46.669998 9197300 46.669998
20150805 46.900002 47.150002 46.599998 46.639999 11900200 46.639999
20150806 46.59 46.700001 46.290001 46.630001 9917200 46.630001
20150807 46.57 46.75 46.169998 46.360001 10514000 46.360001
20150810 46.52 47.34 46.52 47.23 13473400 47.23
20150811 47.540001 48.209999 47.48 47.599998 18455400 47.599998
20150812 47.299999 47.889999 47.099998 47.849998 15939800 47.849998
20150813 47.77 47.939999 47.490002 47.66 11046500 47.66
20150814 47.619999 47.630001 47.43 47.490002 8768200 47.490002
20150817 47.279999 47.619999 47.200001 47.52 7756000 47.52
20150818 47.560001 47.689999 47.330002 47.459999 8562100 47.459999
20150819 47.389999 47.700001 47.080002 47.439999 12543800 47.439999
20150820 47.049999 47.389999 46.880001 46.880001 13730700 46.880001
20150821 46.450001 46.849998 46.099998 46.099998 21184900 46.099998
20150824 44.349998 45.869999 38.060001 44.740002 35725900 44.740002
20150825 45.759998 45.759998 43.50 43.50 27065000 43.50
20150826 44.380001 45.310001 44.00 45.16 30490200 45.16
20150827 45.779999 46.290001 45.169998 46.189999 20887000 46.189999
20150828 46.060001 46.16 45.650002 46.07 12712700 46.07
20150831 45.950001 46.099998 45.610001 46.009998 14686200 46.009998
20150901 45.09 45.549999 44.68 44.900002 20977500 44.900002
20150902 45.50 45.50 44.77 45.349998 17143800 45.349998
20150903 45.630001 46.150002 45.52 45.720001 12402800 45.720001
20150904 45.349998 45.349998 44.639999 44.82 16042900 44.82
20150908 45.580002 45.900002 45.220001 45.880001 13886600 45.880001
20150909 46.25 46.27 45.310001 45.389999 14289900 45.389999
20150910 45.369999 45.610001 45.029999 45.459999 16360300 45.459999
20150911 45.439999 45.75 45.259998 45.73 11189300 45.73
20150914 45.779999 45.889999 45.599998 45.650002 9608700 45.650002
20150915 45.919998 46.549999 45.73 46.369999 11892500 46.369999
20150916 46.439999 46.470001 46.099998 46.189999 11900800 46.189999
20150917 45.400002 45.75 44.529999 45.23 31437900 45.23
20150918 45.16 45.259998 44.419998 44.57 26319900 44.57
20150921 44.619999 44.889999 44.529999 44.799999 10533300 44.799999
20150922 44.43 44.529999 44.110001 44.43 12303700 44.43
20150923 44.360001 44.48 43.900002 43.98 11632700 43.98
20150924 43.790001 44.200001 43.759998 44.09 14210000 44.09
20150925 44.32 44.529999 44.07 44.220001 17457500 44.220001
