20130102 68.93 69.239998 68.449997 69.239998 10390800 64.682086
20130103 69.25 69.349998 68.379997 68.800003 8910100 64.271055
20130104 68.730003 69.18 68.339996 69.059998 6438000 64.513935
20130107 68.830002 68.919998 68.129997 68.400002 6201400 63.897385
20130108 68.279999 68.889999 68.209999 68.589996 5866900 64.074873
20130109 68.660004 68.709999 68.220001 68.57 5055200 64.056192
20130110 68.660004 69.029999 67.720001 68.360001 11453800 63.860017
20130111 68.599998 68.790001 68.209999 68.629997 6224500 64.112241
20130114 68.489998 68.669998 68.110001 68.300003 5490400 63.803969
20130115 68.190002 69.239998 68.099998 68.980003 6140400 64.439207
20130116 68.940002 69.370003 68.889999 69.209999 4917900 64.654062
20130117 69.300003 69.32 68.709999 68.849998 7232600 64.31776
20130118 68.849998 69.199997 68.849998 69.199997 7813400 64.644718
20130122 69.050003 69.650002 68.959999 69.580002 5747900 64.999708
20130123 69.389999 69.639999 69.150002 69.489998 6365400 64.915629
20130124 69.650002 69.989998 69.349998 69.790001 9139000 65.195884
20130125 69.910004 70.00 68.93 69.00 7967700 64.457887
20130128 69.080002 69.50 68.800003 69.349998 7054800 64.784846
20130129 69.209999 70.199997 69.199997 69.889999 9560900 65.2893
20130130 70.120003 70.120003 69.50 69.75 7020600 65.158516
20130131 69.690002 70.440002 69.690002 69.949997 7016200 65.345348
20130201 70.110001 70.540001 69.949997 70.489998 6449800 65.849802
20130204 69.440002 69.900002 69.129997 69.629997 10759300 65.046413
20130205 69.870003 71.07 69.760002 70.769997 10525500 66.111369
20130206 70.480003 71.32 70.300003 71.309998 9757800 66.615822
20130207 71.440002 71.639999 70.900002 71.230003 8306900 66.541094
20130208 71.199997 71.639999 71.07 71.480003 5906600 66.774637
20130211 71.25 71.510002 70.529999 71.400002 6202600 66.699902
20130212 71.489998 71.660004 71.099998 71.400002 4762000 66.699902
20130213 71.290001 71.699997 71.209999 71.389999 3968600 66.690558
20130214 71.099998 71.230003 70.75 70.82 6821000 66.15808
20130215 69.540001 70.00 68.129997 69.300003 25683700 64.738141
20130219 69.190002 69.449997 68.540001 68.760002 14682300 64.233687
20130220 68.720001 69.849998 68.300003 69.209999 11973600 64.654062
20130221 70.00 71.470001 69.720001 70.260002 20413100 65.634946
20130222 70.220001 70.540001 69.889999 70.400002 9165200 65.765729
20130225 70.50 71.339996 70.440002 70.440002 11817600 65.803097
20130226 70.690002 71.389999 70.610001 71.110001 10557600 66.428991
20130227 70.919998 71.959999 70.580002 71.660004 8819000 66.942788
20130228 71.589996 71.879997 70.779999 70.779999 18883600 66.120712
20130301 70.779999 71.900002 70.779999 71.739998 8902300 67.017517
20130304 71.519997 73.260002 71.510002 73.260002 10567200 68.437463
20130305 73.470001 74.040001 72.989998 73.720001 9142000 68.867181
20130306 73.75 74.129997 73.25 73.379997 7149600 68.549559
20130307 73.489998 73.610001 73.199997 73.32 6680000 68.493511
20130308 73.300003 73.389999 72.839996 73.029999 5744600 68.662746
20130311 73.089996 73.239998 72.809998 72.980003 5148700 68.615741
20130312 72.949997 73.900002 72.839996 73.599998 8153400 69.198659
20130313 73.889999 74.199997 73.540001 73.650002 5326100 69.245672
20130314 73.870003 74.00 73.129997 73.220001 6353200 68.841386
20130315 73.010002 73.50 72.43 72.50 17195100 68.164442
20130318 72.290001 72.730003 72.010002 72.25 5771000 67.929392
20130319 72.419998 72.870003 72.190002 72.449997 5752800 68.117429
20130320 72.809998 73.379997 72.739998 72.989998 6320300 68.625137
20130321 72.870003 73.470001 72.849998 73.129997 5506700 68.756765
20130322 73.349998 74.290001 73.290001 74.279999 7323800 69.837995
20130325 74.139999 75.110001 74.120003 74.849998 10438700 70.373908
20130326 74.93 75.089996 74.43 74.769997 6642400 70.298691
20130327 74.309998 74.959999 74.239998 74.779999 5970300 70.308095
20130328 74.839996 74.970001 74.379997 74.830002 7368300 70.355108
20130401 75.00 75.93 74.900002 75.43 8415400 70.919226
20130402 75.550003 76.050003 75.419998 76.019997 6642800 71.47394
20130403 76.309998 76.68 75.720001 76.00 7453900 71.455139
20130404 75.959999 76.580002 75.959999 76.199997 7508200 71.643176
20130405 75.550003 76.410004 75.43 76.389999 5880300 71.821816
20130408 76.099998 77.449997 75.830002 77.290001 8075100 72.667997
20130409 77.239998 78.459999 77.019997 78.120003 8669900 73.448364
20130410 78.279999 78.379997 77.370003 77.370003 8599000 72.743214
20130411 77.360001 78.370003 77.269997 77.790001 7129100 73.138096
20130412 77.629997 78.849998 77.580002 78.559998 6336800 73.862047
20130415 78.440002 79.279999 78.43 78.470001 8545500 73.777432
20130416 78.230003 78.860001 78.029999 78.68 6854400 73.974873
20130417 78.529999 79.07 78.110001 78.510002 7248600 73.815041
20130418 78.760002 79.050003 76.610001 77.160004 14218900 72.545773
20130419 77.50 78.440002 77.400002 78.290001 7840500 73.608196
20130422 78.290001 78.440002 77.50 77.970001 5154900 73.307332
20130423 78.110001 79.220001 78.050003 79.089996 6653600 74.360351
20130424 79.230003 79.50 77.919998 78.029999 8083600 73.363742
20130425 78.18 78.830002 77.879997 78.650002 5729100 73.946668
20130426 78.580002 79.150002 78.57 79.040001 5923600 74.313345
20130429 79.080002 79.25 78.150002 78.389999 6156800 73.702214
20130430 78.279999 78.300003 77.370003 77.720001 7965800 73.072283
20130501 77.849998 78.660004 77.690002 78.059998 6260300 73.391947
20130502 77.910004 78.489998 77.800003 78.459999 4519600 73.768028
20130503 78.919998 79.339996 78.900002 79.25 5604100 74.510786
20130506 79.099998 79.160004 78.769997 78.830002 4805700 74.115904
20130507 79.099998 79.139999 78.769997 78.830002 6571100 74.115904
20130508 78.559998 78.660004 77.779999 78.25 8008500 74.011859
20130509 78.309998 78.959999 77.900002 78.400002 6516800 74.153736
20130510 78.470001 78.910004 78.279999 78.889999 5831200 74.617195
20130513 78.800003 78.940002 77.919998 78.50 7713900 74.248318
20130514 77.980003 78.860001 77.669998 78.779999 10013700 74.513152
20130515 78.800003 79.959999 78.650002 79.860001 8001100 75.534659
20130516 78.099998 78.860001 77.339996 78.50 12128600 74.248318
20130517 78.300003 78.589996 77.400002 77.870003 10669300 73.652443
20130520 77.879997 77.900002 77.360001 77.400002 5582600 73.207898
20130521 77.620003 78.18 77.25 77.389999 7484300 73.198437
20130522 77.190002 77.800003 76.75 77.029999 9031300 72.857935
20130523 76.830002 76.940002 76.25 76.330002 8048200 72.195851
20130524 76.32 77.410004 76.150002 77.309998 7589600 73.122768
20130528 77.519997 78.040001 77.059998 77.32 6059200 73.132229
20130529 77.050003 77.050003 76.059998 76.230003 5882300 72.101268
20130530 76.489998 76.540001 75.610001 75.629997 6228000 71.533759
20130531 75.360001 75.629997 74.82 74.839996 9745700 70.786546
20130603 75.059998 75.800003 74.639999 75.690002 8440500 71.590515
20130604 75.769997 76.379997 75.470001 75.940002 9344000 71.826974
20130605 75.720001 75.949997 75.07 75.25 6778600 71.174343
20130606 75.269997 75.739998 74.839996 75.629997 9425100 71.533759
20130607 76.379997 76.870003 76.190002 76.330002 8347200 72.195851
20130610 76.279999 76.650002 75.660004 75.75 6731500 71.647263
20130611 75.419998 75.830002 74.989998 75.25 6006400 71.174343
20130612 75.470001 75.709999 74.650002 74.839996 4731100 70.786546
20130613 74.779999 75.330002 74.559998 75.00 7239500 70.937884
20130614 74.839996 75.269997 74.800003 74.870003 6351500 70.814927
20130617 75.00 75.449997 74.510002 74.949997 6480600 70.890589
20130618 75.00 75.879997 74.800003 75.730003 6739700 71.628349
20130619 75.739998 75.959999 74.339996 74.459999 8329100 70.42713
20130620 74.50 74.660004 73.010002 73.029999 9069700 69.074581
20130621 73.519997 74.199997 73.25 73.510002 14564500 69.528587
20130624 73.050003 74.790001 72.900002 74.199997 9697300 70.18121
20130625 74.269997 74.75 73.839996 74.370003 7217800 70.342008
20130626 74.620003 75.18 74.540001 75.010002 5478400 70.947344
20130627 75.480003 76.110001 75.239998 75.260002 7087800 71.183804
20130628 75.110001 75.660004 74.449997 74.489998 14548300 70.455504
20130701 74.989998 75.279999 74.099998 74.589996 6697700 70.550087
20130702 74.309998 75.68 74.209999 74.709999 6726400 70.66359
20130703 74.410004 75.120003 74.089996 74.760002 2316400 70.710885
20130705 75.150002 75.260002 74.410004 75.209999 5443900 71.136509
20130708 75.68 76.769997 75.68 76.709999 6713400 72.555267
20130709 76.959999 77.440002 76.739998 77.029999 5273100 72.857935
20130710 76.959999 77.50 76.449997 76.769997 5144300 72.612015
20130711 77.449997 77.75 77.330002 77.629997 4680700 73.425436
20130712 77.610001 77.669998 77.330002 77.629997 4457700 73.425436
20130715 77.300003 77.300003 76.699997 77.029999 4887200 72.857935
20130716 76.980003 77.449997 76.900002 77.370003 4707600 73.179524
20130717 77.620003 77.790001 77.089996 77.199997 5351300 73.018726
20130718 77.220001 77.550003 77.010002 77.339996 4149900 73.151142
20130719 77.449997 78.169998 77.339996 78.080002 6825900 73.851068
20130722 77.889999 78.25 77.730003 77.870003 4158200 73.652443
20130723 77.959999 78.629997 77.800003 78.550003 5252900 74.295613
20130724 78.68 78.690002 77.720001 78.230003 4930000 73.992945
20130725 78.050003 78.459999 77.629997 78.010002 5920200 73.78486
20130726 77.93 78.029999 77.099998 78.00 5349100 73.775399
20130729 77.830002 78.25 77.779999 77.989998 3465000 73.765939
20130730 78.209999 78.360001 77.690002 77.889999 4533700 73.671356
20130731 77.919998 78.480003 77.730003 77.940002 6040800 73.718651
20130801 78.419998 78.669998 78.110001 78.220001 5168700 73.983485
20130802 78.25 78.75 78.00 78.75 6123900 74.484778
20130805 78.620003 79.00 78.43 78.769997 3906100 74.503692
20130806 78.559998 78.57 77.559998 77.870003 6700900 73.652443
20130807 77.160004 77.629997 76.620003 77.370003 5819700 73.623894
20130808 77.510002 77.889999 76.93 77.25 4474700 73.509701
20130809 77.209999 77.32 76.769997 76.900002 5764600 73.176649
20130812 76.559998 77.389999 76.489998 77.080002 5787000 73.347934
20130813 77.169998 77.25 76.220001 76.860001 6381000 73.138585
20130814 76.809998 77.220001 76.230003 76.400002 6820100 72.700858
20130815 74.459999 75.080002 74.029999 74.410004 13221500 70.807212
20130816 74.120003 74.50 73.699997 74.110001 7254500 70.521735
20130819 73.879997 73.93 73.209999 73.580002 5364900 70.017398
20130820 73.550003 73.620003 73.199997 73.230003 6663100 69.684345
20130821 73.160004 74.129997 72.93 73.550003 8077900 69.988851
20130822 73.809998 74.029999 73.239998 73.459999 3947400 69.903205
20130823 73.650002 73.75 73.029999 73.440002 5474100 69.884177
20130826 73.639999 73.75 73.029999 73.029999 5348200 69.494025
20130827 72.68 73.110001 72.510002 72.860001 5787600 69.332257
20130828 72.660004 72.860001 72.269997 72.379997 5608600 68.875495
20130829 72.349998 72.879997 72.230003 72.43 4088200 68.923077
20130830 72.639999 73.07 72.580002 72.980003 6066200 69.44645
20130903 73.480003 73.580002 72.540001 72.68 7157000 69.160972
20130904 72.699997 73.120003 72.449997 72.910004 4667500 69.379839
20130905 72.839996 73.480003 72.620003 72.669998 4680500 69.151455
20130906 72.699997 73.160004 72.190002 72.589996 5790200 69.075326
20130909 72.849998 73.650002 72.699997 73.510002 5523000 69.950787
20130910 73.660004 74.209999 73.57 73.959999 6845300 70.378996
20130911 74.00 74.239998 73.660004 74.050003 5335800 70.464642
20130912 74.18 74.519997 73.769997 73.910004 5261800 70.331421
20130913 74.129997 74.400002 73.980003 74.360001 4020400 70.75963
20130916 74.900002 75.190002 74.690002 74.779999 4200600 71.159293
20130917 74.839996 75.470001 74.790001 75.150002 4291800 71.511381
20130918 75.160004 76.529999 74.900002 76.419998 6881700 72.719887
20130919 76.50 76.529999 75.620003 76.209999 7109500 72.520055
20130920 76.32 76.449997 75.830002 75.830002 8847600 72.158457
20130923 75.389999 76.43 75.199997 76.419998 5604700 72.719887
20130924 76.400002 76.730003 75.690002 75.75 6874800 72.082329
20130925 75.910004 75.940002 73.559998 74.650002 14972300 71.03559
20130926 74.779999 74.980003 74.220001 74.620003 5078100 71.007044
20130927 74.379997 74.459999 74.07 74.360001 4214600 70.75963
20130930 74.279999 74.599998 73.739998 73.959999 6752500 70.378996
20131001 73.870003 73.889999 73.32 73.589996 5675500 70.026908
20131002 73.389999 73.720001 73.040001 73.720001 7376100 70.150618
20131003 73.529999 73.529999 72.949997 73.160004 7179600 69.617735
20131004 73.010002 73.379997 72.790001 72.800003 5747700 69.275165
20131007 72.419998 72.419998 71.510002 71.870003 6886400 68.390193
20131008 71.849998 73.190002 71.800003 72.900002 9224200 69.370322
20131009 72.830002 73.339996 72.57 73.00 6467400 69.465478
20131010 73.480003 74.870003 73.269997 74.790001 7680200 71.168811
20131011 74.610001 74.830002 73.830002 74.82 6529200 71.197357
20131014 74.339996 74.709999 73.75 74.68 5904000 71.064136
20131015 74.43 75.370003 73.989998 74.370003 8993300 70.769148
20131016 74.809998 75.620003 74.57 75.599998 5914500 71.93959
20131017 75.489998 76.120003 71.690002 75.779999 6395100 72.110875
20131018 75.800003 75.93 75.480003 75.709999 6788500 72.044264
20131021 75.720001 75.82 74.82 75.150002 5364100 71.511381
20131022 75.43 76.489998 75.209999 76.32 6948500 72.62473
20131023 76.18 76.349998 75.809998 75.900002 5870100 72.225067
20131024 76.029999 76.510002 75.82 76.419998 5864300 72.719887
20131025 76.370003 76.760002 75.779999 76.080002 6458800 72.396352
20131028 76.160004 77.209999 76.050003 77.139999 7032400 73.405027
20131029 77.25 77.629997 76.75 77.059998 7437600 73.328899
20131030 77.269997 77.529999 76.559998 76.910004 4646000 73.186167
20131031 76.879997 77.150002 76.599998 76.75 4612400 73.03391
20131101 76.970001 77.400002 76.589996 77.07 5116100 73.338416
20131104 77.220001 77.650002 77.199997 77.330002 4704100 73.58583
20131105 76.809998 77.610001 76.720001 77.419998 5085500 73.671469
20131106 77.639999 78.279999 77.300003 78.160004 4829200 74.375644
20131107 78.190002 78.220001 77.239998 77.510002 8347600 73.757115
20131108 77.489998 77.959999 76.790001 77.959999 5793800 74.185324
20131111 77.860001 79.07 77.790001 79.010002 7450500 75.184488
20131112 78.849998 78.970001 78.25 78.709999 5266100 74.89901
20131113 78.419998 78.989998 78.349998 78.900002 8286700 75.079813
20131114 77.75 79.529999 77.68 79.080002 9302100 75.251098
20131115 78.93 79.290001 78.75 79.220001 5911100 75.384319
20131118 79.230003 79.32 78.910004 79.220001 5962700 75.384319
20131119 79.300003 79.349998 78.879997 79.25 4455000 75.412865
20131120 79.309998 79.389999 78.489998 78.900002 4511300 75.079813
20131121 78.739998 79.199997 78.550003 78.860001 3841000 75.041749
20131122 78.870003 79.870003 78.75 79.809998 4812100 75.945749
20131125 80.059998 80.57 79.910004 80.43 5670400 76.535732
20131126 80.440002 80.68 80.110001 80.68 5537800 76.773628
20131127 80.550003 81.00 80.379997 80.93 4813300 77.011523
20131129 81.169998 81.349998 80.82 81.010002 3447200 77.087651
20131202 80.889999 81.279999 80.370003 81.110001 6178400 77.182808
20131203 81.209999 81.330002 80.699997 81.209999 7506400 77.277965
20131204 80.639999 81.370003 79.910004 80.220001 7641200 76.780263
20131205 79.720001 79.769997 78.870003 79.440002 6450000 76.03371
20131206 79.709999 80.230003 79.639999 79.940002 5088100 76.512271
20131209 80.239998 80.43 79.699997 79.949997 4491600 76.521836
20131210 79.720001 79.800003 79.050003 79.080002 6285700 75.689146
20131211 79.099998 79.720001 79.050003 79.089996 5998800 75.698712
20131212 79.110001 79.260002 78.400002 78.50 5691600 75.134014
20131213 78.730003 78.769997 77.93 78.080002 4981200 74.732025
20131216 78.25 78.50 77.599998 77.739998 6146900 74.4066
20131217 77.739998 77.889999 77.220001 77.25 5765400 73.937612
20131218 77.279999 77.980003 76.809998 77.940002 10633700 74.598028
20131219 77.669998 77.830002 77.199997 77.239998 5955400 73.928039
20131220 77.279999 77.879997 77.25 77.43 9568800 74.109894
20131223 77.730003 77.989998 77.370003 77.870003 4491900 74.53103
20131224 77.949997 78.239998 77.629997 78.010002 2094900 74.665026
20131226 78.059998 78.519997 77.970001 78.389999 2778200 75.02873
20131227 78.599998 78.93 78.300003 78.470001 3050000 75.105301
20131230 78.610001 78.879997 78.43 78.629997 3086500 75.258437
20131231 78.660004 78.870003 78.349998 78.690002 3859100 75.315869
20140102 78.720001 79.470001 78.50 78.910004 6878000 75.526437
20140103 78.809998 79.129997 78.519997 78.650002 4957400 75.277583
20140106 78.860001 78.910004 77.790001 78.209999 7280200 74.856448
20140107 78.169998 78.849998 77.919998 78.449997 5012300 75.086155
20140108 78.50 78.510002 77.599998 77.830002 5955200 74.492744
20140109 78.389999 78.400002 77.489998 78.089996 5916300 74.74159
20140110 78.309998 78.720001 77.540001 78.040001 5181300 74.693739
20140113 77.599998 77.970001 77.239998 77.489998 6157900 74.167319
20140114 77.459999 78.00 77.379997 77.959999 4088200 74.617167
20140115 77.959999 78.099998 77.57 77.660004 4992400 74.330035
20140116 77.389999 77.470001 76.349998 76.760002 7201500 73.468625
20140117 76.730003 76.82 76.029999 76.190002 11440700 72.923066
20140121 76.25 76.389999 74.860001 75.839996 8971100 72.588068
20140122 76.080002 76.080002 75.029999 75.349998 5853700 72.11908
20140123 74.839996 75.120003 74.470001 74.959999 6006300 71.745804
20140124 74.730003 75.120003 74.230003 74.419998 9332800 71.228957
20140127 74.129997 74.370003 73.830002 74.150002 9088700 70.970538
20140128 74.260002 75.400002 74.099998 74.669998 6023400 71.468238
20140129 75.290001 75.370003 74.07 74.099998 8433700 70.922679
20140130 74.540001 75.089996 74.360001 74.75 6732900 71.544809
20140131 73.919998 75.190002 73.639999 74.68 10544800 71.477811
20140203 74.190002 74.50 72.540001 72.660004 10430700 69.544429
20140204 72.669998 73.099998 72.300003 72.730003 7755500 69.611428
20140205 72.269997 73.160004 72.269997 72.870003 4774300 69.745424
20140206 72.970001 73.209999 72.50 72.82 7353100 69.697565
20140207 73.050003 73.800003 72.50 73.75 7287600 70.587688
20140210 73.589996 73.760002 72.959999 73.760002 6204100 70.597261
20140211 73.900002 74.849998 73.669998 74.800003 6511200 71.592668
20140212 74.220001 75.18 74.220001 74.959999 5339800 71.745804
20140213 74.68 75.489998 74.559998 75.360001 5250200 72.128654
20140214 75.400002 75.989998 75.099998 75.790001 4908900 72.540216
20140218 75.489998 75.650002 74.860001 75.330002 5993800 72.099941
20140219 75.010002 75.32 74.410004 74.849998 8130300 71.64052
20140220 73.050003 74.00 72.809998 73.519997 13079100 70.367547
20140221 73.190002 73.400002 72.82 73.120003 8971000 69.984704
20140224 73.239998 73.82 73.139999 73.349998 7321500 70.204838
20140225 73.18 73.739998 73.089996 73.349998 9482700 70.204838
20140226 73.940002 75.099998 73.790001 74.779999 9022200 71.573522
20140227 74.779999 74.779999 74.089996 74.559998 5448200 71.362954
20140228 74.480003 75.190002 74.199997 74.699997 7444600 71.49695
20140303 74.489998 74.669998 73.830002 74.120003 5347600 70.941825
20140304 74.769997 75.489998 74.660004 75.129997 7543800 71.908513
20140305 75.32 75.330002 74.580002 74.800003 5524800 71.592668
20140306 74.860001 75.110001 74.510002 74.879997 5106600 71.669232
20140307 74.959999 74.959999 74.360001 74.580002 5054600 71.84263
20140310 74.519997 74.599998 74.050003 74.43 4827000 71.698135
20140311 74.720001 74.970001 74.199997 74.919998 9005600 72.170148
20140312 74.849998 75.75 74.82 75.529999 8627600 72.757759
20140313 75.709999 76.18 74.910004 74.93 5824500 72.179783
20140314 74.669998 75.07 74.269997 74.279999 6619000 71.553639
20140317 74.300003 74.849998 74.010002 74.68 5780400 71.938959
20140318 74.660004 74.989998 74.449997 74.769997 3943800 72.025652
20140319 74.559998 75.110001 74.019997 74.379997 5761100 71.649967
20140320 74.019997 75.68 73.860001 75.379997 8637500 72.613263
20140321 75.889999 77.019997 75.449997 76.099998 17160200 73.306837
20140324 76.209999 76.800003 76.110001 76.760002 7279500 73.942616
20140325 76.879997 77.139999 76.160004 76.870003 7382200 74.04858
20140326 77.080002 77.529999 76.230003 76.230003 7727800 73.432071
20140327 76.379997 76.82 76.040001 76.139999 5596600 73.34537
20140328 76.260002 76.599998 75.769997 76.010002 5871100 73.220144
20140331 76.349998 76.779999 76.019997 76.43 4695600 73.624727
20140401 76.760002 77.25 76.540001 76.769997 5770000 73.952244
20140402 76.580002 77.190002 76.339996 77.18 6078100 74.347199
20140403 77.199997 77.550003 77.00 77.459999 6040500 74.616921
20140404 77.580002 77.900002 77.25 77.309998 6760200 74.472425
20140407 77.230003 77.720001 77.089996 77.309998 7675700 74.472425
20140408 77.089996 78.309998 76.800003 78.18 7498700 75.310495
20140409 78.199997 78.220001 77.279999 77.970001 6877800 75.108204
20140410 77.949997 78.139999 76.650002 76.889999 7599600 74.067842
20140411 76.779999 77.230003 76.290001 76.50 7979000 73.692157
20140414 76.940002 77.550003 76.790001 77.379997 5375900 74.539855
20140415 77.029999 77.309998 76.440002 76.879997 6928600 74.058207
20140416 77.309998 77.470001 77.029999 77.220001 5036800 74.385732
20140417 77.080002 77.75 77.080002 77.660004 6964700 74.809584
20140421 77.410004 77.730003 77.18 77.599998 4595100 74.751782
20140422 77.519997 77.830002 77.389999 77.559998 6465500 74.713249
20140423 77.82 78.279999 77.57 78.040001 5806200 75.175634
20140424 78.169998 78.470001 77.699997 78.309998 4347500 75.435721
20140425 78.309998 78.779999 78.019997 78.620003 5392600 75.734348
20140428 78.860001 79.989998 78.830002 79.760002 9598700 76.832505
20140429 79.839996 79.870003 79.57 79.669998 4695700 76.745804
20140430 79.589996 79.93 79.510002 79.709999 6111700 76.784337
20140501 79.730003 79.730003 79.160004 79.699997 5098000 76.774702
20140502 79.599998 79.760002 79.010002 79.120003 5620000 76.215996
20140505 78.860001 78.949997 78.510002 78.620003 4591000 75.734348
20140506 78.330002 78.389999 77.970001 78.010002 5638900 75.146737
20140507 77.849998 78.099998 77.529999 77.959999 6086200 75.563516
20140508 78.00 78.830002 78.00 78.690002 4820600 76.271079
20140509 78.519997 79.279999 78.519997 79.199997 4896400 76.765397
20140512 78.949997 79.230003 78.650002 79.150002 5999800 76.716938
20140513 79.169998 79.370003 78.989998 79.139999 4363700 76.707243
20140514 79.050003 79.050003 78.07 78.739998 5608300 76.319538
20140515 76.279999 77.440002 76.25 76.830002 13035800 74.468255
20140516 77.00 77.379997 76.650002 77.010002 7243800 74.642722
20140519 77.110001 77.129997 76.50 76.610001 6131300 74.255017
20140520 76.360001 76.370003 75.519997 75.690002 7436700 73.363299
20140521 75.940002 75.959999 75.269997 75.660004 5704100 73.334222
20140522 75.790001 75.919998 75.239998 75.389999 5243700 73.072518
20140523 75.559998 75.75 75.43 75.610001 3703600 73.285756
20140527 75.709999 75.809998 75.290001 75.589996 5370800 73.266367
20140528 75.379997 75.940002 75.339996 75.529999 5036900 73.208214
20140529 75.669998 76.190002 75.57 75.980003 4003500 73.644385
20140530 76.059998 76.809998 76.010002 76.769997 5964800 74.410094
20140602 76.580002 77.110001 76.470001 76.760002 4390400 74.400407
20140603 76.739998 76.970001 76.360001 76.709999 7213600 74.351941
20140604 76.599998 77.300003 76.529999 77.129997 6199900 74.759029
20140605 77.050003 77.440002 76.870003 77.32 4695800 74.94319
20140606 77.459999 77.589996 77.07 77.209999 4188900 74.836571
20140609 77.07 77.760002 76.699997 77.010002 5547600 74.642722
20140610 76.809998 76.940002 76.510002 76.620003 3365700 74.264711
20140611 76.550003 76.739998 76.050003 76.160004 4463300 73.818853
20140612 76.050003 76.190002 75.580002 75.730003 5336600 73.40207
20140613 75.669998 75.760002 75.120003 75.279999 4981500 72.965899
20140616 75.110001 75.480003 75.019997 75.339996 3846900 73.024052
20140617 75.290001 75.419998 74.919998 74.989998 6544200 72.684813
20140618 75.040001 75.959999 74.919998 75.699997 6740700 73.372986
20140619 75.879997 76.279999 75.800003 75.870003 5255300 73.537766
20140620 76.160004 76.169998 75.120003 75.68 11330700 73.353604
20140623 75.559998 75.940002 75.300003 75.790001 4267400 73.460224
20140624 76.029999 76.209999 75.68 75.970001 5652300 73.634691
20140625 75.760002 75.839996 75.279999 75.620003 4318200 73.295451
20140626 75.519997 75.610001 74.699997 74.910004 6922100 72.607277
20140627 74.800003 75.379997 74.669998 75.339996 13960800 73.024052
20140630 75.400002 75.690002 74.940002 75.07 6666600 72.762355
20140701 75.269997 75.419998 74.75 75.279999 6604500 72.965899
20140702 75.260002 75.900002 75.25 75.620003 4366800 73.295451
20140703 75.610001 76.050003 75.519997 75.75 2874000 73.421452
20140707 75.690002 76.209999 75.550003 76.07 5028000 73.731615
20140708 76.089996 76.980003 76.029999 76.650002 7960500 74.293788
20140709 76.769997 77.330002 76.620003 77.209999 6240100 74.836571
20140710 76.910004 77.57 76.910004 77.059998 5372500 74.691181
20140711 76.870003 76.970001 76.559998 76.82 4547500 74.45856
20140714 77.129997 77.25 76.480003 76.550003 4822900 74.196863
20140715 76.559998 76.93 76.559998 76.839996 4656900 74.477942
20140716 76.900002 77.050003 76.699997 76.860001 3743500 74.497332
20140717 76.580002 77.050003 76.440002 76.610001 4630300 74.255017
20140718 76.620003 77.099998 76.510002 77.089996 4913300 74.720257
20140721 76.760002 76.910004 76.480003 76.769997 3457600 74.410094
20140722 76.839996 76.889999 76.400002 76.639999 4383200 74.284093
20140723 76.629997 77.059998 76.589996 76.989998 3994300 74.623333
20140724 76.68 76.790001 76.190002 76.349998 7228300 74.003007
20140725 76.190002 76.360001 75.800003 75.970001 3948400 73.634691
20140728 75.43 75.93 75.360001 75.709999 5509900 73.382681
20140729 75.209999 76.010002 75.150002 75.440002 6293500 73.120984
20140730 75.879997 75.919998 74.669998 74.779999 9977200 72.481269
20140731 73.989998 74.25 73.540001 73.580002 9631600 71.31816
20140801 73.32 73.879997 73.220001 73.540001 8223900 71.279388
20140804 73.379997 73.629997 73.059998 73.540001 5402100 71.279388
20140805 73.309998 73.519997 72.769997 73.339996 10579900 71.085532
20140806 73.190002 74.290001 73.18 74.199997 7934800 72.392896
20140807 74.339996 74.809998 73.760002 73.949997 7049000 72.148985
20140808 74.059998 74.730003 73.849998 74.669998 4996300 72.851451
20140811 74.290001 74.599998 74.019997 74.360001 4721400 72.549003
20140812 74.309998 74.440002 74.010002 74.220001 3928200 72.412413
20140813 74.269997 74.410004 73.510002 74.029999 6619100 72.227038
20140814 73.889999 74.43 73.610001 74.389999 6136300 72.578271
20140815 74.650002 74.650002 73.489998 73.900002 6942700 72.100207
20140818 74.150002 74.68 74.050003 74.489998 4015700 72.675834
20140819 74.809998 74.940002 74.139999 74.879997 5047900 73.056336
20140820 74.830002 75.050003 74.510002 74.959999 4898300 73.134389
20140821 75.059998 75.910004 75.00 75.550003 5260600 73.710024
20140822 75.779999 76.199997 75.639999 75.730003 4137800 73.88564
20140825 75.93 76.019997 75.510002 75.690002 3393600 73.846613
20140826 75.830002 76.150002 75.440002 75.519997 4222900 73.680748
20140827 75.510002 75.860001 75.440002 75.849998 3200400 74.002713
20140828 75.470001 75.940002 75.470001 75.900002 2923700 74.051498
20140829 75.75 75.879997 75.290001 75.50 5080500 73.661238
20140902 75.419998 75.940002 75.410004 75.75 4532400 73.90515
20140903 75.949997 76.330002 75.879997 76.010002 4709400 74.15882
20140904 76.160004 76.599998 76.110001 76.559998 5282300 74.69542
20140905 76.519997 77.730003 76.480003 77.510002 7841800 75.622288
20140908 77.129997 77.32 76.43 76.529999 5938900 74.666152
20140909 76.559998 77.00 76.169998 76.739998 5632000 74.871037
20140910 76.790001 77.080002 76.370003 76.510002 6697100 74.646643
20140911 76.349998 76.440002 76.089996 76.099998 4953300 74.246624
20140912 75.970001 76.050003 75.660004 75.769997 5693800 73.924659
20140915 75.779999 75.889999 75.610001 75.809998 3748500 73.963686
20140916 75.639999 76.57 75.599998 76.32 4109500 74.461267
20140917 76.360001 76.470001 76.010002 76.239998 4239000 74.383214
20140918 76.309998 76.580002 75.910004 76.220001 4751700 74.363704
20140919 76.449997 77.07 76.379997 76.839996 13323500 74.9686
20140922 76.790001 76.860001 76.25 76.309998 4450700 74.451509
20140923 76.00 76.220001 75.57 75.599998 6708000 73.758801
20140924 75.730003 77.309998 75.699997 77.080002 8434600 75.20276
20140925 76.93 77.050003 76.120003 76.120003 4963500 74.266141
20140926 76.25 76.57 75.860001 76.489998 3752900 74.627125
20140929 76.059998 76.25 75.650002 76.080002 4959300 74.227115
20140930 76.040001 76.720001 75.769997 76.470001 5640700 74.607616
20141001 76.510002 76.860001 75.910004 76.120003 6524900 74.266141
20141002 76.209999 76.910004 75.959999 76.230003 4921200 74.373463
20141003 76.57 77.480003 76.529999 77.32 5819700 75.436913
20141006 77.050003 77.919998 76.989998 77.349998 5429700 75.466181
20141007 77.029999 77.690002 76.720001 77.300003 7059900 75.417403
20141008 77.410004 78.489998 76.809998 78.239998 8107100 76.334505
20141009 78.110001 78.830002 77.660004 77.860001 7072700 75.963763
20141010 77.93 79.370003 77.93 78.290001 10078000 76.38329
20141013 78.029999 78.580002 77.449997 77.559998 8201200 75.671066
20141014 77.830002 78.629997 77.669998 77.980003 7901100 76.080843
20141015 77.580002 77.690002 74.360001 75.199997 21057700 73.368542
20141016 73.230003 74.07 72.610001 73.82 14346600 72.022154
20141017 74.18 74.50 73.029999 74.099998 11462300 72.295333
20141020 74.139999 75.220001 73.919998 75.139999 7040700 73.310005
20141021 75.18 76.199997 75.010002 76.019997 8299700 74.168571
20141022 76.470001 76.660004 76.010002 76.029999 5927600 74.178329
20141023 76.370003 76.650002 75.779999 76.25 6367100 74.392973
20141024 76.129997 76.50 75.50 76.379997 4479600 74.519804
20141027 76.330002 76.980003 76.309998 76.589996 4107400 74.724688
20141028 76.629997 76.800003 76.00 76.349998 4979600 74.490536
20141029 76.550003 76.639999 75.970001 76.389999 5759700 74.529562
20141030 76.169998 76.599998 75.980003 76.449997 4872400 74.588099
20141031 76.889999 77.400002 76.010002 76.269997 7570700 74.412482
20141103 76.349998 76.379997 75.589996 76.279999 6894400 74.422241
20141104 76.489998 77.370003 76.279999 77.260002 6904900 75.378377
20141105 77.870003 78.230003 77.300003 77.699997 5673800 75.807656
20141106 78.150002 78.18 77.169998 77.809998 4621900 75.914977
20141107 77.839996 79.080002 77.610001 78.769997 9498800 76.851596
20141110 78.599998 80.129997 78.419998 79.440002 12640500 77.505284
20141111 79.400002 79.419998 78.849998 79.010002 5602400 77.085756
20141112 78.830002 79.440002 78.650002 79.199997 6791200 77.271124
20141113 80.959999 83.059998 80.860001 82.940002 22805800 80.920044
20141114 82.580002 83.150002 82.099998 82.959999 10634000 80.939553
20141117 82.580002 83.720001 82.529999 83.57 7993300 81.534698
20141118 83.50 83.919998 83.339996 83.790001 6096400 81.749341
20141119 83.959999 85.639999 83.919998 84.989998 12187000 82.920113
20141120 84.809998 85.290001 84.040001 84.580002 7812300 82.520102
20141121 85.339996 85.440002 84.580002 84.650002 6649600 82.588397
20141124 84.849998 85.610001 84.769997 85.400002 7995500 83.320131
20141125 85.50 85.510002 84.389999 84.949997 6673700 82.881086
20141126 84.900002 85.110001 84.480003 84.980003 3942800 82.910361
20141128 86.18 88.089996 85.900002 87.540001 7820600 85.408012
20141201 86.720001 87.07 85.75 86.220001 9140900 84.12016
20141202 86.269997 86.699997 85.93 86.400002 6738900 84.295776
20141203 85.949997 86.00 84.68 84.940002 6374300 83.334304
20141204 84.129997 84.82 83.650002 84.760002 6901400 83.157707
20141205 84.809998 84.82 83.510002 84.120003 6570100 82.529806
20141208 84.150002 84.669998 83.849998 84.230003 6266000 82.637727
20141209 83.650002 84.209999 82.650002 83.559998 6633600 81.980387
20141210 83.93 84.309998 82.900002 82.980003 6973600 81.411357
20141211 83.199997 84.50 83.160004 83.830002 8032800 82.245287
20141212 83.519997 85.00 83.519997 83.809998 7284100 82.225661
20141215 84.260002 84.699997 83.050003 83.940002 6317700 82.353208
20141216 83.620003 84.760002 82.940002 82.959999 7437400 81.391731
20141217 83.279999 84.260002 82.949997 84.230003 6641000 82.637727
20141218 84.800003 85.949997 84.279999 85.940002 8645900 84.3154
20141219 86.260002 86.339996 85.160004 85.160004 12068800 83.550147
20141222 85.32 86.400002 85.290001 86.379997 4575800 84.747077
20141223 86.690002 87.080002 86.360001 86.660004 5552600 85.021791
20141224 86.970001 87.07 86.389999 86.43 2491800 84.796135
20141226 86.18 87.139999 86.010002 86.910004 3249300 85.267065
20141229 86.459999 87.07 86.400002 86.639999 3605600 85.002165
20141230 86.519997 87.129997 86.480003 86.790001 3265400 85.14933
20141231 87.080002 87.440002 85.860001 85.879997 4151400 84.256529
20150102 86.269997 86.720001 85.550003 85.900002 4501800 84.276156
20150105 85.720001 86.32 85.510002 85.650002 6979000 84.030882
20150106 85.980003 86.75 85.790001 86.309998 8205100 84.678401
20150107 86.779999 88.68 86.669998 88.599998 8498400 86.925112
20150108 89.209999 90.669998 89.07 90.470001 12713600 88.759764
20150109 90.32 90.389999 89.25 89.349998 8522500 87.660934
20150112 89.360001 90.309998 89.220001 90.019997 7372500 88.318267
20150113 90.800003 90.970001 88.93 89.309998 8215400 87.621689
20150114 87.650002 88.519997 86.50 86.610001 11954300 84.972733
20150115 87.00 87.779999 86.699997 87.379997 9412700 85.728174
20150116 87.199997 87.459999 86.230003 86.769997 8408900 85.129704
20150120 86.82 87.699997 85.550003 86.690002 7853100 85.051222
20150121 86.099998 86.910004 85.709999 86.639999 8173800 85.002165
20150122 87.230003 88.400002 86.860001 88.300003 7123800 86.630788
20150123 88.419998 89.260002 87.889999 88.510002 7565800 86.836817
20150126 88.309998 89.160004 88.120003 88.629997 4666700 86.954544
20150127 88.279999 88.459999 87.260002 87.529999 6020500 85.875339
20150128 88.019997 88.230003 86.769997 86.82 5936800 85.178762
20150129 87.07 87.720001 86.269997 87.720001 6522800 86.06175
20150130 86.779999 87.360001 84.900002 84.980003 10280200 83.373549
20150202 84.790001 85.870003 83.93 85.709999 6927200 84.089745
20150203 85.830002 86.529999 85.660004 86.190002 8283500 84.560674
20150204 86.110001 87.040001 86.00 86.650002 8932300 85.011978
20150205 87.110001 87.360001 86.559998 87.279999 5090800 85.630065
20150206 87.260002 88.00 86.779999 87.330002 5550700 85.679123
20150209 86.970001 87.190002 85.639999 85.910004 5456200 84.285969
20150210 86.620003 87.410004 86.419998 87.290001 5732100 85.639878
20150211 86.629997 87.120003 85.919998 86.339996 5853100 84.707833
20150212 86.559998 86.68 85.230003 85.889999 6941600 84.266342
20150213 85.839996 86.160004 85.32 85.809998 5597000 84.187853
20150217 85.43 85.970001 84.970001 85.959999 5087200 84.335019
20150218 85.959999 86.300003 85.519997 86.290001 6032700 84.658782
20150219 84.50 84.800003 83.389999 83.519997 18646800 81.941142
20150220 82.730003 84.379997 82.550003 84.300003 13840400 82.706403
20150223 84.389999 84.860001 84.230003 84.599998 6730400 83.000728
20150224 84.519997 84.82 83.919998 84.57 5197700 82.971296
20150225 84.629997 84.720001 83.519997 83.57 6808400 81.9902
20150226 83.849998 83.860001 83.269997 83.800003 5888100 82.215855
20150227 83.720001 84.160004 83.400002 83.93 5877400 82.343395
20150302 83.93 84.00 83.199997 83.959999 6061500 82.372827
20150303 83.660004 83.82 83.169998 83.370003 6460800 81.793984
20150304 83.209999 83.209999 82.199997 82.580002 6214400 81.018917
20150305 83.150002 83.870003 82.959999 83.57 5997500 81.9902
20150306 82.809998 83.099998 82.379997 82.589996 5731000 81.028722
20150309 82.589996 83.339996 82.540001 82.879997 4671500 81.313241
20150310 82.269997 82.50 82.07 82.07 6311100 80.518556
20150311 81.82 81.970001 80.540001 80.690002 6160900 79.640137
20150312 80.809998 82.120003 80.779999 81.900002 5225800 80.834393
20150313 81.949997 82.25 81.290001 81.900002 4762200 80.834393
20150316 82.449997 83.370003 82.440002 83.290001 6519100 82.206307
20150317 82.980003 83.010002 82.239998 82.620003 4802000 81.545026
20150318 81.980003 82.959999 81.160004 82.529999 10252300 81.456193
20150319 82.330002 82.440002 81.370003 81.519997 7212900 80.459332
20150320 81.830002 83.489998 81.709999 83.239998 12365300 82.156954
20150323 83.18 83.900002 83.120003 83.309998 6505700 82.226043
20150324 83.190002 83.709999 82.959999 83.050003 5359100 81.969431
20150325 83.089996 83.25 81.309998 81.32 6645900 80.261937
20150326 80.93 82.309998 80.650002 81.889999 8267200 80.824521
20150327 81.849998 82.18 81.25 81.349998 5717400 80.291546
20150330 81.699997 82.800003 81.43 82.529999 5701700 81.456193
20150331 82.389999 83.040001 82.25 82.25 5587700 81.179837
20150401 82.279999 82.279999 80.43 80.709999 8306700 79.659873
20150402 80.730003 81.32 80.550003 80.730003 5795700 79.679617
20150406 80.459999 81.330002 80.150002 80.989998 6380700 79.936229
20150407 81.089996 81.290001 80.459999 80.50 6606100 79.452607
20150408 80.389999 81.230003 80.360001 81.029999 6694700 79.97571
20150409 80.839996 81.389999 80.580002 80.839996 3923600 79.788179
20150410 80.860001 81.00 80.550003 80.650002 5480300 79.600656
20150413 80.400002 80.919998 80.269997 80.290001 4698100 79.24534
20150414 80.290001 80.419998 79.68 80.150002 5531700 79.107162
20150415 80.580002 80.980003 79.650002 79.739998 6200400 78.702493
20150416 79.50 79.889999 79.129997 79.239998 8015100 78.208998
20150417 78.940002 79.150002 77.550003 77.879997 11822800 76.866693
20150420 78.389999 78.830002 78.019997 78.139999 8847600 77.123312
20150421 78.610001 78.839996 77.910004 78.029999 6200200 77.014743
20150422 77.730003 78.639999 77.550003 78.43 7594700 77.40954
20150423 78.379997 79.540001 78.199997 79.18 7468900 78.149782
20150424 79.379997 80.93 79.239998 79.839996 6867800 78.80119
20150427 79.769997 79.860001 79.290001 79.370003 6449800 78.337312
20150428 79.459999 79.480003 78.769997 79.099998 4895900 78.070821
20150429 78.699997 78.790001 77.790001 77.879997 7108400 76.866693
20150430 77.830002 78.480003 77.589996 78.050003 8795900 77.034487
20150501 78.199997 78.760002 78.169998 78.599998 4999700 77.577326
20150504 78.980003 79.550003 78.459999 79.18 6669200 78.149782
20150505 79.010002 79.010002 78.059998 78.129997 5855400 77.11344
20150506 77.919998 78.120003 77.169998 77.650002 5480100 77.12338
20150507 77.730003 78.339996 77.300003 78.029999 5538100 77.5008
20150508 78.599998 79.25 78.400002 78.529999 5347400 77.997409
20150511 78.32 78.610001 78.029999 78.099998 3744900 77.570325
20150512 78.019997 79.480003 77.870003 78.959999 8449000 78.424493
20150513 79.18 79.43 77.980003 78.160004 8421200 77.629923
20150514 78.370003 78.769997 78.019997 78.720001 6170200 78.186123
20150515 78.709999 79.25 78.57 79.239998 6617200 78.702593
20150518 79.370003 79.940002 79.160004 79.919998 8300300 79.377981
20150519 78.18 78.360001 76.230003 76.43 22458600 75.911652
20150520 76.480003 76.50 75.830002 75.900002 10541900 75.385248
20150521 75.800003 76.419998 75.559998 76.110001 6756200 75.593823
20150522 76.199997 76.379997 75.860001 75.860001 6815000 75.345518
20150526 75.769997 75.830002 74.82 74.900002 10573600 74.39203
20150527 75.010002 75.510002 75.00 75.190002 6987100 74.680064
20150528 75.07 75.160004 74.650002 74.839996 5025500 74.332432
20150529 74.82 74.879997 74.150002 74.269997 6375100 73.766298
20150601 74.690002 75.080002 74.410004 74.730003 5646000 74.223185
20150602 74.540001 75.00 74.419998 74.529999 5797800 74.024537
20150603 74.699997 75.199997 74.470001 74.889999 6093800 74.382096
20150604 74.459999 74.980003 73.949997 74.150002 8982800 73.647117
20150605 74.169998 74.269997 72.980003 73.059998 10635100 72.564505
20150608 73.43 73.489998 72.599998 72.610001 9593000 72.11756
20150609 72.699997 72.849998 72.360001 72.470001 8335600 71.97851
20150610 72.709999 73.330002 72.339996 72.93 11215800 72.435389
20150611 73.230003 73.669998 72.839996 72.940002 7420000 72.445324
20150612 72.739998 72.900002 72.400002 72.43 7246600 71.93878
20150615 72.199997 72.400002 71.699997 71.93 7566800 71.442171
20150616 72.220001 72.580002 71.720001 72.349998 6215600 71.859321
20150617 72.629997 72.900002 72.339996 72.730003 5703900 72.236749
20150618 72.739998 73.480003 72.739998 72.980003 8376600 72.485053
20150619 72.800003 73.220001 72.699997 72.739998 14550700 72.246676
20150622 72.980003 73.190002 72.690002 72.790001 6489500 72.296339
20150623 72.889999 72.940002 72.339996 72.57 7876300 72.07783
20150624 72.559998 72.650002 72.139999 72.379997 7338400 71.889116
20150625 72.449997 72.629997 71.830002 71.860001 5293200 71.372646
20150626 71.959999 72.459999 71.870003 72.120003 6897800 71.630885
20150629 71.800003 72.00 71.410004 71.419998 8187800 70.935628
20150630 71.809998 71.809998 70.779999 70.93 11102600 70.448953
20150701 71.599998 71.949997 70.360001 71.879997 10773900 71.392507
20150702 72.019997 72.559998 71.660004 71.860001 6586100 71.372646
20150706 71.379997 72.690002 71.379997 72.529999 10536500 72.038101
20150707 72.660004 73.860001 72.00 73.790001 12421300 73.289557
20150708 73.300003 73.589996 72.900002 73.059998 7791000 72.564505
20150709 73.669998 73.730003 72.709999 72.779999 8695800 72.286405
20150710 73.080002 73.550003 73.080002 73.120003 5579300 72.624103
20150713 73.510002 74.110001 73.510002 73.879997 6084500 73.378943
20150714 73.980003 74.089996 73.480003 73.790001 5518200 73.289557
20150715 73.589996 73.900002 73.190002 73.650002 4566700 73.150508
20150716 73.970001 74.139999 73.760002 73.830002 5231700 73.329287
20150717 73.739998 74.07 73.309998 73.389999 5680600 72.892269
20150720 73.349998 73.440002 73.059998 73.099998 5085600 72.604235
20150721 73.099998 73.290001 72.529999 72.739998 6441100 72.246676
20150722 72.779999 73.82 72.779999 73.160004 6961600 72.663833
20150723 73.07 73.220001 72.419998 72.510002 4252900 72.01824
20150724 72.529999 72.559998 71.50 71.580002 5951100 71.094547
20150727 71.379997 71.650002 71.010002 71.379997 6197600 70.895898
20150728 71.529999 72.389999 71.230003 72.099998 8592300 71.611017
20150729 72.25 72.629997 72.089996 72.230003 4939700 71.74014
20150730 72.029999 72.529999 71.779999 72.160004 4604500 71.670615
20150731 72.440002 72.489998 71.660004 71.980003 7928400 71.491835
20150803 71.839996 72.379997 71.839996 72.18 5131800 71.690476
20150804 72.419998 72.800003 71.93 72.25 5873400 71.760001
20150805 72.389999 73.690002 72.25 73.510002 8715800 73.510002
20150806 73.349998 73.379997 72.660004 72.790001 6367700 72.790001
20150807 72.709999 72.830002 71.169998 71.25 7785800 71.25
20150810 71.50 71.75 71.339996 71.480003 5913600 71.480003
20150811 71.25 72.370003 71.150002 71.93 6713100 71.93
20150812 71.529999 72.660004 71.269997 72.580002 8841400 72.580002
20150813 72.400002 72.769997 71.970001 72.110001 7547500 72.110001
20150814 72.300003 72.599998 72.040001 72.379997 5853300 72.379997
20150817 71.830002 72.230003 71.760002 71.910004 7496400 71.910004
20150818 70.00 70.50 69.239998 69.480003 21166300 69.480003
20150819 68.870003 69.389999 67.769997 68.57 16301600 68.57
20150820 68.080002 69.300003 67.940002 68.43 9841000 68.43
20150821 67.910004 68.309998 66.540001 66.540001 15550200 66.540001
20150824 63.740002 66.160004 61.50 63.950001 22018100 63.950001
20150825 65.449997 65.709999 63.00 63.099998 14532100 63.099998
20150826 64.230003 64.849998 63.02 64.830002 13888600 64.830002
20150827 65.32 66.18 64.949997 66.080002 13737900 66.080002
20150828 66.089996 66.120003 64.449997 64.940002 14296800 64.940002
20150831 64.82 65.00 64.290001 64.730003 8126000 64.730003
20150901 63.799999 64.32 63.27 63.82 13374000 63.82
20150902 64.589996 64.940002 64.059998 64.440002 9437400 64.440002
20150903 64.720001 65.010002 64.389999 64.860001 8486300 64.860001
20150904 64.07 64.300003 63.509998 63.889999 9208000 63.889999
20150908 65.230003 66.50 65.18 66.379997 17611200 66.379997
20150909 66.860001 67.010002 65.010002 65.120003 9420500 65.120003
20150910 64.07 64.650002 63.830002 64.120003 14510800 64.120003
20150911 64.18 64.68 63.990002 64.650002 8027300 64.650002
20150914 64.650002 64.669998 63.82 64.279999 6900100 64.279999
20150915 64.480003 64.699997 64.050003 64.32 6800200 64.32
20150916 64.599998 64.769997 64.050003 64.690002 5624100 64.690002
20150917 64.699997 65.290001 64.160004 64.470001 7039800 64.470001
20150918 63.75 64.230003 63.259998 63.34 12786000 63.34
20150921 63.75 64.00 63.369999 63.720001 7117300 63.720001
20150922 63.23 63.82 62.919998 63.59 8592000 63.59
20150923 63.720001 63.93 63.119999 63.720001 5856700 63.720001
20150924 63.360001 63.98 63.299999 63.830002 6822300 63.830002
20150925 64.07 64.459999 63.619999 63.779999 7142500 63.779999
