20130102 87.790001 88.720001 87.239998 88.709999 16143700 81.894545
20130103 88.459999 88.889999 88.160004 88.550003 13268200 81.746841
20130104 88.50 89.089996 88.370003 88.959999 11427900 82.125338
20130107 88.309998 88.489998 87.57 87.93 11799800 81.174472
20130108 87.82 88.480003 87.290001 88.480003 14226400 81.682219
20130109 88.400002 88.540001 87.75 88.139999 10892200 81.368337
20130110 88.75 89.480003 88.370003 89.099998 13099600 82.254581
20130111 88.970001 89.709999 88.860001 89.610001 11645600 82.7254
20130114 89.459999 89.75 89.32 89.580002 9606700 82.697706
20130115 89.18 89.610001 89.00 89.529999 9195400 82.651545
20130116 89.160004 89.480003 89.07 89.470001 9645000 82.596157
20130117 89.760002 90.940002 89.599998 90.199997 13400300 83.270068
20130118 90.089996 90.830002 89.830002 90.800003 17196000 83.823977
20130122 90.269997 90.940002 90.209999 90.919998 11897500 83.934753
20130123 90.50 90.879997 90.419998 90.699997 10906800 83.731654
20130124 90.879997 91.720001 90.75 91.349998 11100000 84.331717
20130125 91.57 91.800003 91.129997 91.730003 11090600 84.682527
20130128 91.669998 91.669998 90.769997 91.110001 11617500 84.110158
20130129 91.209999 91.93 91.199997 91.760002 11700600 84.710221
20130130 91.169998 91.720001 90.379997 90.669998 15645400 83.70396
20130131 90.690002 91.209999 89.739998 89.970001 15991500 83.057743
20130201 90.440002 90.50 89.360001 90.040001 15699200 83.122365
20130204 89.410004 89.620003 88.839996 89.150002 13347300 82.300742
20130205 89.879997 90.190002 89.419998 89.739998 11679700 82.84541
20130206 89.370003 89.889999 89.160004 89.790001 11768700 82.891572
20130207 89.209999 89.220001 87.610001 88.25 13463300 81.990375
20130208 88.50 88.800003 88.110001 88.610001 11412300 82.32484
20130211 88.349998 88.510002 87.970001 88.279999 8764700 82.018245
20130212 88.25 88.620003 87.919998 88.459999 9752100 82.185478
20130213 88.459999 88.769997 88.239998 88.669998 8940300 82.380582
20130214 88.339996 88.809998 88.059998 88.519997 13238900 82.24122
20130215 88.57 88.610001 87.800003 88.360001 15696900 82.092573
20130219 88.540001 89.410004 88.379997 89.32 12158900 82.984479
20130220 89.139999 89.82 88.900002 88.970001 13936400 82.659306
20130221 88.790001 89.019997 88.360001 88.589996 10939800 82.306255
20130222 89.019997 89.279999 88.400002 89.199997 10260200 82.872988
20130225 89.879997 90.190002 87.699997 87.699997 15302900 81.479384
20130226 88.50 88.980003 87.760002 88.510002 15073200 82.231935
20130227 88.50 89.650002 88.309998 89.529999 11195200 83.179582
20130228 89.669998 89.809998 89.029999 89.550003 14552000 83.198168
20130301 89.07 89.68 88.919998 89.43 11301600 83.086677
20130304 89.129997 89.25 88.459999 88.949997 10994000 82.64072
20130305 89.480003 90.150002 89.290001 89.610001 13072600 83.253909
20130306 89.599998 89.949997 89.050003 89.559998 13234400 83.207453
20130307 89.629997 89.760002 88.68 88.709999 12905300 82.417746
20130308 89.010002 89.230003 88.349998 88.970001 11896300 82.659306
20130311 89.010002 89.550003 88.540001 89.160004 12454800 82.835831
20130312 89.449997 89.910004 89.010002 89.160004 11470000 82.835831
20130313 89.019997 89.50 88.830002 89.260002 10539900 82.928737
20130314 89.410004 89.910004 89.410004 89.830002 13775500 83.458306
20130315 89.199997 89.610001 88.790001 89.370003 29240100 83.030935
20130318 88.739998 89.389999 88.550003 88.769997 11553700 82.473488
20130319 88.889999 89.089996 88.019997 88.580002 11987900 82.296969
20130320 88.949997 89.209999 88.300003 88.629997 11319000 82.343418
20130321 88.120003 88.639999 87.900002 88.169998 13447500 81.916047
20130322 88.400002 89.290001 88.32 89.290001 10786600 82.956608
20130325 89.50 89.900002 88.660004 89.019997 12900800 82.705755
20130326 89.410004 90.300003 89.360001 90.129997 12329600 83.737022
20130327 89.559998 90.739998 89.470001 90.580002 12350800 84.155108
20130328 90.639999 90.980003 89.989998 90.110001 17485200 83.718444
20130401 90.129997 90.989998 89.980003 90.769997 9414200 84.331626
20130402 90.589996 90.919998 90.279999 90.580002 9991800 84.155108
20130403 90.650002 90.830002 89.860001 89.93 12197100 83.551211
20130404 90.099998 90.330002 89.220001 89.769997 11582000 83.402557
20130405 88.610001 89.209999 88.400002 89.010002 12771600 82.696469
20130408 89.110001 89.110001 88.150002 88.599998 11013900 82.315547
20130409 88.690002 89.339996 88.589996 88.769997 10753400 82.473488
20130410 88.449997 89.160004 88.199997 88.68 14823700 82.389875
20130411 88.949997 89.269997 88.230003 89.220001 14979900 82.891573
20130412 88.879997 89.190002 88.410004 88.989998 11505100 82.677884
20130415 88.290001 88.669998 86.269997 86.489998 19626200 80.35521
20130416 87.190002 87.230003 86.089996 86.610001 14578800 80.466701
20130417 86.209999 86.379997 85.019997 86.080002 17341200 79.974296
20130418 86.279999 87.080002 85.779999 86.620003 14730400 80.475994
20130419 87.269997 87.489998 86.43 87.449997 18393300 81.247116
20130422 87.610001 88.32 87.290001 88.089996 11262000 81.84172
20130423 88.389999 89.489998 87.940002 89.300003 15567700 82.9659
20130424 89.449997 89.889999 89.349998 89.43 13028800 83.086677
20130425 88.889999 88.900002 87.650002 88.07 16328700 81.823142
20130426 87.809998 88.279999 87.599998 88.00 10791800 81.758107
20130429 88.260002 88.830002 88.010002 88.209999 11093000 81.953211
20130430 88.260002 88.989998 87.760002 88.989998 14572600 82.677884
20130501 88.519997 88.839996 87.480003 87.510002 11616500 81.302865
20130502 87.980003 88.839996 87.739998 88.629997 11330100 82.343418
20130503 89.00 90.190002 88.919998 90.019997 13036600 83.634824
20130506 90.25 90.879997 89.93 90.580002 10613400 84.155108
20130507 90.620003 91.150002 90.139999 91.150002 11088900 84.684677
20130508 91.050003 91.849998 91.029999 91.699997 13638300 85.195661
20130509 91.139999 91.559998 90.690002 91.029999 13771900 85.158241
20130510 90.870003 90.949997 89.790001 90.139999 10975400 84.325649
20130513 89.800003 90.139999 89.43 90.099998 9810100 84.288229
20130514 90.150002 91.190002 90.019997 91.110001 9890300 85.233082
20130515 90.639999 91.32 90.410004 91.239998 10399400 85.354694
20130516 90.800003 91.290001 90.50 90.699997 10469600 84.849525
20130517 91.07 91.879997 90.529999 91.760002 12721300 85.841156
20130520 91.610001 92.690002 91.459999 92.519997 12417700 86.552128
20130521 92.669998 93.43 92.379997 92.800003 12519900 86.814073
20130522 92.830002 93.50 91.809998 92.190002 19253300 86.24342
20130523 91.559998 92.360001 91.360001 91.790001 15357300 85.86922
20130524 91.379997 91.769997 91.00 91.529999 12771900 85.625989
20130528 92.940002 93.18 91.760002 92.379997 15197800 86.421159
20130529 91.760002 92.419998 91.589996 92.080002 11563200 86.140515
20130530 91.970001 92.68 91.599998 92.089996 9734700 86.149865
20130531 91.949997 92.370003 90.459999 90.470001 17917400 84.634365
20130603 90.529999 91.510002 90.480003 91.459999 14177500 85.560504
20130604 91.18 91.489998 90.220001 90.790001 12481300 84.933724
20130605 90.68 91.120003 89.610001 89.650002 12888000 83.867258
20130606 89.449997 90.230003 89.00 90.230003 15393300 84.409848
20130607 90.889999 91.50 90.489998 91.449997 12504700 85.551147
20130610 91.93 91.940002 90.870003 91.120003 10372300 85.242439
20130611 90.379997 91.040001 90.230003 90.459999 10739400 84.625008
20130612 91.129997 91.32 89.589996 89.739998 10864500 83.951449
20130613 89.629997 91.709999 89.610001 91.330002 13501300 85.438892
20130614 91.160004 91.300003 90.290001 90.580002 12158400 84.73727
20130617 90.970001 91.769997 90.769997 91.510002 12026400 85.607282
20130618 91.360001 92.059998 91.260002 91.93 10678200 86.000189
20130619 91.790001 92.269997 91.00 91.00 14189500 85.130177
20130620 90.239998 90.519997 88.790001 89.050003 21077700 83.305962
20130621 89.760002 90.139999 88.849998 89.480003 25493800 83.708225
20130624 88.949997 89.50 88.019997 88.480003 17653000 82.772729
20130625 89.580002 89.620003 88.480003 89.110001 15790100 83.362089
20130626 89.419998 89.970001 88.730003 89.800003 14446000 84.007584
20130627 90.239998 90.669998 90.029999 90.040001 12348000 84.232101
20130628 89.849998 90.75 89.559998 90.349998 22984200 84.522103
20130701 90.389999 91.129997 89.959999 90.300003 13182200 84.475332
20130702 90.370003 91.099998 90.120003 90.639999 12320700 84.793398
20130703 90.629997 90.870003 90.139999 90.690002 5674000 84.840175
20130705 91.099998 91.610001 90.57 91.57 8917900 85.66341
20130708 91.959999 92.529999 91.900002 92.25 12086700 86.299547
20130709 92.639999 93.440002 92.25 93.339996 12940000 87.319235
20130710 93.279999 93.389999 92.379997 92.82 12430000 86.83278
20130711 93.800003 93.809998 93.040001 93.269997 16184700 87.253751
20130712 93.25 93.449997 92.720001 93.400002 11370300 87.37537
20130715 93.190002 93.50 93.089996 93.25 8256200 87.235044
20130716 93.190002 93.470001 92.769997 93.300003 11413500 87.281822
20130717 93.559998 93.739998 93.139999 93.459999 9393300 87.431497
20130718 93.800003 94.839996 93.709999 94.379997 10555400 88.292152
20130719 94.690002 95.25 94.410004 95.169998 14431700 89.031195
20130722 94.870003 95.199997 94.779999 94.830002 9530400 88.71313
20130723 94.860001 95.489998 94.839996 95.199997 7377400 89.059259
20130724 95.309998 95.309998 94.419998 94.989998 8222800 88.862806
20130725 94.690002 95.309998 94.419998 94.970001 10059800 88.844099
20130726 94.769997 94.860001 93.839996 94.790001 9721000 88.675709
20130729 94.510002 94.519997 93.610001 94.029999 8844700 87.96473
20130730 94.220001 94.330002 93.459999 93.809998 10470700 87.75892
20130731 93.93 94.599998 93.379997 93.75 14400800 87.702792
20130801 92.690002 93.099998 91.25 92.730003 23117700 86.748589
20130802 92.459999 92.529999 91.339996 91.949997 14408600 86.018896
20130805 91.419998 91.760002 91.010002 91.589996 12625900 85.682116
20130806 91.330002 91.910004 91.279999 91.470001 11689200 85.569861
20130807 91.18 91.550003 91.129997 91.339996 8163800 85.448242
20130808 91.93 91.970001 91.279999 91.779999 11529500 85.859863
20130809 91.199997 91.360001 90.43 90.720001 9467800 85.454821
20130812 90.43 90.43 89.690002 89.889999 10133700 84.672991
20130813 89.849998 89.919998 89.139999 89.400002 10892700 84.211431
20130814 89.339996 89.480003 88.900002 88.949997 9797300 83.787544
20130815 88.660004 88.870003 88.059998 88.160004 11273400 83.0434
20130816 88.010002 88.489998 87.650002 87.910004 11872500 82.807909
20130819 87.82 87.870003 86.779999 86.919998 11745600 81.875362
20130820 87.129997 87.870003 86.830002 86.830002 16498800 81.790588
20130821 86.949997 87.349998 86.389999 86.419998 12766900 81.40438
20130822 86.580002 87.419998 86.449997 86.980003 10199900 81.931884
20130823 87.150002 87.690002 86.760002 87.519997 9206400 82.440537
20130826 87.50 87.699997 86.82 87.089996 10654700 82.035493
20130827 86.620003 87.489998 86.580002 86.82 13960200 81.781167
20130828 87.279999 88.989998 87.279999 88.839996 17738800 83.683927
20130829 88.629997 88.629997 87.230003 87.269997 11407800 82.205047
20130830 87.389999 87.550003 86.790001 87.160004 12480400 82.101438
20130903 87.699997 88.00 86.830002 87.150002 10546700 82.092016
20130904 87.010002 87.980003 86.900002 87.760002 9822300 82.666614
20130905 88.059998 88.300003 87.330002 87.349998 11740100 82.280406
20130906 87.489998 87.730003 86.800003 87.25 12950600 82.186211
20130909 87.339996 88.190002 87.309998 88.040001 9297000 82.930362
20130910 88.400002 88.400002 87.279999 87.82 11823100 82.723129
20130911 87.879997 88.849998 87.879997 88.839996 11201200 83.683927
20130912 88.589996 88.800003 87.860001 87.980003 10917200 82.873846
20130913 88.150002 88.879997 88.150002 88.400002 8254200 83.269469
20130916 88.879997 89.18 88.489998 88.669998 9421300 83.523796
20130917 88.709999 89.349998 88.650002 88.940002 8941200 83.778129
20130918 88.910004 89.870003 88.370003 89.580002 15134700 84.380985
20130919 89.639999 89.739998 88.980003 89.279999 11757500 84.098393
20130920 89.529999 89.75 88.589996 88.660004 20651100 83.514381
20130923 88.290001 88.910004 87.639999 87.75 12227700 82.657192
20130924 87.589996 88.07 87.279999 87.360001 12129200 82.289827
20130925 87.589996 87.599998 86.93 87.139999 13577400 82.082594
20130926 87.400002 87.449997 86.809998 87.07 9787100 82.016657
20130927 86.849998 87.010002 86.610001 86.900002 10867100 81.856525
20130930 86.059998 86.699997 85.610001 86.040001 17486100 81.046437
20131001 85.989998 86.339996 85.779999 86.00 11885100 81.008758
20131002 85.75 86.110001 85.279999 86.080002 11841400 81.084117
20131003 86.040001 86.050003 85.339996 85.50 13923400 80.537777
20131004 86.309998 86.419998 85.68 86.32 11325500 81.310186
20131007 85.57 86.290001 85.269997 85.900002 10985800 80.914563
20131008 85.860001 85.949997 85.470001 85.510002 15335700 80.547198
20131009 85.349998 85.589996 84.830002 85.160004 13575100 80.217513
20131010 85.519997 86.040001 84.790001 86.040001 17532400 81.046437
20131011 85.900002 86.949997 85.50 86.949997 12661800 81.903619
20131014 86.510002 87.739998 86.510002 87.599998 9742100 82.515896
20131015 87.470001 87.580002 86.639999 86.790001 12018000 81.752909
20131016 87.480003 87.860001 86.720001 87.309998 11668100 82.242726
20131017 87.129997 87.50 87.010002 87.480003 10438200 82.402865
20131018 87.690002 87.739998 87.300003 87.550003 12425100 82.468802
20131021 87.50 87.650002 86.839996 87.230003 10730900 82.167375
20131022 87.290001 88.150002 87.129997 87.980003 12710600 82.873846
20131023 87.519997 87.650002 86.949997 87.610001 11449100 82.525318
20131024 87.980003 88.730003 87.970001 88.419998 12288900 83.288305
20131025 88.230003 88.650002 87.82 87.970001 11382000 82.864425
20131028 87.830002 88.459999 87.610001 88.230003 9921900 83.109337
20131029 88.449997 89.029999 88.440002 88.93 10340000 83.768708
20131030 88.970001 89.480003 88.690002 88.809998 14305900 83.65567
20131031 89.449997 90.959999 89.199997 89.620003 19185200 84.418664
20131101 89.739998 90.040001 88.269997 89.82 19023500 84.607054
20131104 90.00 92.269997 90.00 92.099998 20591600 86.754727
20131105 91.339996 93.25 91.239998 91.989998 21122500 86.65111
20131106 92.419998 93.279999 92.120003 93.220001 13464600 87.809727
20131107 92.639999 92.980003 91.760002 91.959999 16572100 87.21225
20131108 91.800003 92.82 91.480003 92.730003 12330100 87.942501
20131111 92.849998 93.230003 92.50 92.959999 7924700 88.160622
20131112 92.669998 93.32 92.50 92.669998 10727300 87.885593
20131113 92.220001 92.739998 92.07 92.589996 9280000 87.809722
20131114 92.68 93.419998 92.68 93.220001 7909200 88.407201
20131115 94.150002 95.290001 94.029999 95.269997 18374500 90.351358
20131118 95.980003 96.00 95.059998 95.449997 14243700 90.522065
20131119 95.400002 95.790001 95.160004 95.419998 12697300 90.493615
20131120 95.75 95.949997 94.370003 94.68 10455400 89.791822
20131121 94.849998 95.389999 94.629997 94.690002 9128400 89.801308
20131122 94.959999 95.07 94.290001 95.010002 8534700 90.104787
20131125 95.209999 95.75 94.830002 95.089996 10515100 90.180651
20131126 94.75 94.809998 94.150002 94.269997 11857900 89.402987
20131127 94.360001 94.419998 93.480003 93.800003 8828100 88.957258
20131129 93.650002 94.220001 93.300003 93.480003 6770500 88.653779
20131202 93.269997 94.040001 92.919998 93.519997 9310500 88.691708
20131203 93.599998 94.480003 93.230003 94.389999 12599500 89.516794
20131204 94.190002 94.900002 93.919998 94.669998 13074000 89.782337
20131205 94.07 94.650002 93.919998 94.129997 10586000 89.270215
20131206 94.970001 95.709999 94.589996 95.650002 12063400 90.711744
20131209 95.949997 96.25 95.599998 95.839996 15516700 90.89193
20131210 95.900002 95.980003 95.389999 95.709999 9868100 90.768644
20131211 95.379997 95.540001 94.160004 94.260002 12811800 89.393508
20131212 94.50 95.879997 94.279999 95.360001 15562600 90.436715
20131213 95.129997 95.919998 94.660004 95.309998 10629500 90.389294
20131216 96.279999 98.879997 96.129997 97.220001 23226000 92.200687
20131217 97.019997 97.129997 96.029999 96.75 14920900 91.754951
20131218 97.43 99.949997 97.010002 99.540001 21331300 94.400909
20131219 99.50 99.599998 99.00 99.43 12905900 94.296587
20131220 99.389999 99.599998 98.599998 98.68 23331000 93.585309
20131223 99.00 99.290001 98.389999 98.510002 10127600 93.424087
20131224 98.330002 99.440002 98.330002 99.220001 4168300 94.09743
20131226 99.419998 101.029999 99.379997 100.900002 9531200 95.690695
20131227 101.239998 101.739998 100.989998 101.510002 10209000 96.269202
20131230 101.529999 101.550003 100.309998 100.309998 9007900 95.131152
20131231 100.489998 101.389999 100.43 101.199997 8509600 95.975202
20140102 100.599998 100.760002 99.389999 99.75 11028100 94.600066
20140103 99.769997 100.169998 99.139999 99.510002 9295600 94.372459
20140106 99.940002 100.139999 98.889999 99.660004 11848500 94.514716
20140107 99.610001 101.220001 99.419998 101.07 11187000 95.851916
20140108 101.190002 101.190002 100.150002 100.739998 11180400 95.538952
20140109 100.199997 100.389999 99.029999 99.760002 11674300 94.609552
20140110 99.989998 100.629997 99.120003 100.519997 10535400 95.330309
20140113 99.910004 100.099998 98.269997 98.550003 12110900 93.462023
20140114 98.800003 99.269997 98.650002 99.120003 9265000 94.002595
20140115 99.160004 99.349998 98.629997 98.779999 9425500 93.680144
20140116 98.790001 99.040001 98.25 98.940002 9421700 93.831887
20140117 99.18 100.339996 98.669998 99.160004 15998000 94.04053
20140121 98.57 98.889999 98.040001 98.50 13847300 93.414602
20140122 98.879997 98.949997 97.839996 97.879997 11642800 92.826609
20140123 97.25 97.389999 96.010002 96.970001 15393200 91.963594
20140124 96.18 96.25 94.82 94.849998 14584300 89.953044
20140127 95.080002 95.580002 94.75 94.919998 12474600 90.01943
20140128 95.349998 95.919998 94.769997 95.650002 10773600 90.711744
20140129 94.93 96.199997 94.650002 95.110001 13191500 90.199622
20140130 94.00 94.949997 93.059998 93.989998 14628400 89.137444
20140131 92.849998 93.279999 91.699997 92.160004 17361400 87.401929
20140203 91.919998 92.309998 89.639999 90.050003 20377900 85.400865
20140204 90.370003 90.639999 89.389999 90.019997 17414400 85.372407
20140205 90.309998 90.610001 89.379997 89.580002 16393600 84.955129
20140206 89.510002 90.18 89.25 89.800003 13646100 85.766955
20140207 90.120003 90.629997 89.75 90.580002 12573800 86.511923
20140210 90.449997 90.529999 89.360001 89.519997 12237700 85.499524
20140211 89.559998 91.00 89.400002 90.839996 13422800 86.760241
20140212 91.010002 91.860001 90.639999 91.080002 10752400 86.989467
20140213 90.589996 91.650002 90.400002 91.43 9775300 87.323747
20140214 91.809998 94.43 91.599998 94.110001 18260400 89.883385
20140218 94.07 94.720001 93.360001 94.07 12979300 89.84518
20140219 93.800003 95.290001 93.800003 93.949997 12227800 89.730567
20140220 93.849998 95.769997 93.75 95.370003 14424300 91.086798
20140221 95.480003 95.580002 94.940002 95.029999 11282200 90.762064
20140224 95.610001 97.25 95.410004 96.440002 16012500 92.108743
20140225 96.540001 96.970001 95.959999 96.309998 10663000 91.984576
20140226 96.559998 96.860001 95.529999 95.790001 9087600 91.487934
20140227 95.580002 96.050003 95.160004 95.839996 9101200 91.535684
20140228 95.959999 96.830002 95.779999 96.269997 12651400 91.946372
20140303 95.760002 96.540001 94.830002 95.50 11896700 91.210957
20140304 96.589996 96.860001 95.870003 96.519997 12566100 92.185144
20140305 95.199997 95.290001 93.400002 93.800003 19829600 89.587309
20140306 93.669998 93.940002 93.269997 93.760002 12610400 89.549105
20140307 94.370003 95.059998 93.989998 94.989998 12659100 90.72386
20140310 95.150002 95.550003 94.660004 95.50 9964500 91.210957
20140311 95.360001 95.589996 93.519997 94.010002 12143600 89.787877
20140312 93.639999 94.470001 93.550003 94.209999 9705400 89.978892
20140313 94.440002 94.57 93.330002 93.639999 9872500 89.434492
20140314 93.580002 94.220001 93.290001 93.470001 11723300 89.272128
20140317 93.949997 94.529999 93.75 94.32 8676100 90.083952
20140318 94.410004 95.25 94.07 94.709999 8757300 90.456436
20140319 94.650002 95.300003 93.129997 93.730003 9914700 89.520454
20140320 93.440002 94.739998 93.010002 94.580002 10405000 90.332277
20140321 95.099998 95.989998 94.309998 94.309998 24479800 90.074399
20140324 94.760002 95.099998 94.480003 94.639999 9539800 90.38958
20140325 95.099998 95.82 94.800003 94.910004 9796600 90.647458
20140326 95.559998 95.580002 94.410004 94.699997 11033300 90.446883
20140327 94.610001 96.50 94.059998 96.239998 15427500 91.917721
20140328 96.470001 97.970001 96.470001 97.699997 12321800 93.312149
20140331 98.489998 98.849998 97.32 97.68 12375200 93.29305
20140401 97.650002 97.93 97.279999 97.730003 9475300 93.340808
20140402 97.529999 98.059998 97.18 97.949997 9551000 93.550921
20140403 97.830002 98.540001 97.559998 97.93 10113000 93.531823
20140404 98.300003 98.709999 97.279999 97.360001 12496100 92.987422
20140407 97.25 97.529999 96.75 96.779999 10120700 92.433469
20140408 97.010002 97.879997 96.75 97.449997 10243000 93.073377
20140409 97.75 97.790001 96.629997 97.330002 10463900 92.958771
20140410 96.980003 97.779999 96.239998 96.779999 13443400 92.433469
20140411 96.510002 97.440002 96.279999 96.720001 13352500 92.376166
20140414 97.489998 98.059998 96.739998 97.860001 9610200 93.464967
20140415 97.580002 98.699997 97.07 98.68 12961600 94.248139
20140416 99.050003 100.099998 98.970001 99.940002 12508100 95.451553
20140417 99.690002 100.970001 99.690002 100.419998 15439800 95.909991
20140421 100.029999 100.93 99.889999 100.93 8002100 96.397088
20140422 100.529999 100.860001 100.220001 100.370003 8212100 95.862241
20140423 100.589996 100.949997 100.330002 100.50 8686000 95.9864
20140424 100.480003 100.599998 99.860001 100.010002 9057800 95.518409
20140425 99.989998 100.57 99.93 100.410004 10391500 95.900445
20140428 100.720001 101.459999 100.309998 101.169998 12710800 96.626307
20140429 101.57 102.57 101.230003 101.449997 10094600 96.893731
20140430 101.129997 102.410004 100.709999 102.410004 13966700 97.810622
20140501 101.959999 102.389999 101.199997 101.410004 11161700 96.855534
20140502 101.279999 102.910004 100.980003 102.010002 11168100 97.428586
20140505 101.690002 103.129997 101.580002 102.910004 7614200 98.288167
20140506 102.599998 103.300003 102.410004 102.669998 9669800 98.05894
20140507 103.120003 103.449997 102.790001 103.110001 11007400 98.479182
20140508 103.089996 103.290001 102.169998 102.32 8922500 97.724661
20140509 101.709999 102.18 101.260002 101.949997 8948800 98.032365
20140512 102.330002 102.349998 101.529999 102.230003 8830500 98.301612
20140513 102.18 102.709999 101.940002 102.360001 7528800 98.426613
20140514 102.360001 102.68 102.110001 102.290001 6999200 98.359304
20140515 102.00 102.419998 100.330002 100.779999 13658700 96.907326
20140516 100.589996 101.00 100.32 100.739998 10369200 96.868862
20140519 100.419998 101.110001 100.419998 100.870003 5851400 96.993872
20140520 100.690002 101.080002 100.449997 100.669998 6134100 96.801553
20140521 100.849998 102.220001 100.720001 102.029999 7747900 98.109292
20140522 101.809998 101.970001 101.470001 101.50 5304300 97.59966
20140523 101.550003 101.93 101.269997 101.32 5410900 97.426577
20140527 101.610001 101.900002 100.93 101.360001 8359700 97.46504
20140528 101.230003 102.07 101.050003 101.059998 7586700 97.176566
20140529 101.540001 101.650002 101.019997 101.269997 6113700 97.378495
20140530 100.800003 101.150002 100.370003 100.529999 11499000 96.666933
20140602 100.529999 100.879997 99.669998 99.940002 7761300 96.099608
20140603 99.589996 100.690002 99.589996 100.389999 9384200 96.532313
20140604 100.209999 100.459999 99.959999 100.040001 7148800 96.195764
20140605 100.099998 100.830002 99.959999 100.550003 12296100 96.686169
20140606 100.610001 101.629997 100.599998 101.599998 9340900 97.695816
20140609 101.449997 101.959999 101.190002 101.519997 6404800 97.618888
20140610 101.480003 101.730003 101.00 101.459999 7917500 97.561196
20140611 101.190002 102.330002 101.00 101.949997 10270300 98.032365
20140612 102.459999 102.949997 101.57 101.660004 11421000 97.753515
20140613 101.93 102.660004 101.629997 102.650002 8240300 98.70547
20140616 102.57 103.25 102.169998 102.919998 8977600 98.965092
20140617 102.580002 102.589996 101.449997 102.419998 9355400 98.484305
20140618 102.57 102.949997 102.059998 102.730003 9575100 98.782398
20140619 102.610001 102.839996 101.68 102.629997 11105600 98.686235
20140620 103.279999 104.059998 102.940002 103.830002 17674400 99.840127
20140623 104.110001 104.610001 103.879997 104.379997 8553700 100.368988
20140624 104.18 104.470001 102.470001 102.730003 9708400 98.782398
20140625 102.339996 102.620003 101.529999 102.139999 10714800 98.215066
20140626 101.940002 102.379997 100.849998 102.029999 8424200 98.109292
20140627 101.669998 101.790001 100.660004 101.209999 15147400 97.320803
20140630 101.209999 101.269997 100.519997 100.68 9536500 96.81117
20140701 101.150002 101.589996 100.790001 101.360001 8399600 97.46504
20140702 101.150002 101.639999 101.040001 101.57 6954400 97.66697
20140703 101.949997 103.269997 101.68 102.589996 6922600 98.647771
20140707 102.330002 102.650002 102.019997 102.650002 7979600 98.70547
20140708 102.330002 103.230003 102.169998 102.830002 9613600 98.878554
20140709 102.959999 103.690002 102.809998 103.550003 7655300 99.570888
20140710 102.879997 103.07 102.040001 102.57 8533700 98.628543
20140711 102.400002 102.50 101.32 101.739998 7680800 97.830435
20140714 102.169998 103.080002 102.160004 102.68 8253100 98.734316
20140715 102.529999 102.599998 101.739998 102.389999 8755800 98.455459
20140716 102.559998 103.790001 102.540001 103.769997 8870200 99.782427
20140717 103.379997 103.889999 102.290001 102.309998 8145700 98.378532
20140718 102.690002 102.959999 101.860001 102.730003 8208300 98.782398
20140721 102.360001 103.190002 102.059998 103.080002 6632400 99.118947
20140722 103.639999 104.190002 103.50 103.540001 7426300 99.56127
20140723 103.639999 104.449997 103.529999 104.25 7007200 100.243986
20140724 104.419998 104.720001 103.949997 104.279999 7943000 100.272832
20140725 103.93 103.989998 102.959999 103.18 7775500 99.215103
20140728 103.290001 104.519997 102.830002 104.370003 9197800 100.359377
20140729 104.209999 104.760002 103.519997 103.550003 8055400 99.570888
20140730 103.730003 104.150002 102.57 103.25 11072100 99.282413
20140731 101.980003 101.980003 98.93 98.940002 18291800 95.138035
20140801 98.620003 99.550003 98.18 98.800003 14915000 95.003416
20140804 98.739998 100.43 98.309998 100.129997 12148200 96.282302
20140805 99.480003 99.540001 97.779999 98.199997 13069400 94.426466
20140806 98.199997 99.650002 98.199997 98.980003 9911300 95.176499
20140807 99.769997 99.839996 97.629997 98.269997 10017100 94.493776
20140808 98.809998 99.790001 98.32 99.739998 11199300 95.907289
20140811 99.279999 99.419998 98.540001 98.730003 8589600 95.597448
20140812 98.209999 98.690002 97.82 98.489998 9583700 95.365057
20140813 98.82 99.309998 98.480003 99.089996 7649600 95.946019
20140814 99.099998 99.279999 98.599998 99.089996 6547300 95.946019
20140815 99.239998 99.43 98.139999 99.029999 9226900 95.887925
20140818 99.279999 99.529999 99.099998 99.519997 7135400 96.362376
20140819 99.50 99.949997 99.43 99.489998 8888100 96.333329
20140820 99.550003 99.900002 99.040001 99.699997 6751800 96.536665
20140821 99.800003 100.07 99.260002 99.279999 6826200 96.129993
20140822 98.889999 98.980003 98.080002 98.50 8095000 95.374742
20140825 98.809998 98.900002 98.50 98.75 7569800 95.61681
20140826 99.120003 100.309998 99.019997 99.639999 8536500 96.478571
20140827 99.779999 99.959999 99.089996 99.529999 5848700 96.372061
20140828 99.040001 99.739998 99.010002 99.57 6072700 96.410792
20140829 99.379997 99.669998 98.720001 99.459999 8873700 96.304282
20140902 99.43 99.589996 97.809998 98.489998 8957100 95.365057
20140903 98.860001 99.589996 98.860001 99.110001 8475100 95.965388
20140904 99.00 99.449997 97.970001 98.360001 9662900 95.239185
20140905 98.739998 99.300003 98.110001 99.260002 9476900 96.110631
20140908 98.919998 98.919998 97.449997 97.769997 10080100 94.667901
20140909 97.690002 98.029999 96.959999 97.389999 9756400 94.29996
20140910 97.360001 97.529999 95.830002 96.809998 12113700 93.738361
20140911 96.32 97.120003 95.82 97.029999 10181100 93.951382
20140912 96.529999 96.589996 95.629997 95.779999 10270100 92.741043
20140915 95.730003 96.400002 95.400002 96.290001 10689400 93.234863
20140916 96.230003 98.050003 96.019997 97.43 11574100 94.338692
20140917 97.910004 97.93 96.800003 97.080002 8774200 93.999798
20140918 97.150002 97.32 96.480003 96.610001 8636600 93.54471
20140919 97.080002 97.559998 96.870003 97.120003 18178100 94.03853
20140922 96.900002 97.00 96.269997 96.540001 8816900 93.476931
20140923 96.279999 97.160004 96.029999 96.029999 10300700 92.98311
20140924 95.870003 96.25 94.839996 95.82 12200000 92.779774
20140925 95.660004 95.889999 94.199997 94.25 12854200 91.259588
20140926 94.330002 95.760002 93.800003 95.43 11256800 92.402149
20140929 94.709999 94.779999 93.800003 94.43 14015000 91.433877
20140930 94.110001 94.809998 93.620003 94.050003 15576500 91.065937
20141001 94.110001 94.540001 92.720001 92.860001 14028600 89.913692
20141002 92.389999 93.900002 92.059998 93.300003 13756500 90.339733
20141003 93.599998 94.110001 92.580002 93.919998 11563000 90.940057
20141006 94.010002 95.330002 93.910004 94.519997 10595400 91.521018
20141007 94.269997 95.190002 93.330002 93.370003 10787900 90.407512
20141008 93.419998 94.830002 92.419998 94.610001 15583700 91.608167
20141009 94.050003 94.489998 91.629997 91.82 17915600 88.906688
20141010 92.440002 93.269997 90.900002 91.599998 18173100 88.693667
20141013 91.32 92.529999 90.760002 90.839996 14451100 87.957779
20141014 91.489998 92.230003 90.059998 90.550003 23120500 87.676987
20141015 89.00 90.610001 86.910004 90.220001 24703500 87.357455
20141016 88.580002 91.269997 88.18 90.599998 25212600 87.725396
20141017 91.129997 92.25 90.50 91.209999 18189200 88.316042
20141020 90.629997 91.889999 90.629997 91.769997 10821700 88.858272
20141021 92.860001 94.029999 92.360001 93.650002 15757000 90.678627
20141022 93.959999 94.589996 92.980003 93.129997 12733600 90.175122
20141023 94.309998 94.980003 93.870003 94.110001 11345100 91.124031
20141024 94.190002 94.529999 93.220001 94.489998 9734100 91.491971
20141027 93.849998 93.849998 92.769997 93.709999 11387700 90.736721
20141028 94.440002 95.199997 93.93 95.099998 12564100 92.082618
20141029 95.419998 95.980003 93.620003 94.589996 12409100 91.588797
20141030 93.870003 94.669998 93.220001 94.449997 9765400 91.45324
20141031 94.989998 96.889999 94.309998 96.709999 17493700 93.641535
20141103 96.559998 97.099998 94.800003 95.260002 13410000 92.237545
20141104 94.50 94.889999 93.889999 94.519997 13498500 91.521018
20141105 95.360001 95.769997 94.650002 95.07 12480000 92.053571
20141106 95.18 96.419998 94.279999 96.260002 14731400 93.205816
20141107 95.800003 97.160004 95.720001 96.589996 13233500 94.200575
20141110 96.870003 97.099998 96.07 96.279999 9087600 93.898246
20141111 95.779999 96.510002 95.610001 96.410004 7990000 94.025035
20141112 95.900002 96.400002 95.110001 95.379997 11592800 93.020508
20141113 94.959999 95.209999 93.830002 94.660004 12354900 92.318326
20141114 94.870003 95.110001 94.650002 95.089996 9351100 92.737681
20141117 94.849998 95.139999 94.190002 95.110001 8703900 92.757191
20141118 95.080002 95.75 94.529999 94.870003 9263200 92.52313
20141119 95.080002 95.739998 94.129997 95.610001 8331600 93.244822
20141120 95.370003 95.900002 95.260002 95.82 8418600 93.449626
20141121 97.199997 97.199997 96.099998 96.809998 12374200 94.415134
20141124 96.339996 96.800003 95.25 95.720001 10170600 93.352101
20141125 96.010002 96.029999 94.370003 94.779999 13747400 92.435352
20141126 94.639999 95.129997 94.360001 94.480003 9822100 92.142778
20141128 91.50 91.849998 90.110001 90.540001 19556700 88.300243
20141201 90.360001 92.870003 90.279999 92.349998 27584200 90.065465
20141202 92.32 94.669998 92.010002 94.190002 20805000 91.859951
20141203 94.669998 95.330002 94.00 94.949997 16220400 92.601145
20141204 94.129997 94.610001 93.07 94.370003 12868600 92.035499
20141205 93.949997 94.589996 93.349998 93.82 11831900 91.499102
20141208 92.900002 93.129997 91.370003 91.699997 15735900 89.431543
20141209 91.230003 92.059998 90.760002 91.379997 15883800 89.119459
20141210 90.720001 90.730003 88.199997 88.669998 22279400 86.4765
20141211 88.860001 91.540001 88.849998 89.199997 21522200 86.993387
20141212 88.709999 89.00 86.599998 86.599998 24568300 84.457707
20141215 87.529999 88.599998 86.50 86.900002 21373600 84.750289
20141216 86.379997 89.199997 86.190002 86.410004 26372400 84.272412
20141217 87.239998 89.900002 87.150002 89.019997 23323000 86.81784
20141218 90.370003 91.160004 88.400002 91.160004 22882700 88.904908
20141219 90.209999 93.639999 89.610001 93.639999 38469000 91.323554
20141222 92.959999 93.669998 92.449997 93.330002 17871800 91.021225
20141223 93.519997 95.18 93.050003 94.589996 13706500 92.25005
20141224 94.220001 94.25 92.980003 93.779999 6875700 91.46009
20141226 93.989998 94.43 92.620003 93.209999 10581500 90.904191
20141229 93.330002 93.860001 92.889999 93.07 9892100 90.767655
20141230 92.769997 93.389999 92.510002 93.019997 8743400 90.718889
20141231 92.419998 93.129997 92.059998 92.449997 11337200 90.16299
20150102 92.25 93.050003 91.809998 92.830002 10220400 90.533594
20150105 92.099998 92.400002 89.50 90.290001 18502400 88.056427
20150106 90.239998 91.410004 89.019997 89.809998 16670700 87.588298
20150107 90.650002 91.480003 90.00 90.720001 13590700 88.47579
20150108 91.25 92.269997 91.00 92.230003 15487500 89.948438
20150109 92.300003 92.779999 91.370003 92.099998 14488400 89.821649
20150112 91.239998 91.339996 89.82 90.330002 15176300 88.095439
20150113 90.879997 91.43 89.110001 90.00 17469000 87.7736
20150114 88.949997 89.889999 87.260002 89.739998 23272100 87.52003
20150115 89.739998 90.660004 88.510002 88.959999 18759600 86.759327
20150116 88.980003 91.190002 88.980003 91.120003 17713100 88.865897
20150120 91.139999 91.779999 90.379997 91.089996 16761000 88.836632
20150121 91.739998 91.989998 91.010002 91.870003 14276400 89.597343
20150122 92.309998 92.970001 91.32 92.870003 13559000 90.572605
20150123 92.279999 92.480003 90.790001 90.889999 14706300 88.641583
20150126 90.610001 91.940002 90.470001 91.760002 10672500 89.490064
20150127 91.239998 91.599998 90.599998 90.949997 12301500 88.700096
20150128 90.879997 90.93 87.82 87.949997 17829700 85.77431
20150129 88.220001 88.260002 86.029999 87.580002 22683000 85.413467
20150130 87.160004 88.419998 86.25 87.419998 22679900 85.257422
20150202 87.849998 89.589996 87.50 89.580002 20306300 87.363992
20150203 90.900002 92.330002 90.809998 92.25 21900900 89.96794
20150204 91.639999 92.269997 90.510002 91.459999 19632200 89.197482
20150205 92.389999 92.540001 91.699997 92.360001 12809000 90.07522
20150206 92.099998 92.279999 90.959999 91.50 12185900 89.908176
20150209 91.400002 92.290001 91.239998 91.559998 11360700 89.96713
20150210 91.739998 91.739998 90.300003 91.010002 12952900 89.426702
20150211 90.019997 90.830002 89.790001 90.599998 12240600 89.023832
20150212 91.459999 92.660004 91.019997 92.370003 14843000 90.763043
20150213 92.699997 93.449997 92.279999 93.370003 12061000 91.745646
20150217 92.75 93.07 92.290001 93.050003 11758700 91.431213
20150218 91.989998 91.989998 90.389999 91.010002 19177900 89.426702
20150219 89.639999 90.419998 88.580002 89.440002 19350600 87.884016
20150220 89.400002 89.940002 88.849998 89.919998 15959900 88.355661
20150223 89.260002 89.550003 88.739998 89.010002 12771800 87.461496
20150224 89.330002 89.779999 89.129997 89.419998 9990700 87.86436
20150225 89.57 89.699997 89.080002 89.599998 9925700 88.041229
20150226 89.129997 89.18 88.080002 88.650002 13984000 87.107759
20150227 88.889999 89.279999 88.339996 88.540001 13090600 86.999672
20150302 88.339996 88.519997 87.349998 88.040001 13793700 86.50837
20150303 87.93 88.019997 87.129997 87.620003 13493800 86.095679
20150304 87.959999 87.959999 86.93 87.18 13467600 85.663331
20150305 87.07 87.190002 86.519997 86.739998 12527600 85.230983
20150306 86.410004 86.599998 85.32 85.629997 16070500 84.140293
20150309 86.120003 86.379997 85.120003 85.160004 14503800 83.678476
20150310 84.82 85.529999 84.239998 84.260002 17195500 82.794132
20150311 84.93 84.93 84.00 84.019997 13004700 82.558302
20150312 84.43 84.720001 84.059998 84.220001 10792900 82.754827
20150313 83.900002 84.18 82.68 83.870003 16799900 82.410917
20150316 83.709999 84.860001 83.269997 84.760002 13516200 83.285434
20150317 84.540001 84.849998 84.019997 84.080002 12979700 82.617263
20150318 83.540001 86.370003 83.43 86.07 18745700 84.572641
20150319 85.190002 85.50 84.330002 84.410004 12738500 82.941524
20150320 84.669998 85.400002 84.389999 84.540001 36083500 83.06926
20150323 85.019997 85.779999 85.010002 85.43 17450700 83.943776
20150324 85.300003 85.779999 84.50 84.519997 10174300 83.049603
20150325 85.050003 85.57 84.769997 84.860001 11934700 83.383692
20150326 85.300003 85.57 84.089996 84.32 14400700 82.853086
20150327 84.040001 84.050003 83.330002 83.580002 11579300 82.125962
20150330 84.269997 85.82 84.25 85.629997 15653200 84.140293
20150331 84.849998 85.339996 84.459999 85.00 13354000 83.521256
20150401 85.699997 86.00 84.260002 84.459999 14522300 82.99065
20150402 84.089996 84.940002 83.849998 84.300003 11297400 82.833437
20150406 85.150002 85.639999 84.199997 85.129997 10916400 83.648992
20150407 85.010002 86.169998 84.760002 85.75 11836100 84.258208
20150408 85.800003 85.900002 84.019997 84.059998 16257100 82.597607
20150409 84.00 84.730003 83.809998 84.650002 13281800 83.177347
20150410 85.370003 86.040001 84.769997 85.559998 13372400 84.071511
20150413 85.919998 86.25 85.239998 85.339996 9880500 83.855338
20150414 85.599998 87.480003 85.529999 86.629997 15693800 85.122896
20150415 87.139999 88.529999 87.139999 88.080002 15332800 86.547675
20150416 87.879997 88.160004 87.110001 87.730003 9570800 86.203766
20150417 87.139999 87.360001 86.160004 86.93 14430100 85.41768
20150420 87.129997 88.099998 87.080002 87.239998 11593600 85.722285
20150421 87.379997 87.620003 86.690002 86.879997 10100500 85.368547
20150422 87.040001 87.800003 86.339996 87.459999 8663600 85.938459
20150423 87.360001 88.379997 87.309998 87.540001 9866100 86.017069
20150424 87.190002 87.360001 86.660004 86.970001 8405700 85.456985
20150427 87.410004 87.599998 86.760002 87.010002 10534600 85.49629
20150428 87.220001 87.860001 87.040001 87.800003 9633800 86.272548
20150429 87.50 88.07 86.959999 87.870003 12534100 86.341329
20150430 88.669998 88.669998 87.220001 87.370003 13947700 85.850028
20150501 87.849998 88.949997 87.699997 88.849998 12257100 87.304276
20150504 89.419998 89.879997 88.949997 89.110001 10343700 87.559755
20150505 89.970001 90.089996 88.519997 88.610001 11895000 87.068454
20150506 89.650002 89.959999 87.790001 88.190002 11273500 86.655762
20150507 88.00 88.099998 86.919998 87.599998 9992500 86.076022
20150508 88.470001 89.07 87.82 88.989998 11390300 87.44184
20150511 88.529999 88.57 86.650002 86.779999 11997800 85.975563
20150512 86.889999 87.459999 86.419998 87.019997 9788900 86.213336
20150513 87.279999 87.730003 86.400002 86.559998 8629400 85.757601
20150514 86.93 87.339996 86.75 86.970001 8791300 86.163804
20150515 86.800003 87.620003 86.599998 87.349998 8422200 86.540279
20150518 87.309998 87.459999 86.779999 86.849998 6395400 86.044913
20150519 86.470001 87.209999 86.209999 86.989998 9777100 86.183615
20150520 87.389999 87.400002 86.910004 87.129997 7276600 86.322317
20150521 87.279999 87.440002 86.959999 87.209999 8357400 86.401577
20150522 86.989998 87.099998 86.50 86.519997 7598400 85.717971
20150526 86.040001 86.370003 85.029999 85.349998 11289000 84.558818
20150527 85.300003 85.889999 84.769997 85.110001 10778300 84.321045
20150528 85.110001 85.57 84.82 85.110001 8038900 84.321045
20150529 85.099998 85.580002 84.879997 85.199997 14631300 84.410207
20150601 85.25 85.470001 84.800003 85.129997 9077500 84.340856
20150602 85.120003 85.589996 84.910004 85.139999 9328300 84.350766
20150603 85.230003 85.839996 84.860001 84.949997 8179500 84.162525
20150604 84.699997 84.889999 83.779999 84.220001 12607300 83.439296
20150605 84.129997 85.00 83.980003 84.279999 11388500 83.498737
20150608 84.18 85.209999 83.93 84.849998 12244700 84.063453
20150609 85.290001 85.43 84.489998 84.580002 8105500 83.795959
20150610 85.839996 85.970001 85.00 85.209999 10147000 84.420117
20150611 85.300003 85.699997 84.889999 85.089996 7759300 84.301226
20150612 84.580002 84.68 83.860001 84.019997 8347300 83.241145
20150615 83.529999 83.980003 83.190002 83.720001 9563900 82.943931
20150616 83.809998 84.75 83.400002 84.68 9100100 83.895031
20150617 85.029999 85.129997 84.410004 84.730003 9090200 83.94457
20150618 84.800003 85.959999 84.720001 85.480003 10247800 84.687618
20150619 84.919998 85.480003 84.919998 85.209999 16129600 84.420117
20150622 85.389999 85.599998 84.970001 85.169998 9465100 84.380486
20150623 85.220001 85.279999 84.589996 85.07 10223900 84.281415
20150624 84.889999 85.339996 84.660004 84.68 11800100 83.895031
20150625 84.849998 84.849998 83.93 83.93 10259400 83.151983
20150626 83.830002 84.099998 83.489998 83.860001 19023300 83.082632
20150629 83.050003 83.449997 82.800003 82.82 11739200 82.052272
20150630 83.739998 84.900002 82.800003 83.199997 14981100 82.428747
20150701 83.279999 83.529999 82.110001 82.370003 13529100 81.606447
20150702 82.790001 83.279999 82.550003 83.139999 9188000 82.369305
20150706 82.419998 83.059998 82.120003 82.529999 11694400 81.764959
20150707 82.190002 83.230003 81.489998 82.870003 15641500 82.101812
20150708 82.25 82.980003 81.910004 81.970001 10057000 81.210153
20150709 82.870003 83.150002 81.580002 81.599998 11980500 80.84358
20150710 82.089996 82.489998 81.720001 82.220001 8628700 81.457835
20150713 82.110001 82.610001 82.07 82.419998 8026700 81.655979
20150714 82.379997 83.32 82.260002 83.110001 9310200 82.339585
20150715 82.610001 83.419998 82.400002 82.760002 9289200 81.992831
20150716 83.18 83.480003 82.800003 82.910004 8267600 82.141442
20150717 82.510002 82.839996 81.790001 82.610001 12156000 81.84422
20150720 82.150002 82.410004 81.599998 81.760002 12957100 81.002101
20150721 81.93 82.43 81.43 81.660004 8677100 80.903029
20150722 82.349998 82.470001 81.580002 81.790001 13181500 81.031821
20150723 81.730003 81.970001 80.970001 81.139999 10496100 80.387845
20150724 81.160004 81.160004 79.720001 79.940002 14888500 79.198972
20150727 79.230003 80.129997 78.970001 79.260002 14996100 78.525275
20150728 79.699997 82.669998 79.57 82.480003 19777300 81.715427
20150729 82.18 83.199997 81.910004 83.139999 13913800 82.369305
20150730 83.18 83.32 82.419998 83.010002 11139900 82.240513
20150731 81.669998 81.669998 78.93 79.209999 26232700 78.475736
20150803 78.699997 78.93 77.629997 78.059998 15767700 77.336394
20150804 77.879997 78.610001 76.93 77.169998 18874400 76.454645
20150805 77.870003 78.230003 76.900002 77.169998 16544400 76.454645
20150806 76.940002 78.260002 76.910004 78.089996 13005200 77.366115
20150807 77.550003 77.970001 76.620003 76.830002 12187600 76.117801
20150810 77.089996 78.75 77.089996 78.75 14876000 78.020001
20150811 77.010002 78.07 76.330002 77.489998 14486400 77.489998
20150812 77.440002 78.870003 76.959999 78.790001 16492400 78.790001
20150813 78.32 79.290001 78.269997 78.650002 13154100 78.650002
20150814 78.639999 79.279999 78.25 78.360001 9129300 78.360001
20150817 77.93 79.18 77.449997 78.769997 9357800 78.769997
20150818 78.529999 78.669998 77.580002 77.900002 9801600 77.900002
20150819 77.510002 77.580002 75.93 76.230003 16843100 76.230003
20150820 76.00 76.18 74.57 74.57 17772700 74.57
20150821 74.099998 74.889999 72.07 72.129997 25408800 72.129997
20150824 67.989998 71.379997 66.550003 68.720001 35213100 68.720001
20150825 71.309998 71.440002 68.199997 68.709999 30086300 68.709999
20150826 70.629997 72.75 69.150002 72.50 34301700 72.50
20150827 73.800003 74.889999 73.010002 74.849998 24192200 74.849998
20150828 74.709999 75.980003 74.410004 75.07 18979200 75.07
20150831 74.279999 75.550003 73.300003 75.239998 19471700 75.239998
20150901 73.300003 73.349998 71.510002 72.080002 23944000 72.080002
20150902 73.059998 73.239998 72.00 73.230003 16923200 73.230003
20150903 73.639999 74.910004 73.339996 73.790001 13430500 73.790001
20150904 72.93 73.139999 72.25 72.459999 14895900 72.459999
20150908 73.720001 73.720001 72.970001 73.50 13373400 73.50
20150909 74.370003 74.68 71.849998 72.00 17108900 72.00
20150910 72.809998 72.980003 71.800003 72.519997 12310300 72.519997
20150911 72.400002 72.720001 72.010002 72.690002 12131900 72.690002
20150914 72.309998 72.580002 71.760002 72.489998 10677300 72.489998
20150915 72.440002 73.309998 72.410004 72.860001 11887500 72.860001
20150916 73.510002 74.699997 73.370003 74.300003 15158600 74.300003
20150917 74.410004 75.470001 73.849998 74.459999 15367500 74.459999
20150918 73.260002 73.559998 72.120003 72.68 22691000 72.68
20150921 73.099998 73.610001 72.730003 73.389999 10585500 73.389999
20150922 72.349998 73.519997 72.019997 72.739998 14104200 72.739998
20150923 72.870003 73.199997 72.290001 72.300003 13777500 72.300003
20150924 72.00 73.150002 71.720001 72.730003 14283800 72.730003
20150925 73.290001 73.529999 72.760002 73.230003 14889600 73.230003
